t	v
0.0	-70.0
0.000159843886914129	-70.00055625689296
0.001310092134920927	-70.00416356606188
0.004879682185136911	-70.0132430390005
0.01035026168727782	-70.02465016037436
0.015820841189418726	-70.03456526307379
0.02431882514285546	-70.04782400818085
0.03802254811584024	-70.06672755059168
0.05172627108882503	-70.08321283871709
0.08618571483558726	-70.11767184021099
0.12064515858234949	-70.14458063365961
0.15510460232911172	-70.16627613261787
0.18956404607587396	-70.18401836030894
0.2240234898226362	-70.19857473917814
0.28616757187859365	-70.21873183375831
0.3483116539345511	-70.23231839143283
0.45080907761333194	-70.24406210225426
0.5533065012921128	-70.24599741405935
0.7352187711092641	-70.23348856746485
0.9171310409264155	-70.20888822513079
1.0990433107435669	-70.17729897260351
1.2809555805607182	-70.14093303776686
1.4628678503778696	-70.10108498942974
1.7663846710299322	-70.02910999432449
2.069901491681995	-69.9530457200593
2.3734183123340573	-69.87495219656358
2.8493160325535105	-69.75096886227118
3.3252137527729637	-69.6274484767863
4.06456006934225	-69.44038091912608
5.185000039137168	-69.17524695980805
6.305440008932085	-68.93616761935075
7.425879978727003	-68.72428540238737
8.54631994852192	-68.54010018006633
9.666759918316837	-68.38201918792643
10.787199888111754	-68.24941082305403
11.907639857906672	-68.13960366153783
13.028079827701589	-68.04927692191063
14.148519797496506	-67.97727602451079
15.268959767291424	-67.92129587820031
16.389399737086343	-67.87905887544495
17.50983970688126	-67.84939288121373
18.226007920475016	-67.83628548131749
18.942176134068774	-67.82737660631827
19.65834434766253	-67.82228026236766
20.37451256125629	-67.82036028624081
21.090680774850046	-67.82111257736956
21.806848988443804	-67.82420567748402
22.52301720203756	-67.82950557930597
23.23918541563132	-67.83695291383862
23.955353629225076	-67.84637677284037
24.671521842818834	-67.85754400417567
25.38769005641259	-67.8702202084642
26.10385827000635	-67.88416240993656
26.820026483600106	-67.89921673128711
27.536194697193864	-67.91526652029692
28.007409550528017	-67.92627142393931
28.47862440386217	-67.93753839284634
28.949839257196324	-67.94905695044251
29.421054110530477	-67.96086031199775
29.89226896386463	-67.97295537448456
30.363483817198784	-67.98530602855732
30.834698670532937	-67.99785229434386
31.30591352386709	-68.01053726864862
31.777128377201244	-68.02332790564071
32.2483432305354	-68.0362095590945
32.71955808386955	-68.04916838138998
33.190772937203704	-68.06218580897286
33.66198779053786	-68.07524031183998
34.13320264387201	-68.08831004216867
34.604417497206164	-68.10137738795262
35.07563235054032	-68.11442845911759
35.54684720387447	-68.12744895905462
36.018062057208624	-68.14042484473804
36.48927691054278	-68.1533433721775
36.96049176387693	-68.16619190746414
37.431706617211084	-68.17895950148076
37.90292147054524	-68.19163784982435
38.37413632387939	-68.20421878246582
38.845351177213544	-68.2166925568343
39.3165660305477	-68.22904910538378
39.78778088388185	-68.24127927701014
40.258995737216004	-68.25337579386368
41.03326827880442	-68.27294919959999
41.80754082039284	-68.29212822911404
42.581813361981254	-68.31089379596914
43.74340188202526	-68.33823351786481
45.76635921863848	-68.38341657784801
47.789316555251695	-68.42539591400777
49.81227389186491	-68.46410870694683
51.83523122847813	-68.499595498108
53.858188565091346	-68.53197891809462
55.88114590170456	-68.56137257802239
57.90410323831778	-68.5879754153165
59.927060574931	-68.61195634626128
61.950017911544215	-68.63338203861714
63.97297524815743	-68.65247821935117
65.99593258477066	-68.66957243503705
68.01888992138387	-68.68490564507347
70.04184725799709	-68.69859753521074
72.06480459461031	-68.7107229759876
74.08776193122353	-68.72139382441216
76.11071926783674	-68.7307564811287
78.13367660444996	-68.7388690955691
80.15663394106318	-68.745827475558
82.1795912776764	-68.75182356975994
84.20254861428961	-68.75705176069918
86.22550595090283	-68.76168180004547
88.24846328751605	-68.76583447132425
92.63823090565575	-68.7729090040056
97.02799852379545	-68.77854199990419
101.41776614193515	-68.78274771750408
105.80753376007485	-68.78604345779773
110.19730137821455	-68.78904298931741
114.58706899635425	-68.79070106564316
115.68451090088918	-68.7909214436679
116.78195280542411	-68.79117547272173
117.87939470995904	-68.7914568508501
118.97683661449398	-68.79175737331704
120.07427851902891	-68.79206772174388
124.367485135609	-68.79310110320364
128.6606917521891	-68.79414122283178
132.95389836876922	-68.79502159572918
137.24710498534932	-68.795679320018
147.2576711508872	-68.79724373075081
157.2682373164251	-68.79864314052462
167.27880348196297	-68.79886896122375
177.28936964750085	-68.8006163880581
182.08704360637347	-68.8012288336257
186.8847175652461	-68.80179896508811
191.6823915241187	-68.80224077914018
196.48006548299134	-68.80212235733273
201.27773944186396	-68.80248155943966
206.07541340073658	-68.80374862733404
210.8730873596092	-68.80496671198122
215.67076131848182	-68.80511329297813
220.46843527735444	-68.80484728388
225.26610923622707	-68.80457134909518
230.0637831950997	-68.80424004705547
234.8614571539723	-68.80415532122979
239.65913111284493	-68.80427683401471
244.45680507171755	-68.80409557267062
249.25447903059018	-68.80425385704206
254.0521529894628	-68.80442644222913
258.8498269483354	-68.80483636706333
263.64750090720804	-68.80539529266281
268.44517486608066	-68.80613392536674
273.2428488249533	-68.80645049292468
278.0405227838259	-68.80662729454023
282.8381967426985	-68.8065754431309
287.63587070157115	-68.80633563347988
292.4335446604438	-68.80652781573374
297.2312186193164	-68.80658639722107
302.028892578189	-68.80636612988579
306.82656653706164	-68.80694344650139
309.21865674354035	-68.80730756340819
311.61074695001906	-68.8075499283374
314.0028371564978	-68.80775514550257
316.3949273629765	-68.80781609073634
318.7870175694552	-68.80768515068729
321.1791077759339	-68.80758865606923
323.5711979824126	-68.80754707644975
325.96328818889134	-68.80732553981889
328.35537839537005	-68.80715107666593
330.74746860184877	-68.80724110858264
333.1395588083275	-68.80712671989036
335.5316490148062	-68.80694995696172
337.9237392212849	-68.8069761290657
340.3158294277636	-68.8069126200881
342.70791963424233	-68.80671925939612
345.10000984072104	-68.80686290596435
347.49210004719976	-68.80699991169082
349.88419025367847	-68.8067085927943
352.2762804601572	-68.80681046770884
353.50636082213265	-68.80702776743176
354.7364411841081	-68.80719674258684
355.9665215460836	-68.80732991195269
357.19660190805905	-68.80746159444998
358.4266822700345	-68.80754116566068
359.65676263201	-68.80756047409504
360.88684299398545	-68.80757469556006
362.1169233559609	-68.8075787778852
363.3470037179364	-68.80754971665074
364.57708407991186	-68.80751988088383
365.8071644418873	-68.80750174842593
367.0372448038628	-68.80747108089939
368.26732516583826	-68.80743740035943
369.4974055278137	-68.80741874586896
370.7274858897892	-68.80739936913002
372.86445025404635	-68.80737265246422
375.0014146183035	-68.80736056340828
378.91783791583515	-68.80734257842276
382.8342612133668	-68.80738385979632
389.4110124907131	-68.80733776673307
395.98776376805944	-68.80735071948004
402.56451504540576	-68.80749209356036
413.31092334304077	-68.80735977795159
424.0573316406758	-68.80755569649943
434.8037399383108	-68.80792859160884
445.5501482359458	-68.80752178620637
456.2965565335808	-68.80787087305232
467.04296483121584	-68.80742930942917
477.78937312885085	-68.80788518581043
488.53578142648587	-68.80737176806738
499.2821897241209	-68.80794491546372
510.0285980217559	-68.80732599800771
520.775006319391	-68.80797872695521
530.9999999999882	-68.80894777358802
531.0000000000059	-68.80894777358802
531.0000687167845	-68.8103427387721
531.0004007432188	-68.81670621316981
531.0016406599718	-68.83722735057896
531.0036457215235	-68.86539120621923
531.0056507830752	-68.89027978318497
531.00918480703	-68.92813362542715
531.0127188309848	-68.96203000283596
531.0180220194645	-69.00719500092744
531.0263050935378	-69.07131409011275
531.034588167611	-69.12909503637799
531.0537194278846	-69.24695940349982
531.0728506881583	-69.34924894977968
531.0919819484319	-69.44167557320803
531.1111132087055	-69.52716498092501
531.1302444689792	-69.60723878125195
531.1644500776412	-69.7400010267209
531.1986556863031	-69.86117827013199
531.2531076650766	-70.035046164513
531.3075596438501	-70.19027344544347
531.3979981202554	-70.41743485969339
531.4884365966606	-70.61724473174841
531.5788750730658	-70.79754779022343
531.669313549471	-70.96293187056072
531.7597520258762	-71.11651648078113
531.9021982129245	-71.33955558679475
532.0446443999729	-71.54533534309317
532.1870905870212	-71.73825140618283
532.4050010607378	-72.01414677554443
532.6229115344545	-72.27200507452497
532.8408220081711	-72.5154509033081
533.2530151585983	-72.94496286995968
533.6652083090254	-73.34075967557594
534.0774014594525	-73.70736453216165
534.4895946098796	-74.04929029283937
534.9017877603068	-74.37000890176942
535.5232159332113	-74.81834605274645
536.1446441061158	-75.22849583907303
536.7660722790204	-75.60351297190823
537.3875004519249	-75.94650803813488
538.0089286248294	-76.26048383946218
539.0581415493511	-76.73098387908524
540.1073544738729	-77.13437814915096
541.1565673983946	-77.47804532169226
542.2057803229163	-77.76830919437509
543.254993247438	-78.01092801789329
544.3042061719598	-78.21102005112165
545.3534190964815	-78.37309921868955
546.4026320210032	-78.50119417915619
547.451844945525	-78.59893246540557
548.5010578700467	-78.66963982023809
549.5502707945684	-78.71639638244878
550.5994837190901	-78.7420226517765
551.6486966436119	-78.7491338884662
552.6979095681336	-78.74012209339978
553.7471224926553	-78.71710032738889
554.796335417177	-78.68199718659953
555.8455483416988	-78.63659424006288
556.8947612662205	-78.58250173205593
557.9439741907422	-78.52126385157648
558.9931871152639	-78.45427378135112
559.701744285663	-78.40631060746858
560.4103014560621	-78.35642192929984
561.1188586264612	-78.30493165754197
561.8274157968604	-78.25224776074103
562.5359729672595	-78.19874807678792
563.2445301376586	-78.14472303977678
563.9530873080577	-78.09035898449994
564.6616444784568	-78.03578655491522
565.3702016488559	-77.98115670369289
566.078758819255	-77.92663670410325
566.7873159896541	-77.87238110316895
567.4958731600532	-77.81853929389695
568.2044303304523	-77.76523305328115
568.9129875008514	-77.71254827305673
569.402641721871	-77.67655405383299
569.8922959428905	-77.64095955084966
570.3819501639101	-77.60580888677632
570.8716043849297	-77.57111510559922
571.3612586059493	-77.53687336138677
571.8509128269689	-77.50308093605251
572.3405670479884	-77.46974618922245
572.830221269008	-77.43688762045079
573.3198754900276	-77.40452612778893
573.8095297110472	-77.37267791048423
574.2991839320667	-77.3413542355573
574.7888381530863	-77.31056386642047
575.2784923741059	-77.28031414397641
576.0783689881067	-77.2320788541106
576.8782456021075	-77.18532467827534
577.6781222161084	-77.14006199507423
578.4779988301092	-77.09629539245769
579.8521020242538	-77.02460140779637
581.2262052183984	-76.95729552310782
583.4089323011536	-76.85918090889959
585.5916593839089	-76.77147151627872
587.7743864666642	-76.69355778183032
589.9571135494194	-76.6246789023944
592.1398406321747	-76.56405518580249
594.32256771493	-76.51090469480903
596.5052947976852	-76.46444979595725
598.6880218804405	-76.42395617379977
600.8707489631958	-76.38871399744374
603.053476045951	-76.35802647333382
605.2362031287063	-76.33130861622892
607.4189302114615	-76.30809956863602
609.6016572942168	-76.28801252507424
611.7843843769721	-76.27063510396505
613.9671114597273	-76.25545816925859
616.1498385424826	-76.24210661996682
618.3325656252379	-76.23042015929468
620.5152927079931	-76.22017715335751
622.6980197907484	-76.21114281456721
624.8807468735037	-76.20315957412824
627.0634739562589	-76.19612364642205
629.2462010390142	-76.19002409578316
631.4289281217694	-76.18471304854998
633.6116552045247	-76.17999730794197
635.79438228728	-76.17577243263376
637.9771093700352	-76.17190422906386
640.1598364527905	-76.16824813098762
642.3425635355458	-76.16456147710437
644.525290618301	-76.16085056807025
646.7080177010563	-76.15729925473295
648.8907447838116	-76.153999286129
651.0734718665668	-76.15104689124662
653.2561989493221	-76.148541166539
655.4389260320773	-76.14636016259415
657.6216531148326	-76.14430342929653
659.8043801975879	-76.14226096736664
661.9871072803431	-76.14037488867699
664.1698343630984	-76.13861191448217
666.3525614458537	-76.13660112837937
668.5352885286089	-76.13423901834398
670.7180156113642	-76.1317894676539
672.9007426941195	-76.12970434687954
675.0834697768747	-76.12809866403744
677.26619685963	-76.12678314333262
679.4489239423852	-76.12564274135485
681.6316510251405	-76.12445140242623
683.8143781078958	-76.12280740143157
685.997105190651	-76.12134370394594
687.1270788135711	-76.12093641220476
688.2570524364911	-76.12074998077156
689.3870260594111	-76.12061421079535
690.5169996823312	-76.12037609008246
691.6469733052512	-76.1199370160192
693.4967508914509	-76.11887617226488
695.3465284776506	-76.11753597676177
697.1963060638503	-76.11610204182928
699.04608365005	-76.11469390158587
701.9160660376472	-76.11263740379054
704.7860484252443	-76.11076457636743
707.6560308128414	-76.10910896377911
713.259709298199	-76.10620505920521
718.8633877835566	-76.10389820098695
724.4670662689142	-76.10184981322463
730.0707447542718	-76.10015853513045
735.6744232396294	-76.09877370542274
741.278101724987	-76.09780527009171
746.8817802103446	-76.09643194469542
752.4854586957022	-76.09501160539651
758.0891371810598	-76.09433043406516
763.6928156664173	-76.09314941977206
766.638511098686	-76.09244386505009
769.5842065309546	-76.0917439787743
772.5299019632232	-76.09116986657325
775.4755973954918	-76.09069348402024
778.4212928277605	-76.09012691104324
781.3669882600291	-76.08959517449733
784.3126836922977	-76.08931434420438
787.2583791245663	-76.08914042014104
790.2040745568349	-76.08891377453607
793.1497699891036	-76.08851866189237
798.0756376426345	-76.08788840505468
803.0015052961655	-76.08715930579423
807.9273729496965	-76.08664873861908
812.8532406032275	-76.0864310896427
817.7791082567585	-76.08563699453083
820.2349836639754	-76.08516638004774
822.6908590711923	-76.08494338306456
825.1467344784093	-76.0848235207463
827.6026098856262	-76.0847445806908
830.0584852928431	-76.08460275165737
832.51436070006	-76.08442398248495
834.970236107277	-76.0843370625531
836.0887675890967	-76.08432565324699
837.2072990709165	-76.0843167089042
838.3258305527363	-76.08430494963534
841.0185470921205	-76.08421120731508
843.7112636315046	-76.08409642734499
846.4039801708888	-76.08397812477129
857.7161761273966	-76.08347906475875
882.0281684499212	-76.08299351592017
906.3401607724458	-76.08176376864633
930.6521530949703	-76.08287047688817
930.9999999999793	-76.08284788864013
931.0000000000103	-76.08284788864013
931.0000687164586	-76.08145290986634
931.0004007394963	-76.07508921551877
931.001640612579	-76.05456569574488
931.003645465486	-76.02639568981623
931.005650318393	-76.00149755032933
931.0091831589721	-75.96362709286322
931.0127159995511	-75.92970693813469
931.0180158536612	-75.88450622489346
931.0262963403549	-75.82029439560405
931.0345768270486	-75.76240371460129
931.0537070886485	-75.64420268865362
931.0728373502484	-75.54151807454122
931.0919676118483	-75.44864716855207
931.1110978734482	-75.36267071782794
931.1302281350481	-75.2820728944357
931.1644228998659	-75.14833411884649
931.1986176646838	-75.02609713299051
931.253039627105	-74.85045566534765
931.3074615895262	-74.69334531254759
931.397957027136	-74.46267816847089
931.4884524647459	-74.2593692093815
931.5789479023558	-74.07563798369151
931.6694433399657	-73.90691159953882
931.7599387775756	-73.75008049420178
931.9025611147234	-73.52199348200944
932.0451834518713	-73.31142112556428
932.1878057890191	-73.11394935597102
932.4060611607628	-72.83139803382932
932.6243165325064	-72.5673384778258
932.8425719042501	-72.31809870236766
933.2549104471831	-71.87915342210492
933.667248990116	-71.47504200812254
934.079587533049	-71.10124045152811
934.491926075982	-70.75311578377722
934.9042646189149	-70.4272333128349
935.5227831046326	-69.97518266587592
936.1413015903503	-69.5629993574364
936.759820076068	-69.18759668856718
937.3783385617857	-68.84571544182593
937.9968570475033	-68.53411153145989
939.0330413146621	-68.07337162445017
940.0692255818209	-67.68086008245982
941.1054098489797	-67.34839153020931
942.1415941161384	-67.06900751817844
943.1777783832972	-66.83626440756733
944.213962650456	-66.64458197477093
945.2501469176148	-66.48911324166687
946.2863311847735	-66.36556163676474
947.3225154519323	-66.27016737122692
948.3586997190911	-66.19949505310561
949.3948839862499	-66.15044100320766
950.4310682534086	-66.12036000254575
951.4672525205674	-66.10686701617507
952.5034367877262	-66.10781308069514
953.539621054885	-66.12129488851916
954.5758053220437	-66.14549264355934
955.6119895892025	-66.17881028810301
956.6481738563613	-66.22001184358709
957.68435812352	-66.26793206269093
958.7205423906788	-66.3212432312006
959.7567266578376	-66.3786363617656
960.7929109249964	-66.4391345830371
961.8290951921551	-66.50213172613357
962.8652794593139	-66.56717024364352
963.9014637264727	-66.63377131651026
964.9376479936315	-66.7014013287241
965.9738322607902	-66.76945432035656
967.010016527949	-66.83751482879798
967.7223132579909	-66.88432950143341
968.4346099880328	-66.93122335817237
969.1469067180747	-66.97797583016334
969.8592034481165	-67.02422658533368
970.5715001781584	-67.06973960191316
971.2837969082003	-67.11445593168362
971.9960936382422	-67.158470322123
972.7083903682841	-67.20189074756344
973.420687098326	-67.24470196678627
974.1329838283679	-67.28683120625084
974.8452805584097	-67.32820280737288
975.5575772884516	-67.36874195561613
976.2698740184935	-67.40842427319693
976.9821707485354	-67.44726947586014
977.6944674785773	-67.48528926306489
978.4067642086192	-67.52249819959214
979.119060938661	-67.55888255317373
979.8313576687029	-67.59440802404788
980.5436543987448	-67.62909096890387
981.2559511287867	-67.66293103191195
981.7402852318475	-67.68542472656603
982.2246193349082	-67.70748683572329
982.708953437969	-67.72916427293855
983.1932875410297	-67.75050669533917
983.6776216440904	-67.7715143389583
984.1619557471512	-67.79215362535399
984.6462898502119	-67.81239077010447
985.1306239532727	-67.83221419294526
985.6149580563334	-67.85163701153898
986.0992921593942	-67.87067804284247
986.5836262624549	-67.88934743093263
987.0679603655157	-67.90764848102715
987.5522944685764	-67.92558231288588
988.0366285716372	-67.94315151207577
988.5209626746979	-67.9603622694747
989.0052967777586	-67.97722107897866
989.4896308808194	-67.99373242312683
989.9739649838801	-68.00990086396546
990.4582990869409	-68.02573118487882
990.9426331900016	-68.04122774095957
991.4269672930624	-68.05639574051561
991.9113013961231	-68.07124058147687
992.3956354991839	-68.08576663523445
992.8799696022446	-68.09997867292176
993.3643037053054	-68.11388267223514
993.8486378083661	-68.12748439008547
994.3329719114269	-68.14078858337905
995.1668734975979	-68.16301205247268
996.0007750837689	-68.18439474565551
996.8346766699399	-68.2049656925225
998.0863489443918	-68.23437038440863
1000.1413470914383	-68.27901001787994
1002.1963452384848	-68.31944465716704
1004.2513433855313	-68.35601809423179
1006.3063415325778	-68.38911263297432
1008.3613396796243	-68.41907553213215
1010.4163378266708	-68.44620915772614
1012.4713359737173	-68.47078461594423
1014.5263341207637	-68.49298034783888
1016.5813322678102	-68.51303709616514
1018.6363304148567	-68.53125284103838
1020.6913285619032	-68.54786491243003
1022.7463267089497	-68.56309040814513
1024.8013248559962	-68.57700581343583
1026.8563230030427	-68.58961275847662
1028.9113211500892	-68.60104895620617
1030.9663192971357	-68.61147786806312
1033.0213174441822	-68.62092319935824
1035.0763155912286	-68.62968571623018
1036.1717403570622	-68.634186616491
1037.2671651228957	-68.63854729911272
1038.3625898887292	-68.64270553445748
1039.4580146545627	-68.64663608149537
1040.5534394203962	-68.65036075392032
1042.7811533561626	-68.65750307920034
1045.008867291929	-68.66417121799549
1047.2365812276953	-68.67042355915954
1049.4642951634617	-68.67628560895703
1051.692009099228	-68.68181817066123
1053.9197230349944	-68.68699927820242
1056.1474369707607	-68.69184856122799
1058.375150906527	-68.69645986463883
1060.6028648422935	-68.7007976437695
1062.8305787780598	-68.70485054957204
1065.0582927138262	-68.708765924327
1067.2860066495925	-68.7124947875748
1069.513720585359	-68.71602191788853
1071.7414345211253	-68.71945800995337
1073.9691484568916	-68.72270322951913
1076.196862392658	-68.72566737670034
1078.4245763284243	-68.72858270878154
1080.6522902641907	-68.73144610269361
1082.880004199957	-68.73399334506131
1085.1077181357234	-68.73650021135526
1087.3354320714898	-68.73898759807841
1089.5631460072561	-68.74141710436143
1091.7908599430225	-68.74387881400253
1094.0185738787889	-68.74619632943913
1096.2462878145552	-68.74826823076114
1098.4740017503216	-68.75021616087744
1100.701715686088	-68.7520152740346
1102.9294296218543	-68.7537479738196
1105.1571435576207	-68.75557318176104
1107.384857493387	-68.75735637423683
1109.6125714291534	-68.75897017487543
1111.8402853649197	-68.7605338151305
1114.067999300686	-68.76197770913954
1116.2957132364525	-68.7633791997288
1118.5234271722188	-68.7649352743419
1120.7511411079852	-68.76652167471211
1122.9788550437515	-68.76807555851961
1125.206568979518	-68.76959808681082
1127.4342829152843	-68.77096424015024
1129.6619968510506	-68.7721718273865
1130.999999999975	-68.7728592149664
1131.0000000000127	-68.7728592149664
