t	v
0.0	-70.0
0.000159843886914129	-70.00055625689296
0.001310092134920927	-70.00416356606188
0.004879682185136911	-70.0132430390005
0.01035026168727782	-70.02465016037436
0.015820841189418726	-70.03456526307379
0.02431882514285546	-70.04782400818085
0.03802254811584024	-70.06672755059168
0.05172627108882503	-70.08321283871709
0.08618571483558726	-70.11767184021099
0.12064515858234949	-70.14458063365961
0.15510460232911172	-70.16627613261787
0.18956404607587396	-70.18401836030894
0.2240234898226362	-70.19857473917814
0.28616757187859365	-70.21873183375831
0.3483116539345511	-70.23231839143283
0.45080907761333194	-70.24406210225426
0.5533065012921128	-70.24599741405935
0.7352187711092641	-70.23348856746485
0.9171310409264155	-70.20888822513079
1.0990433107435669	-70.17729897260351
1.2809555805607182	-70.14093303776686
1.4628678503778696	-70.10108498942974
1.7663846710299322	-70.02910999432449
2.069901491681995	-69.9530457200593
2.3734183123340573	-69.87495219656358
2.8493160325535105	-69.75096886227118
3.3252137527729637	-69.6274484767863
4.06456006934225	-69.44038091912608
5.185000039137168	-69.17524695980805
6.305440008932085	-68.93616761935075
7.425879978727003	-68.72428540238737
8.54631994852192	-68.54010018006633
9.666759918316837	-68.38201918792643
10.787199888111754	-68.24941082305403
11.907639857906672	-68.13960366153783
13.028079827701589	-68.04927692191063
14.148519797496506	-67.97727602451079
15.268959767291424	-67.92129587820031
16.389399737086343	-67.87905887544495
17.50983970688126	-67.84939288121373
18.226007920475016	-67.83628548131749
18.942176134068774	-67.82737660631827
19.65834434766253	-67.82228026236766
20.37451256125629	-67.82036028624081
21.090680774850046	-67.82111257736956
21.806848988443804	-67.82420567748402
22.52301720203756	-67.82950557930597
23.23918541563132	-67.83695291383862
23.955353629225076	-67.84637677284037
24.671521842818834	-67.85754400417567
25.38769005641259	-67.8702202084642
26.10385827000635	-67.88416240993656
26.820026483600106	-67.89921673128711
27.536194697193864	-67.91526652029692
28.007409550528017	-67.92627142393931
28.47862440386217	-67.93753839284634
28.949839257196324	-67.94905695044251
29.421054110530477	-67.96086031199775
29.89226896386463	-67.97295537448456
30.363483817198784	-67.98530602855732
30.834698670532937	-67.99785229434386
31.30591352386709	-68.01053726864862
31.777128377201244	-68.02332790564071
32.2483432305354	-68.0362095590945
32.71955808386955	-68.04916838138998
33.190772937203704	-68.06218580897286
33.66198779053786	-68.07524031183998
34.13320264387201	-68.08831004216867
34.604417497206164	-68.10137738795262
35.07563235054032	-68.11442845911759
35.54684720387447	-68.12744895905462
36.018062057208624	-68.14042484473804
36.48927691054278	-68.1533433721775
36.96049176387693	-68.16619190746414
37.431706617211084	-68.17895950148076
37.90292147054524	-68.19163784982435
38.37413632387939	-68.20421878246582
38.845351177213544	-68.2166925568343
39.3165660305477	-68.22904910538378
39.78778088388185	-68.24127927701014
40.258995737216004	-68.25337579386368
41.03326827880442	-68.27294919959999
41.80754082039284	-68.29212822911404
42.581813361981254	-68.31089379596914
43.74340188202526	-68.33823351786481
45.76635921863848	-68.38341657784801
47.789316555251695	-68.42539591400777
49.81227389186491	-68.46410870694683
51.83523122847813	-68.499595498108
53.858188565091346	-68.53197891809462
55.88114590170456	-68.56137257802239
57.90410323831778	-68.5879754153165
59.927060574931	-68.61195634626128
61.950017911544215	-68.63338203861714
63.97297524815743	-68.65247821935117
65.99593258477066	-68.66957243503705
68.01888992138387	-68.68490564507347
70.04184725799709	-68.69859753521074
72.06480459461031	-68.7107229759876
74.08776193122353	-68.72139382441216
76.11071926783674	-68.7307564811287
78.13367660444996	-68.7388690955691
80.15663394106318	-68.745827475558
82.1795912776764	-68.75182356975994
84.20254861428961	-68.75705176069918
86.22550595090283	-68.76168180004547
88.24846328751605	-68.76583447132425
92.63823090565575	-68.7729090040056
97.02799852379545	-68.77854199990419
101.41776614193515	-68.78274771750408
105.80753376007485	-68.78604345779773
110.19730137821455	-68.78904298931741
114.58706899635425	-68.79070106564316
115.68451090088918	-68.7909214436679
116.78195280542411	-68.79117547272173
117.87939470995904	-68.7914568508501
118.97683661449398	-68.79175737331704
120.07427851902891	-68.79206772174388
124.367485135609	-68.79310110320364
128.6606917521891	-68.79414122283178
132.95389836876922	-68.79502159572918
137.24710498534932	-68.795679320018
147.2576711508872	-68.79724373075081
157.2682373164251	-68.79864314052462
167.27880348196297	-68.79886896122375
177.28936964750085	-68.8006163880581
182.08704360637347	-68.8012288336257
186.8847175652461	-68.80179896508811
191.6823915241187	-68.80224077914018
196.48006548299134	-68.80212235733273
201.27773944186396	-68.80248155943966
206.07541340073658	-68.80374862733404
210.8730873596092	-68.80496671198122
215.67076131848182	-68.80511329297813
220.46843527735444	-68.80484728388
225.26610923622707	-68.80457134909518
230.0637831950997	-68.80424004705547
234.8614571539723	-68.80415532122979
239.65913111284493	-68.80427683401471
244.45680507171755	-68.80409557267062
249.25447903059018	-68.80425385704206
254.0521529894628	-68.80442644222913
258.8498269483354	-68.80483636706333
263.64750090720804	-68.80539529266281
268.44517486608066	-68.80613392536674
273.2428488249533	-68.80645049292468
278.0405227838259	-68.80662729454023
282.8381967426985	-68.8065754431309
287.63587070157115	-68.80633563347988
292.4335446604438	-68.80652781573374
297.2312186193164	-68.80658639722107
302.028892578189	-68.80636612988579
306.82656653706164	-68.80694344650139
309.21865674354035	-68.80730756340819
311.61074695001906	-68.8075499283374
314.0028371564978	-68.80775514550257
316.3949273629765	-68.80781609073634
318.7870175694552	-68.80768515068729
321.1791077759339	-68.80758865606923
323.5711979824126	-68.80754707644975
325.96328818889134	-68.80732553981889
328.35537839537005	-68.80715107666593
330.74746860184877	-68.80724110858264
333.1395588083275	-68.80712671989036
335.5316490148062	-68.80694995696172
337.9237392212849	-68.8069761290657
340.3158294277636	-68.8069126200881
342.70791963424233	-68.80671925939612
345.10000984072104	-68.80686290596435
347.49210004719976	-68.80699991169082
349.88419025367847	-68.8067085927943
352.2762804601572	-68.80681046770884
353.50636082213265	-68.80702776743176
354.7364411841081	-68.80719674258684
355.9665215460836	-68.80732991195269
357.19660190805905	-68.80746159444998
358.4266822700345	-68.80754116566068
359.65676263201	-68.80756047409504
360.88684299398545	-68.80757469556006
362.1169233559609	-68.8075787778852
363.3470037179364	-68.80754971665074
364.57708407991186	-68.80751988088383
365.8071644418873	-68.80750174842593
367.0372448038628	-68.80747108089939
368.26732516583826	-68.80743740035943
369.4974055278137	-68.80741874586896
370.7274858897892	-68.80739936913002
372.86445025404635	-68.80737265246422
375.0014146183035	-68.80736056340828
378.91783791583515	-68.80734257842276
382.8342612133668	-68.80738385979632
389.4110124907131	-68.80733776673307
395.98776376805944	-68.80735071948004
402.56451504540576	-68.80749209356036
413.31092334304077	-68.80735977795159
424.0573316406758	-68.80755569649943
434.8037399383108	-68.80792859160884
445.5501482359458	-68.80752178620637
456.2965565335808	-68.80787087305232
467.04296483121584	-68.80742930942917
477.78937312885085	-68.80788518581043
488.53578142648587	-68.80737176806738
499.2821897241209	-68.80794491546372
510.0285980217559	-68.80732599800771
520.775006319391	-68.80797872695521
530.9999999999882	-68.80894777358802
531.0000000000059	-68.80894777358802
531.0000687161044	-68.8075528074543
531.0004007377171	-68.80118935496826
531.0016406525953	-68.78066803973898
531.003645707343	-68.75250402549925
531.0056507620908	-68.72761533726651
531.0091847674295	-68.68976145859085
531.0127187727682	-68.65586510192333
531.0180219276741	-68.61070029394305
531.0263049496187	-68.54658164543154
531.0345879715634	-68.48880138260361
531.0537189061384	-68.37094091730162
531.0728498407135	-68.26865682787884
531.0919807752886	-68.17623759369869
531.1111117098636	-68.09075793669241
531.1302426444387	-68.01069655093579
531.1644471718786	-67.87796592720115
531.1986516993185	-67.75683020079397
531.2531023894479	-67.58304915866555
531.3075530795774	-67.42793658264044
531.3979899058728	-67.20102566567031
531.4884267321683	-67.00153553683182
531.5788635584637	-66.82161084509829
531.6693003847591	-66.65665383345707
531.7597372110546	-66.50353272808009
531.9021323286531	-66.28134573289275
532.0445274462517	-66.07644621987991
532.1869225638502	-65.88442367499123
532.4048651030333	-65.60975779760639
532.6228076422165	-65.35310906137366
532.8407501813996	-65.1108159801445
533.2536266189245	-64.68260624762672
533.6665030564494	-64.28777458970998
534.0793794939743	-63.921628965847134
534.4922559314992	-63.57961657100234
534.9051323690242	-63.257923237054705
535.5532782382015	-62.78865487318996
536.2014241073789	-62.358156630259245
536.8495699765563	-61.9618710225061
537.4977158457336	-61.595753175873355
538.145861714911	-61.2566902766345
539.1507845225874	-60.77829058650006
540.1557073302638	-60.34942269798694
541.1606301379402	-59.96199540405698
542.1655529456166	-59.61049166257191
543.170475753293	-59.28998231989398
544.1753985609694	-58.996760330333906
545.1803213686458	-58.72615735118543
546.1852441763222	-58.476189973484885
547.1901669839986	-58.24350740406615
548.195089791675	-58.02637353573573
549.2000125993513	-57.82123432047419
550.2049354070277	-57.62812627331113
551.2098582147041	-57.44194261970506
552.2147810223805	-57.26769190129592
553.2197038300569	-57.09192352717115
554.2246266377333	-56.9218972119824
555.2295494454097	-56.75850123191893
556.2344722530861	-56.589674467691175
557.2393950607625	-56.42323665309528
558.2443178684389	-56.25109323343599
559.2492406761153	-56.07012838609766
560.2541634837917	-55.87823009631748
560.6636482462916	-55.794241410010585
561.0731330087915	-55.70729135054116
561.4826177712914	-55.61543150105316
561.8921025337913	-55.518276887486294
562.5102652746588	-55.35811149618217
563.1284280155262	-55.1799894035533
563.7465907563936	-54.97637914612745
564.3647534972611	-54.73749566061414
564.9829162381285	-54.452905019083026
565.6010789789959	-54.09706991214225
566.2192417198634	-53.62791695049096
566.8374044607308	-52.983939323989176
566.9919451459476	-52.77640418874237
567.1464858311645	-52.534695412922716
567.3010265163813	-52.2539579160056
567.4555672015981	-51.925004630529386
567.5529764796285	-51.686242017931484
567.6503857576588	-51.41521477812057
567.7109205012498	-51.22667857959857
567.7714552448408	-51.01915130246956
567.8098828920042	-50.875878216582834
567.8483105391676	-50.722128998785024
567.8867381863311	-50.55626263047932
567.9099074735818	-50.44959834690177
567.9330767608326	-50.33725714336904
567.9562460480834	-50.218572288621004
567.9794153353341	-50.09273313503138
567.9930894105527	-50.014732649982925
568.0067634857712	-49.93366335398752
568.0204375609898	-49.84923989833105
568.0341116362083	-49.76113043641558
568.0477857114269	-49.66894440427099
568.0614597866454	-49.572217638512
568.075133861864	-49.470394940818395
568.0888079370825	-49.362808533103255
568.102482012301	-49.24866016505928
568.1161560875196	-49.12699698249383
568.1298301627381	-48.99669108263884
568.1435042379567	-48.85642746907325
568.1571783131752	-48.70470105632722
568.1708523883938	-48.53982772941674
568.1845264636123	-48.35997241489342
568.1982005388309	-48.163196321755656
568.2118746140494	-47.947523490554566
568.225548689268	-47.71101919300043
568.2392227644865	-47.45186353750069
568.252896839705	-47.168393980523796
568.2665709149236	-46.85908232658124
568.2802449901421	-46.522457873305754
568.2939190653607	-46.15690865462683
568.3075931405792	-45.76052817317712
568.3212672157978	-45.33091748410234
568.3349412910163	-44.86503706263822
568.3486153662349	-44.359104590941946
568.3622894414534	-43.80854331784661
568.375963516672	-43.207952504576724
568.3896375918905	-42.5510260268968
568.403311667109	-41.83030302237386
568.4169857423276	-41.03665516148159
568.4306598175461	-40.15833968610749
568.4443338927647	-39.17954987325206
568.4580079679832	-38.078324821292085
568.4716820432018	-36.82370653530176
568.4853561184203	-35.372454625730924
568.492510143162	-34.51674979791887
568.4996641679037	-33.581434849606985
568.5068181926454	-32.55614334341834
568.513972217387	-31.430854408358265
568.5211262421287	-30.196083856458486
568.5282802668704	-28.843385022690164
568.5354342916121	-27.365454272906454
568.5425883163538	-25.755780527988737
568.5497423410955	-24.00810989694214
568.5568963658371	-22.116276221098484
568.5640503905788	-20.07474827722046
568.5712044153205	-17.87959979944548
568.5783584400622	-15.530171942390405
568.5855124648039	-13.030780586321008
568.5926664895455	-10.392255891358662
568.5998205142872	-7.632209394505405
568.6069745390289	-4.7759356329597225
568.6141285637706	-1.8582952183889971
568.6212825885123	1.0790898501162123
568.6284366132539	3.9910265060213383
568.6355906379956	6.832514738255036
568.6427446627373	9.562499054685635
568.649898687479	12.14704444675829
568.6570527122207	14.56127041054394
568.6642067369623	16.789831269007472
568.671360761704	18.82616344469812
568.6785147864457	20.67095951244851
568.6856688111874	22.3303449633391
568.6928228359291	23.8141147310841
568.6999768606707	25.134231657943687
568.7071308854124	26.303660804065313
568.7142849101541	27.335532412602102
568.7214389348958	28.24258687262501
568.7285929596375	29.03683866374726
568.7357469843791	29.72939700213858
568.7466237073851	30.610044456538567
568.757500430391	31.31026477883858
568.768377153397	31.85645250181598
568.7792538764029	32.27072308508782
568.7901305994088	32.571833549981044
568.8010073224148	32.77568405821943
568.8118840454207	32.89559299803893
568.8227607684266	32.94266651285411
568.8336374914326	32.926210522873255
568.8445142144385	32.854158805884076
568.8553909374444	32.733317780546294
568.8662676604504	32.569520428325
568.8771443834563	32.3677635899353
568.8880211064622	32.13234449504298
568.8988978294682	31.86698295875777
568.9097745524741	31.574914926324023
568.92065127548	31.258959119306983
568.931527998486	30.921569486540175
568.9424047214919	30.56488335770475
568.9532814444979	30.190766817885237
568.9641581675038	29.800855373663246
568.9750348905097	29.396584599906014
568.9859116135157	28.979220480546505
568.9967883365216	28.549880573562618
569.0076650595275	28.10955126070491
569.0185417825335	27.659101992993577
569.0294185055394	27.199297521728017
569.0402952285453	26.730810567517803
569.0511719515513	26.254236725916236
569.0620486745572	25.770111158596638
569.0729253975632	25.278924610669982
569.0838021205691	24.781136183465346
569.094678843575	24.27718193257756
569.105555566581	23.767479981692013
569.1164322895869	23.252433234820057
569.1273090125928	22.732430405921317
569.1381857355988	22.20784590300178
569.1490624586047	21.679039192252084
569.1599391816106	21.14635417874048
569.1708159046166	20.610118779541406
569.1816926276225	20.07064461927145
569.1925693506284	19.528226451410116
569.2034460736344	18.983141647252236
569.2143227966403	18.435649395467685
569.2251995196463	17.885989989724262
569.2360762426522	17.33438458032866
569.2469529656581	16.78103560114329
569.2578296886641	16.226127892316722
569.26870641167	15.669830384540367
569.2795831346759	15.11229814152898
569.2904598576819	14.553674550259858
569.3013365806878	13.99409346549369
569.3122133036937	13.433681152044791
569.3230900266997	12.87255792733746
569.3339667497056	12.310839467005293
569.3448434727115	11.748637767525505
569.3557201957175	11.1860617710435
569.3665969187234	10.623217679573347
569.3774736417294	10.06020902433938
569.3883503647353	9.497136586520964
569.3992270877412	8.93409825352452
569.4101038107472	8.371188934673725
569.4209805337531	7.808500437310397
569.431857256759	7.246121407441561
569.442733979765	6.684137292435788
569.4536107027709	6.12263029774091
569.4644874257768	5.561679337759021
569.4753641487828	5.001359991863657
569.4862408717887	4.4417444755293936
569.4971175947946	3.882901631726973
569.5079943178006	3.3248969439583433
569.5188710408065	2.767792570324149
569.5297477638125	2.2116473967259287
569.5406244868184	1.6565171062723574
569.5515012098243	1.1024542614377273
569.5623779328303	0.5495083953495061
569.5732546558362	-0.002273891709397054
569.5841313788421	-0.5528488348590895
569.5950081018481	-1.1021754103791583
569.605884824854	-1.6502152478625398
569.6167615478599	-2.196932550618849
569.6276382708659	-2.7422940250376855
569.6385149938718	-3.2862688188538964
569.6493917168777	-3.8288284675598576
569.6602684398837	-4.3699468614204395
569.6711451628896	-4.90960015726318
569.6820218858956	-5.447766655535808
569.6928986089015	-5.984425739834623
569.7037753319074	-6.519555298901474
569.7146520549134	-7.053129836323305
569.7255287779193	-7.585121590760511
569.7364055009252	-8.11550255313559
569.7472822239312	-8.644244821550148
569.7581589469371	-9.171318635117686
569.7748590193027	-9.977269123869933
569.7915590916682	-10.77908147008486
569.8082591640338	-11.57658611925566
569.8249592363993	-12.369572275290391
569.8416593087649	-13.156949583691006
569.8583593811304	-13.938436783360764
569.875059453496	-14.713755255257782
569.8917595258615	-15.482494289176492
569.9084595982271	-16.244226060052195
569.9251596705926	-16.998811614486243
569.9418597429582	-17.7462369508114
569.9585598153237	-18.48648558954733
569.9752598876893	-19.21952451364022
569.9919599600548	-19.94532705060707
570.0086600324204	-20.66391916406361
570.0253601047859	-21.375362724879572
570.0420601771515	-22.079704369193298
570.058760249517	-22.77697816840756
570.0754603218826	-23.467229284300362
570.0921603942481	-24.150501689310136
570.1037570631478	-24.620879814735087
570.1153537320474	-25.087907695051452
570.1269504009471	-25.55159092409866
570.1385470698467	-26.01193223970109
570.1501437387464	-26.46892527732495
570.161740407646	-26.922554628678647
570.1733370765456	-27.37279858349398
570.1849337454453	-27.819629753990018
570.1965304143449	-28.263014016681446
570.2081270832446	-28.70290998683411
570.2197237521442	-29.13926955196364
570.2313204210438	-29.572038779629914
570.2429170899435	-30.001158529896024
570.2545137588431	-30.426564564375628
570.2661104277428	-30.848187477057305
570.2777070966424	-31.265952917959744
570.2893037655421	-31.679782163118993
570.3009004344417	-32.08959271663806
570.3124971033413	-32.49529878467465
570.324093772241	-32.89681177152992
570.3356904411406	-33.294040937246066
570.3472871100403	-33.686894162231944
570.3588837789399	-34.075278766968
570.3704804478396	-34.45910240164579
570.3820771167392	-34.83827396467358
570.3936737856388	-35.21270370077352
570.4052704545385	-35.58230394492722
570.4168671234381	-35.94698949535305
570.4284637923378	-36.30667821812812
570.4400604612374	-36.66129180522862
570.451657130137	-37.01075616203401
570.4632537990367	-37.35500158114467
570.4748504679363	-37.69396355268303
570.486447136836	-38.027583663657516
570.4980438057356	-38.35580966069965
570.5096404746353	-38.678595429425215
570.5212371435349	-38.99590199995191
570.5328338124345	-39.30769810024636
570.5444304813342	-39.61395956877255
570.5560271502338	-39.91466952427985
570.5676238191335	-40.20981920668496
570.5792204880331	-40.4994079864117
570.5908171569328	-40.78344319205231
570.6024138258324	-41.061939867046604
570.614010494732	-41.33491990369781
570.6256071636317	-41.60241322837452
570.6372038325313	-41.86445698090832
570.648800501431	-42.12109410025584
570.6603971703306	-42.372375997912734
570.6719938392303	-42.618388339266374
570.6835905081299	-42.85928076568998
570.6951871770295	-43.09514639911907
570.7067838459292	-43.32606780134333
570.7183805148288	-43.552150552904955
570.7299771837285	-43.77350193627982
570.7415738526281	-43.990214629503775
570.7531705215277	-44.202373098088636
570.7647671904274	-44.41006361615037
570.776363859327	-44.61337656990232
570.7879605282267	-44.81240382727771
570.7995571971263	-45.00723673595513
570.811153866026	-45.19796621323569
570.8227505349256	-45.38468338099276
570.8343472038252	-45.567479883617814
570.8459438727249	-45.7464480834797
570.8575405416245	-45.92168103930047
570.8691372105242	-46.09327213449057
570.8807338794238	-46.261314654538054
570.8923305483235	-46.42590158485947
570.9039272172231	-46.58712550280629
570.9155238861227	-46.7450784322375
570.9271205550224	-46.89985170027964
570.938717223922	-47.051535810133
570.9503138928217	-47.200220298375015
570.9619105617213	-47.345993625054135
570.973507230621	-47.48894314859063
570.9851038995206	-47.629155130738056
570.9967005684202	-47.76671469410753
571.0082972373199	-47.90170574687936
571.0198939062195	-48.03421093407802
571.0314905751192	-48.16431161878673
571.0430872440188	-48.29208785094228
571.0546839129184	-48.41761830757236
571.0662805818181	-48.54098022791494
571.0778772507177	-48.66224937231015
571.0894739196174	-48.78149993720563
571.101070588517	-48.89880454198679
571.1126672574167	-49.01423415872284
571.1242639263163	-49.12785803978657
571.135860595216	-49.23974366796271
571.1474572641156	-49.34995672531592
571.1590539330152	-49.458561075471785
571.1706506019149	-49.565618754887545
571.1822472708145	-49.67118996616412
571.1938439397142	-49.775333070743294
571.2054406086138	-49.87810458671919
571.2170372775134	-49.979559196557396
571.2286339464131	-50.07974976072322
571.2402306153127	-50.17872733106808
571.2518272842124	-50.2765411648678
571.2710453435889	-50.43620314845775
571.2902634029654	-50.593004513848705
571.3094814623419	-50.74713793572053
571.3286995217184	-50.898783919826506
571.3479175810949	-51.048111122074666
571.3671356404714	-51.19527672928079
571.3863536998479	-51.34042702154745
571.4055717592244	-51.48369795127704
571.4247898186009	-51.62521565559692
571.4440078779774	-51.76509692579304
571.4632259373539	-51.90344967483476
571.4824439967304	-52.04037341044307
571.5016620561069	-52.175959696679364
571.5208801154834	-52.31029259308229
571.5400981748598	-52.443449075722754
571.5593162342363	-52.575499446410035
571.5785342936128	-52.70650772836431
571.5977523529893	-52.8365320439596
571.6169704123658	-52.96562497481914
571.6361884717423	-53.09383390798818
571.6554065311188	-53.221201370074915
571.6746245904953	-53.347765350895116
571.6938426498718	-53.47355960078114
571.7130607092483	-53.59861393458132
571.7322787686248	-53.72295451054481
571.7514968280013	-53.84660409635563
571.7707148873778	-53.96958232545486
571.7899329467543	-54.09190594215702
571.8091510061308	-54.21358903460408
571.8283690655073	-54.33464325580465
571.8475871248838	-54.455078033279214
571.8668051842603	-54.57490076767112
571.8860232436368	-54.694117020558636
571.9161762489265	-54.87995153607396
571.9463292542162	-55.064309908599384
571.9764822595058	-55.24719048086222
572.0066352647955	-55.428589233504745
572.0367882700851	-55.60849609485706
572.0669412753748	-55.786895953417236
572.1177206666455	-56.08386254206266
572.1685000579162	-56.37641088302559
572.2192794491868	-56.664406577926584
572.2700588404575	-56.94775466070824
572.3208382317282	-57.22635592287773
572.3716176229989	-57.50011235285552
572.4223970142696	-57.7689360868886
572.4731764055402	-58.03275349457
572.5547098965892	-58.44571711949984
572.6362433876382	-58.84546087488945
572.7177768786871	-59.23195264908365
572.8592407019912	-59.87124386967184
573.0007045252953	-60.471366528907936
573.1421683485994	-61.033799593630896
573.2836321719035	-61.55992191608224
573.4250959952076	-62.051364052644196
573.5665598185117	-62.5100658378297
573.7819393467898	-63.15007053863203
573.997318875068	-63.72556947069967
574.2126984033462	-64.2426532788703
574.5588575917391	-64.96552504459133
574.905016780132	-65.5722751927281
575.2511759685249	-66.0819423769029
575.5973351569178	-66.50951770567661
575.9434943453107	-66.86785906986816
576.2896535337036	-67.16761722387164
576.6358127220965	-67.4173314213062
576.9819719104894	-67.62498422935616
577.3281310988823	-67.7972642019523
577.6742902872752	-67.93920520921664
578.0204494756681	-68.05518827873713
578.366608664061	-68.1491531980317
578.7127678524539	-68.2243857077718
579.0589270408468	-68.2835378575394
579.4050862292397	-68.32876964853823
579.7512454176326	-68.36198579505852
580.0974046060255	-68.38487670497102
580.4435637944184	-68.39880499980033
580.7897229828113	-68.40487168685956
581.1358821712042	-68.40405245595397
581.4820413595971	-68.39721245263429
581.82820054799	-68.38507533775503
582.1743597363829	-68.36823338194387
582.5205189247758	-68.34720341383034
582.8666781131687	-68.3224495068294
583.2128373015616	-68.29437251653364
583.5589964899546	-68.26330954988589
583.9051556783475	-68.22955296153013
584.2513148667404	-68.19336753854006
584.5974740551333	-68.15498962074155
584.9436332435262	-68.1146223952119
585.5046534291872	-68.04542947116339
586.0656736148483	-67.97214494436088
586.6266938005093	-67.89533879545017
587.1877139861704	-67.81549400396908
588.0969658255276	-67.680695167543
589.0062176648848	-67.540546540521
589.9154695042421	-67.39630256833283
590.8247213435993	-67.24901322444057
591.7339731829566	-67.09962559079672
592.6432250223138	-66.94897197222227
593.552476861671	-66.79778468796864
594.4617287010283	-66.6467192332204
595.3709805403855	-66.49633119870751
596.2802323797428	-66.34709555057204
597.1894842191	-66.19943604202659
598.0987360584572	-66.05372749647653
599.0079878978145	-65.91030610064612
599.9172397371717	-65.76947533132525
600.826491576529	-65.63148014295659
601.7357434158862	-65.49650461299213
602.6449952552434	-65.36469687208974
603.5542470946007	-65.23619446457228
604.4634989339579	-65.11112122035539
605.3727507733151	-64.98956574496218
606.2820026126724	-64.87158261232557
607.1912544520296	-64.75720607555506
608.1005062913869	-64.64644899020139
609.0097581307441	-64.53930392384707
609.9190099701013	-64.43575621398845
610.8282618094586	-64.33577381300701
611.7375136488158	-64.2393138418729
612.6467654881731	-64.14634723540341
613.5560173275303	-64.0568347118728
614.4652691668875	-63.97072279799543
615.3745210062448	-63.88795469839077
616.283772845602	-63.80842368764585
617.1930246849593	-63.73202306781184
618.1022765243165	-63.65871872929437
618.705505869331	-63.61177747293588
619.3087352143455	-63.566124049982
619.91196455936	-63.52170126062493
620.5151939043744	-63.478487121288964
621.1184232493889	-63.43648778526741
621.7216525944034	-63.395718055030365
622.3248819394179	-63.356176602332674
622.9281112844324	-63.31783192522756
623.5313406294468	-63.28064441097702
624.1345699744613	-63.24457922404215
624.7377993194758	-63.20960245564754
625.3410286644903	-63.175693045330775
625.9442580095048	-63.14283576566842
626.5474873545193	-63.11099938113495
627.1507166995337	-63.080155839092406
627.7539460445482	-63.05028755736472
628.3571753895627	-63.02136301649129
628.9604047345772	-62.99335578445931
629.5636340795917	-62.966254282885565
630.1668634246062	-62.940026948817
630.7700927696206	-62.91463634153073
631.3733221146351	-62.89008551667632
631.9765514596496	-62.86639171153071
632.5797808046641	-62.84353774494509
633.1830101496786	-62.821469610240534
633.7862394946931	-62.800126631312835
634.3894688397075	-62.779466285513216
634.992698184722	-62.75947231764389
635.5959275297365	-62.74013579223384
636.199156874751	-62.721445846660345
636.8023862197655	-62.70339314909717
637.40561556478	-62.68595730618565
638.0088449097944	-62.66911010847699
638.6120742548089	-62.652838453431436
639.2153035998234	-62.637128658726766
639.8185329448379	-62.62195573379598
640.4217622898524	-62.60730828798009
641.0249916348669	-62.59317376477038
641.6282209798813	-62.579523110621075
642.2314503248958	-62.56634561847743
642.8346796699103	-62.55364514035322
643.4379090149248	-62.5413859145634
644.0411383599393	-62.529507887586924
644.6443677049538	-62.517979061862775
645.2475970499682	-62.50681191709732
645.8508263949827	-62.4960353240526
646.4540557399972	-62.48566311985427
647.0572850850117	-62.475681689238264
647.6605144300262	-62.466068094651526
648.2637437750407	-62.45679833030921
648.8669731200551	-62.447845544133045
649.4702024650696	-62.439196423040855
650.0734318100841	-62.43084897674077
650.6766611550986	-62.42278595606376
651.2798905001131	-62.414987383450296
651.8831198451276	-62.40745074778661
652.486349190142	-62.40017005055654
653.0895785351565	-62.39313121323204
653.692807880171	-62.38632237109347
654.2960372251855	-62.379726705714454
654.8992665702	-62.373321071479765
655.5024959152145	-62.367094387040744
656.105725260229	-62.36103776127694
656.7089546052434	-62.35513755343144
657.3121839502579	-62.349389534186706
657.9154132952724	-62.343801510442496
658.5186426402869	-62.33838081857334
659.1218719853014	-62.333127419419014
659.7251013303159	-62.32802968866417
660.3283306753303	-62.32307188551155
660.9315600203448	-62.31824762740939
661.5347893653593	-62.3135511832527
662.1380187103738	-62.308971718886276
662.7412480553883	-62.30450544878992
663.3444774004028	-62.30014704553527
663.9477067454172	-62.29588325834003
664.5509360904317	-62.291712108446106
665.1541654354462	-62.287633406821584
665.7573947804607	-62.283633630753265
666.3606241254752	-62.27971046137037
666.7812197631407	-62.2770287438324
667.2018154008063	-62.27438760511227
667.6224110384718	-62.27177462589986
668.0430066761373	-62.269189646085444
668.4636023138029	-62.26664175479796
668.8841979514684	-62.264132624079956
669.304793589134	-62.261655067192976
669.7253892267995	-62.259202645588545
670.145984864465	-62.256772643809114
670.5665805021306	-62.25436389559699
670.9871761397961	-62.25197553893197
671.4077717774617	-62.24960700224855
671.8283674151272	-62.247257792622015
672.2489630527928	-62.24492723906667
672.6695586904583	-62.24261460499133
673.3588499720851	-62.238862646995415
674.0481412537118	-62.23515581834037
674.7374325353386	-62.23149012030654
675.4267238169654	-62.22786147992543
676.9163791585072	-62.22013376682418
678.406034500049	-62.21254662260437
679.8956898415909	-62.20508972670396
681.3853451831327	-62.197768477573895
683.731435024856	-62.18649755799762
686.0775248665792	-62.17548571973646
688.4236147083025	-62.16474058296758
690.7697045500257	-62.15428625841291
693.115794391749	-62.14407997776248
696.8831126875078	-62.12812141481676
700.6504309832667	-62.11246161705601
704.4177492790255	-62.09728240791518
708.1850675747844	-62.08310744015675
711.9523858705433	-62.06920045078076
713.9925371813619	-62.06158317009105
716.0326884921805	-62.05417105496691
718.072839802999	-62.04703431865476
720.1129911138177	-62.04013499890488
722.1531424246363	-62.03368999304163
724.1932937354549	-62.027841989921484
726.2334450462735	-62.022617528443234
728.2735963570921	-62.01769888701664
729.5661924794927	-62.01456778877012
730.8587886018933	-62.01140853309187
732.1513847242938	-62.00828805914618
734.1655600677392	-62.00362474713454
736.1797354111845	-61.99936914584536
738.1939107546299	-61.995476944733035
740.2080860980752	-61.991832313957424
742.2222614415206	-61.988409376835534
744.2364367849659	-61.98503453558903
746.2506121284113	-61.98160666829417
748.2647874718566	-61.97836988120848
750.278962815302	-61.97525171477848
752.2931381587473	-61.97220355211126
754.3073135021926	-61.96971430268679
755.5674563599766	-61.96866247163338
756.8275992177606	-61.96776576507188
758.0877420755446	-61.96669774658476
759.3478849333286	-61.96535616846173
760.6080277911126	-61.96387789056093
761.8681706488966	-61.962438636033625
763.1283135066806	-61.96114679343751
764.3884563644646	-61.960011334231744
765.6485992222485	-61.95892124568543
766.9087420800325	-61.957765130220714
768.1688849378165	-61.95654096571447
769.4290277956005	-61.95529243188113
770.6891706533845	-61.954086548304524
771.9493135111685	-61.95300563688724
773.2094563689525	-61.95203782893564
774.4695992267365	-61.95110772388133
775.7297420845205	-61.9502941956262
776.9898849423045	-61.94958300105616
777.7518499261394	-61.949129470624904
778.5138149099743	-61.94861775240858
779.2757798938092	-61.94811546935568
780.0377448776441	-61.94767339212307
780.799709861479	-61.94729613475535
782.0067613611963	-61.94679208196913
783.2138128609135	-61.94635830760617
784.4208643606308	-61.94596177700136
786.4531639794097	-61.94535952894231
791.0142146503011	-61.94413476519059
795.5752653211925	-61.94323910019749
800.136315992084	-61.94251741969363
807.3705997267127	-61.94179869346835
814.6048834613415	-61.941635713257796
821.8391671959703	-61.94164203635776
829.073450930599	-61.94174832091678
836.3077346652278	-61.94254190826358
843.5420183998566	-61.943050223407866
850.7763021344854	-61.94401848303669
858.0105858691142	-61.94513470956223
865.2448696037429	-61.945817624572896
872.4791533383717	-61.94601908617532
879.7134370730005	-61.947132356995276
886.9477208076293	-61.94791592726057
894.182004542258	-61.94811993993245
898.8402192880258	-61.948761886362284
903.4984340337935	-61.94935791160672
908.1566487795612	-61.95012065403516
912.814863525329	-61.950851062643565
919.839345465743	-61.95150929803984
926.863827406157	-61.95227369276229
930.9999999999793	-61.952636220897666
931.0000000000103	-61.952636220897666
931.000068716425	-61.954031177302156
931.0004007421172	-61.96039430380381
931.0016407315791	-61.98091177288766
931.0036461467007	-62.009065596835285
931.0056515618223	-62.033938286936355
931.009187599732	-62.071764776612945
931.0127236376416	-62.10562170518826
931.0180324118875	-62.1507284556394
931.0263205977201	-62.214701906085196
931.0346087835527	-62.27231260921166
931.053752816589	-62.38971862783197
931.0728968496254	-62.49147488744856
931.0920408826618	-62.583314067127795
931.1111849156981	-62.66817750254517
931.1303289487345	-62.74759716042543
931.1645806844525	-62.87923530322434
931.1988324201706	-62.999234393611665
931.253406694772	-63.17131034566304
931.3079809693735	-63.32467013139496
931.3987628715709	-63.54896639395831
931.4895447737682	-63.74582464580677
931.5803266759656	-63.923155407213706
931.671108578163	-64.08559141172387
931.7618904803603	-64.2362740223011
931.904370844897	-64.45414115488545
932.0468512094337	-64.65504438464338
932.1893315739704	-64.8433303521781
932.4083893000733	-65.11382178747981
932.6274470261761	-65.36647176385594
932.846504752279	-65.60484829221966
933.2635262795917	-66.02753833146943
933.6805478069044	-66.41596002718653
934.0975693342172	-66.77456057129378
934.5145908615299	-67.1078048916542
934.9316123888426	-67.41910104751096
935.5686477587795	-67.85757299038728
936.2056831287165	-68.25585934838091
936.8427184986534	-68.61718617719333
937.4797538685904	-68.9449799580311
938.1167892385273	-69.24272366899416
939.1368663980621	-69.66332858427548
940.156943557597	-70.02268740952506
941.1770207171318	-70.3280871727814
942.1970978766666	-70.58570614055918
943.2171750362014	-70.80131053110826
944.2372521957362	-70.97983785856772
945.257329355271	-71.12554939764465
946.2774065148059	-71.24220423168421
947.2974836743407	-71.33312135854477
948.3175608338755	-71.40136009432679
949.3376379934103	-71.44968454355256
950.3577151529452	-71.4804806037081
951.37779231248	-71.49590531809146
952.3978694720148	-71.49792522306932
953.4179466315496	-71.48830512525467
954.4380237910844	-71.4686878204183
955.4581009506193	-71.44051647770186
956.4781781101541	-71.40495794222174
957.4982552696889	-71.36324016802256
958.5183324292237	-71.31645948003057
959.1733923356163	-71.28401621266477
959.8284522420089	-71.24975265997678
960.4835121484015	-71.2139491966436
961.138572054794	-71.17705587639404
961.7936319611866	-71.13944808591134
962.4486918675792	-71.10134110285524
963.1037517739718	-71.06278315093672
963.7588116803644	-71.023763628627
964.413871586757	-70.98435627230249
965.0689314931495	-70.94469447171403
965.7239913995421	-70.90490738550712
966.3790513059347	-70.86511663035681
967.0341112123273	-70.82540079124864
967.6891711187199	-70.7858043505634
968.3442310251124	-70.74640955147346
968.999290931505	-70.707325461796
969.6543508378976	-70.6686283863359
970.3094107442902	-70.63035123198185
970.9644706506828	-70.59250098103824
971.6195305570753	-70.55507476388686
972.2745904634679	-70.51810374095496
972.9296503698605	-70.48165433732277
973.5847102762531	-70.4457826562667
974.2397701826457	-70.41050589476052
974.8948300890382	-70.37582276563359
975.5498899954308	-70.34173108706696
976.2049499018234	-70.30824030965486
976.860009808216	-70.27537333365606
977.5150697146086	-70.243149015132
978.1701296210011	-70.21157750998442
978.8251895273937	-70.18066704611586
979.4802494337863	-70.1504196567181
980.1353093401789	-70.12083401006993
980.7903692465715	-70.0919145167326
981.445429152964	-70.06366392048902
982.1004890593566	-70.03607809175594
982.7555489657492	-70.00915173050502
983.4106088721418	-69.9828758603929
984.0656687785344	-69.95723539833341
984.7207286849269	-69.9322242035103
985.3757885913195	-69.90784539065038
986.0308484977121	-69.88409949384005
986.6859084041047	-69.86098234238034
987.3409683104973	-69.83848282403999
987.9960282168898	-69.81657935085234
988.6510881232824	-69.79525165399401
989.306148029675	-69.7744843903887
989.9612079360676	-69.75425977606831
990.6162678424602	-69.73456588896852
991.2713277488527	-69.71539585733355
991.9263876552453	-69.69673306632235
992.5814475616379	-69.67856512909637
993.2365074680305	-69.66088918955917
993.8915673744231	-69.64368821084956
994.5466272808156	-69.62694167040061
995.2016871872082	-69.61064284822069
995.8567470936008	-69.59478751046555
996.5118069999934	-69.5793762646654
997.166866906386	-69.56441530714076
997.8219268127785	-69.54988139286802
998.4769867191711	-69.53573182336824
999.1320466255637	-69.52195130285715
999.7871065319563	-69.50856185760871
1000.4421664383489	-69.49558380089216
1001.0972263447414	-69.48300395046085
1001.752286251134	-69.47077860295913
1002.4073461575266	-69.4588608809237
1003.0624060639192	-69.44722827579307
1003.7174659703118	-69.43587651116631
1004.3725258767043	-69.42480286912193
1005.0275857830969	-69.41400482459063
1005.6826456894895	-69.4034777411524
1006.3377055958821	-69.39321714196849
1007.4944585208755	-69.37575315846584
1008.6512114458689	-69.35907572247596
1009.8079643708622	-69.34307821307938
1010.9647172958556	-69.32774288665355
1012.121470220849	-69.31311715085569
1013.2782231458424	-69.29920308609505
1014.4349760708358	-69.28598136066003
1015.5917289958292	-69.27340663172404
1016.7484819208225	-69.26137549655776
1017.9052348458159	-69.24982998647464
1019.0619877708093	-69.23876802966198
1020.2187406958027	-69.22816216122303
1021.3754936207961	-69.21798712366858
1022.5322465457895	-69.20822085146891
1023.6889994707828	-69.19879669929685
1024.8457523957761	-69.18968273334278
1026.0025053207694	-69.18089643991544
1027.1592582457627	-69.17244161301434
1028.316011170756	-69.16429626496355
1029.4727640957492	-69.1564238529619
1030.6295170207425	-69.14879212985379
1031.7862699457357	-69.1413812644698
1033.735219433547	-69.12938822929974
1035.6841689213582	-69.11799947814934
1037.6331184091694	-69.10718258181086
1039.5820678969806	-69.09692991332044
1041.5310173847918	-69.08725370322804
1043.479966872603	-69.07811439518443
1045.4289163604142	-69.06940482040609
1047.3778658482254	-69.06106384985904
1049.3268153360366	-69.05307431566942
1051.2757648238478	-69.04537192605136
1053.224714311659	-69.03799429163969
1055.1736637994702	-69.03106243608896
1056.5108121538606	-69.02656349143294
1057.847960508251	-69.02214156033091
1059.1851088626413	-69.01770260875482
1060.5222572170317	-69.01325308476821
1061.859405571422	-69.00885351590806
1063.1965539258124	-69.0045785275386
1064.5337022802028	-69.00043132536072
1065.440996169793	-68.99765024176655
1066.348290059383	-68.99485664603408
1067.2555839489733	-68.99204704909893
1068.2135299378951	-68.9890967282396
1069.171475926817	-68.98620631780605
1070.129421915739	-68.98340687821536
1071.0873679046608	-68.98069707345377
1072.0453138935827	-68.97806370516805
1073.0032598825046	-68.97550239640195
1073.9612058714265	-68.97299606949774
1074.9191518603484	-68.97053421254003
1075.8770978492703	-68.9681236440293
1076.8350438381922	-68.96574387408661
1077.792989827114	-68.9633895269016
1078.750935816036	-68.96110406509834
1079.3305612835456	-68.95975846147581
1079.9101867510553	-68.95840371187717
1080.489812218565	-68.95701331507033
1081.0694376860747	-68.95558920629765
1081.6490631535844	-68.95415417742939
1082.5801066341878	-68.95188591820809
1083.5111501147912	-68.94970285286473
1084.4421935953947	-68.94755444627671
1085.373237075998	-68.94537650760779
1086.3042805566015	-68.94317294056677
1087.235324037205	-68.94101886137535
1088.1663675178083	-68.93900084562055
1089.0974109984118	-68.93714218426642
1090.0284544790152	-68.93540793154416
1090.9594979596186	-68.93374069450181
1091.890541440222	-68.93211437850805
1092.8215849208254	-68.93052044579899
1093.7526284014289	-68.92894281822686
1094.3056304840434	-68.92802208264243
1094.858632566658	-68.92713943356742
1095.4116346492724	-68.9263041389761
1095.964636731887	-68.92550500753045
1096.5176388145014	-68.92472168513764
1097.367017301781	-68.9235110460565
1098.2163957890607	-68.92226658046272
1099.0657742763403	-68.92101155595
1099.91515276362	-68.91978384463953
1100.7645312508996	-68.91859575295469
1101.6139097381792	-68.91742020025276
1102.4632882254589	-68.91621294097712
1103.3126667127385	-68.91495429716959
1104.6538965434308	-68.91288754589961
1105.9951263741232	-68.91076092222784
1107.3363562048155	-68.9086101652201
1108.6775860355078	-68.90648151641699
1110.0188158662002	-68.90440473297392
1111.3600456968925	-68.90237110553659
1112.7012755275848	-68.90041118850078
1114.0425053582771	-68.89854433274759
1115.3837351889695	-68.8967321404038
1116.7249650196618	-68.89498554381392
1118.0661948503541	-68.89329945030003
1119.4074246810465	-68.89158840782243
1120.7486545117388	-68.88988948132017
1121.5776686871802	-68.88889909763618
1122.4066828626217	-68.88797586073989
1123.235697038063	-68.88709670512762
1124.530299391181	-68.88573563937592
1125.8249017442988	-68.8843266410355
1127.1195040974167	-68.88285486827856
1129.147689002485	-68.88048980335832
1130.999999999975	-68.87832193981883
1131.0000000000127	-68.87832193981883
