t	v
0.0	-80.0
0.0008136953366749778	-80.00281400704357
0.002573366570335238	-80.00686543284372
0.006075058584531694	-80.01210154090305
0.011616934787426054	-80.01741010734305
0.017158810990320413	-80.02098297426677
0.025960379479722753	-80.02404298504547
0.03963284093472423	-80.02599235542294
0.05330530238972571	-80.02525663096048
0.08652154174079937	-80.0167394942176
0.11973778109187305	-80.00161277682903
0.15295402044294673	-79.98255166745903
0.1861702597940204	-79.96082819255525
0.23968440746579975	-79.92187126659293
0.2931985551375791	-79.87878214896871
0.3467127028093584	-79.83238039143696
0.4425737743856677	-79.74285236111027
0.538434845961977	-79.64691015587535
0.6881750773805089	-79.48813283332412
0.8379153087990407	-79.32250622985545
0.9876555402175726	-79.15310857473197
1.1373957716361045	-78.98198528057156
1.2871360030546364	-78.81063202305663
1.5259884767112755	-78.53941382778433
1.7648409503679146	-78.27378887705042
2.0036934240245534	-78.01603482527321
2.385512670723206	-77.62331809926418
2.767331917421859	-77.25673095243872
3.1491511641205117	-76.91713786179302
3.8671489282247844	-76.350562619955
4.585146692329057	-75.87104365113699
5.30314445643333	-75.46797724117391
6.021142220537603	-75.13207241816677
6.739139984641875	-74.85460517628115
7.457137748746148	-74.62748831029621
8.663623401584427	-74.33883093425821
9.870109054422706	-74.1407081320745
11.076594707260984	-74.00936627055434
12.283080360099262	-73.9278592176377
13.48956601293754	-73.88336714588213
14.69605166577582	-73.8657021055262
15.902537318614097	-73.86727759544655
17.109022971452376	-73.8823828954348
18.315508624290654	-73.90689343503571
20.31762763325039	-73.96051274986306
22.319746642210124	-74.02302214343888
24.32186565116986	-74.08894168945103
26.323984660129593	-74.1555169830641
28.326103669089328	-74.22091219048161
31.862439491840572	-74.33028983654674
35.398775314591816	-74.42917700212422
38.935111137343064	-74.51791864728634
42.47144696009431	-74.59724166888661
48.559219488525414	-74.71321936504442
54.64699201695652	-74.81085126893345
60.73476454538762	-74.88918146216174
66.82253707381872	-74.953238949838
72.91030960224982	-75.00696641787377
78.99808213068093	-75.05039178950119
89.7258738549925	-75.11063159361007
100.45366557930407	-75.14843951479547
111.18145730361564	-75.18006358537531
121.90924902792722	-75.19884027237049
132.6370407522388	-75.21094033701934
143.36483247655036	-75.22334051301678
154.09262420086193	-75.22934701179216
164.8204159251735	-75.23386931859675
175.54820764948508	-75.24005955398337
186.27599937379665	-75.2419940521989
197.00379109810822	-75.24235025820653
207.7315828224198	-75.24582588281984
218.45937454673137	-75.24692782294856
229.18716627104294	-75.24575426605766
239.9149579953545	-75.24792926812141
250.64274971966609	-75.2492076366823
261.3705414439777	-75.24748094513143
272.0983331682893	-75.24869333230077
282.8261248926009	-75.2503591738934
293.5539166169125	-75.24857901539036
304.2817083412241	-75.24922831204708
315.0095000655357	-75.24984474932452
325.7372917898473	-75.2491389517445
336.4650835141589	-75.24960256309414
347.1928752384705	-75.25037549834946
367.61368998275407	-75.24981381169896
388.03450472703764	-75.25046790854294
408.4553194713212	-75.2505432078163
428.8761342156048	-75.25009580267402
463.60914666182015	-75.25050449402941
498.3421591080355	-75.2504417529994
530.9999999999882	-75.25022088343458
531.0000000000059	-75.25022088343458
531.0003099016951	-75.264811182391
531.0007830382282	-75.28459665735681
531.0015849289497	-75.31421490102004
531.0023868196712	-75.34136501014801
531.0038226805594	-75.38656722320671
531.0062136551	-75.45532534827048
531.0104033759475	-75.56417891450046
531.0145930967949	-75.66283418714228
531.0187828176423	-75.75480573195097
531.0229725384897	-75.84189493526607
531.0300199396216	-75.9806074698877
531.0370673407535	-76.1113258232725
531.0441147418854	-76.23590003337534
531.0561800417128	-76.43837878413464
531.0682453415401	-76.63023539264273
531.0903638839001	-76.96166114689413
531.11248242626	-77.274306526115
531.13460096862	-77.5727000462901
531.15671951098	-77.85889335210108
531.17883805334	-78.13423534445157
531.2168328631318	-78.58499705506007
531.2548276729236	-79.01171377882584
531.2928224827155	-79.41786287461193
531.3527641949482	-80.0224395463106
531.412705907181	-80.58891509899175
531.4726476194138	-81.12256302076777
531.5862975659396	-82.05836427305606
531.6999475124654	-82.91032928997777
531.8135974589912	-83.69164961736817
531.927247405517	-84.41294340171467
532.0408973520429	-85.08292554739654
532.1545472985687	-85.70825135454209
532.3368787177249	-86.63077106688017
532.519210136881	-87.46755668260467
532.7015415560372	-88.2309590978058
532.8838729751934	-88.93112039619224
533.0662043943496	-89.57631440529447
533.3550265902509	-90.50166573589024
533.6438487861521	-91.32571867833356
533.9326709820534	-92.06354943656967
534.2214931779547	-92.72710655376251
534.510315373856	-93.32614769830458
534.971952096882	-94.16914156586566
535.433588819908	-94.89267766374897
535.895225542934	-95.51552053774506
536.35686226596	-96.05262703563604
536.818498988986	-96.51636049676056
537.5355128245529	-97.11469140238815
538.2525266601199	-97.59033650587759
538.9695404956868	-97.96592098947485
540.1155330631314	-98.40299711500889
541.2615256305759	-98.68690911993025
542.4075181980204	-98.85701996732291
543.5535107654649	-98.94288396300847
544.6995033329094	-98.96765371299257
545.845495900354	-98.94851639730297
546.9914884677985	-98.89749889316474
548.7507104945183	-98.77694150982168
550.5099325212382	-98.62489862272282
552.269154547958	-98.45702807783458
554.0283765746778	-98.28373774029296
555.7875986013977	-98.1113728450819
557.5468206281175	-97.94348577630325
559.3060426548374	-97.7821623035249
561.0652646815572	-97.62872660549071
562.824486708277	-97.48387479109564
564.5837087349969	-97.34773839579523
566.3429307617167	-97.22008298072467
568.1021527884366	-97.10056414845978
569.8613748151564	-96.98885113950374
572.6455177164095	-96.82701111541638
575.4296606176625	-96.68209399519813
578.2138035189156	-96.5524783138195
580.9979464201687	-96.43636810211201
583.7820893214217	-96.3319958720316
586.5662322226748	-96.23806798755868
589.3503751239278	-96.15368245229008
592.1345180251809	-96.0780415533279
594.918660926434	-96.01032867326616
597.702803827687	-95.94959194011643
600.4869467289401	-95.89496098277952
603.2710896301932	-95.845861063581
606.0552325314462	-95.80180629809895
608.8393754326993	-95.76224918858381
611.6235183339523	-95.726672166868
614.4076612352054	-95.69462774326003
617.1918041364585	-95.66579973109974
619.9759470377115	-95.63993976264878
622.7600899389646	-95.61672685730171
625.5442328402177	-95.59587254073577
628.3283757414707	-95.57714793627721
631.1125186427238	-95.56030214994827
633.8966615439768	-95.545141058884
636.6808044452299	-95.53153929263479
639.464947346483	-95.51937389861074
642.249090247736	-95.50852200934808
645.0332331489891	-95.49881329713546
647.8173760502422	-95.4900791053277
650.6015189514952	-95.48224210316305
653.3856618527483	-95.47522369993405
656.1698047540013	-95.46894433390999
658.9539476552544	-95.46335389529105
661.7380905565075	-95.4583486147357
664.5222334577605	-95.45386632913383
667.3063763590136	-95.44989088529978
670.0905192602667	-95.4463298817397
672.8746621615197	-95.44311267263336
675.6588050627728	-95.44024445897769
678.4429479640258	-95.43772847527352
681.2270908652789	-95.43556246346553
684.011233766532	-95.43369443415747
686.795376667785	-95.43203161617662
689.5795195690381	-95.43052670607686
692.3636624702912	-95.42916288998367
695.1478053715442	-95.42794839717358
697.9319482727973	-95.42690717074014
700.7160911740503	-95.42600240813906
703.5002340753034	-95.42521007916768
706.2843769765565	-95.42454043851504
709.0685198778095	-95.4239492046982
711.8526627790626	-95.42340560037437
714.6368056803157	-95.42293408854249
717.4209485815687	-95.4225513166909
720.2050914828218	-95.4222712952398
722.9892343840748	-95.42206461535757
725.7733772853279	-95.42187016381233
728.557520186581	-95.42170078975636
731.341663087834	-95.42156952384536
734.1258059890871	-95.42146107983534
736.9099488903402	-95.4213986249815
739.6940917915932	-95.42137296706225
742.4782346928463	-95.4213549267007
745.2623775940993	-95.42134376763873
748.0465204953524	-95.42132490175159
750.8306633966055	-95.42131666237601
753.6148062978585	-95.42135086244029
756.3989491991116	-95.42138769478167
759.1830921003647	-95.42140166569217
761.9672350016177	-95.42142357692757
764.7513779028708	-95.4214713721371
767.5355208041238	-95.42156052794024
770.3196637053769	-95.4216722742645
773.10380660663	-95.42175770033256
775.887949507883	-95.42183412551294
778.6720924091361	-95.42191662734146
781.4562353103892	-95.4219896899419
784.2403782116422	-95.42207884509105
787.0245211128953	-95.42216699557764
789.8086640141483	-95.42223315321884
792.5928069154014	-95.42231998567361
795.3769498166545	-95.42241563116525
798.1610927179075	-95.42248894470978
800.9452356191606	-95.42255205144124
803.7293785204137	-95.42260545918833
806.5135214216667	-95.42265613623186
809.2976643229198	-95.42271770612697
812.0818072241728	-95.42277922274937
814.8659501254259	-95.4228546269949
817.650093026679	-95.42294697655359
820.434235927932	-95.42302103065983
823.2183788291851	-95.42308781253274
826.0025217304382	-95.42315594949176
828.7866646316912	-95.42320868927725
831.5708075329443	-95.42327261431518
834.3549504341973	-95.42333766116082
837.1390933354504	-95.42338107791772
839.9232362367035	-95.42343967903244
842.7073791379565	-95.42349432429477
845.4915220392096	-95.42353081165159
848.2756649404627	-95.42359088564346
851.0598078417157	-95.42364332357711
853.8439507429688	-95.4236342707587
856.6280936442218	-95.4235934655086
859.4122365454749	-95.42359415222882
862.196379446728	-95.42367067414042
864.980522347981	-95.42378263669558
867.7646652492341	-95.42385973544586
870.5488081504872	-95.4239009311663
873.3329510517402	-95.423935542494
876.1170939529933	-95.42396249652188
878.9012368542463	-95.42399842003425
881.6853797554994	-95.42403964438533
884.4695226567525	-95.42405990881934
887.2536655580055	-95.42408680678135
890.0378084592586	-95.42411953982543
892.8219513605117	-95.42413305098148
895.6060942617647	-95.42416245653155
898.3902371630178	-95.42419164984213
901.1743800642708	-95.42419763982001
903.9585229655239	-95.42422957532558
906.742665866777	-95.42427070317781
909.52680876803	-95.4242511568619
912.3109516692831	-95.42417120186656
915.0950945705362	-95.42410814462934
917.8792374717892	-95.42413484125444
920.6633803730423	-95.42423465919275
923.4475232742953	-95.42431813633434
926.2316661755484	-95.424360165243
929.0158090768015	-95.42438198976153
930.9999999999793	-95.4243765426049
931.0000000000103	-95.4243765426049
931.0003099017398	-95.40978622768095
931.0007830379406	-95.39000071320983
931.0015849177689	-95.36038270315227
931.0023867975973	-95.33323275829122
931.0038226521658	-95.28803037464333
931.0062134463218	-95.21927663775081
931.0104029754044	-95.11042635256871
931.014592504487	-95.01177383324732
931.0187820335697	-94.91980473919043
931.0229715626523	-94.83271776394699
931.0300182792848	-94.6940155584502
931.0370649959174	-94.56330644658011
931.0441117125499	-94.43874069851906
931.0561759237726	-94.23627372296872
931.0682401349952	-94.04442790340013
931.0903598271176	-93.71297458622358
931.11247951924	-93.40030394185224
931.1345992113623	-93.10188556677213
931.1567189034847	-92.81566525791241
931.1788385956071	-92.5402918967021
931.2168507972578	-92.08928262406792
931.2548629989086	-91.66230727480867
931.2928752005594	-91.2558763324339
931.3528159668753	-90.65106659658161
931.4127567331911	-90.08422727381921
931.472697499507	-89.55008184431635
931.5861834645378	-88.6142586711371
931.6996694295686	-87.76165718223979
931.8131553945994	-86.97922205980561
931.9266413596303	-86.25648144535458
932.0401273246611	-85.5848544611127
932.1536132896919	-84.9577965093681
932.3355926574988	-84.03297118686028
932.5175720253056	-83.19410935974001
932.6995513931125	-82.42909021896484
932.8815307609194	-81.72792851034079
933.0635101287263	-81.08244522990078
933.3536252459152	-80.15261889229997
933.643740363104	-79.32724929053995
933.9338554802929	-78.59093277054143
934.2239705974818	-77.93140301255673
934.5140857146706	-77.33858484202453
934.9749317428426	-76.5140585683575
935.4357777710146	-75.81130511945324
935.8966237991866	-75.2108876178086
936.3574698273586	-74.69721658895251
936.8183158555306	-74.25735388318598
937.5302863987388	-73.69839884840198
938.242256941947	-73.2591574399484
938.9542274851551	-72.91622744796064
940.0896840748684	-72.52301337464412
941.2251406645817	-72.27077206696543
942.3605972542949	-72.11993868758198
943.4960538440082	-72.04290323505772
944.6315104337215	-72.0180692975979
945.7669670234347	-72.0283900549202
946.902423613148	-72.06436625571932
948.0378802028613	-72.11927981634167
949.1733367925746	-72.18643895762393
950.3087933822878	-72.26206076465634
951.4442499720011	-72.34262012758563
952.5797065617144	-72.4255481788432
954.3461143665827	-72.55729060229277
956.112522171451	-72.69193739657473
957.8789299763193	-72.82349997871223
959.6453377811877	-72.94689271698515
961.411745586056	-73.06450948658207
963.1781533909243	-73.17740721839354
964.9445611957926	-73.28566667696747
966.710969000661	-73.39009694325263
968.4773768055293	-73.4885551674515
970.2437846103976	-73.58116622521182
972.0101924152659	-73.66978504989949
973.7766002201342	-73.75340606450064
975.5430080250026	-73.83252717107293
977.3094158298709	-73.90799485674712
979.0758236347392	-73.97881350937115
980.8422314396075	-74.04594502562789
982.6086392444759	-74.10991804370133
984.3750470493442	-74.16993706224713
986.1414548542125	-74.22695290244604
987.9078626590808	-74.28110338077394
989.6742704639491	-74.33191140727308
991.4406782688175	-74.38004706729608
993.2070860736858	-74.42575076388967
996.1596989194157	-74.49692898047185
999.1123117651457	-74.56179786370855
1003.5704779163294	-74.64885970696399
1008.0286440675131	-74.72454444898015
1012.4868102186969	-74.79034598409771
1016.9449763698806	-74.84752859232516
1023.7757806587746	-74.92088381413147
1030.6065849476686	-74.98062559993426
1042.0919204605857	-75.05530200781271
1053.5772559735028	-75.11015079069404
1065.06259148642	-75.14881621990116
1076.547926999337	-75.17317130533654
1088.0332625122542	-75.19435333671787
1099.5185980251713	-75.20719438727221
1111.0039335380884	-75.21554585237571
1122.4892690510055	-75.2274601755794
1130.999999999975	-75.23133058312162
1131.0000000000127	-75.23133058312162
