t	v
0.0	-80.0
0.002144599284184409	-79.99388627031696
0.006018899855430227	-79.98349664040266
0.013423503782411451	-79.96466147328887
0.020828107709392675	-79.94644839614686
0.034928359590714726	-79.91274036355139
0.05750808017573097	-79.86054908963717
0.10082122665058738	-79.7640235244358
0.14413437312544378	-79.67069619765508
0.18744751960030018	-79.57935066251275
0.23076066607515658	-79.4894036633851
0.274073812550013	-79.40055675128929
0.3513514985112813	-79.24422751392147
0.42862918447254955	-79.09046101573263
0.5678666366156796	-78.81897987519508
0.793939977135984	-78.39193092757428
1.1374570317207158	-77.77228098682473
1.4809740863054477	-77.18522110467093
1.8244911408901796	-76.62830158002285
2.1680081954749113	-76.09981262235375
2.7489387184922576	-75.26725386451406
3.329869241509604	-74.50759533999945
3.91079976452695	-73.81646291951931
4.838615141117445	-72.84473214091452
5.766430517707939	-72.0215673557521
6.694245894298434	-71.3318857926769
7.622061270888929	-70.76114170578417
9.126383286015413	-70.05292348775666
10.630705301141898	-69.566850610327
12.135027316268383	-69.25386764175413
13.639349331394868	-69.0758938513708
15.143671346521353	-68.99957604465429
16.64799336164784	-69.00133307746472
18.15231537677432	-69.06106976531863
19.656637391900805	-69.16139590383771
21.16095940702729	-69.29234662954484
22.66528142215377	-69.4453615602861
25.227429578950844	-69.73153379266981
26.825107802683767	-69.91969206868073
28.42278602641669	-70.11204746503151
30.020464250149615	-70.30392668694665
31.61814247388254	-70.49378081922691
33.21582069761546	-70.67967657547293
34.81349892134838	-70.85859980106902
36.411177145081304	-71.03105509549685
38.008855368814224	-71.19701044528298
39.606533592547144	-71.35421969535948
41.204211816280065	-71.50357300589808
42.801890040012985	-71.64579355587071
45.781057619144434	-71.88901685003279
48.76022519827588	-72.10343666230189
51.73939277740733	-72.2919777444065
54.71856035653878	-72.4575147658187
57.69772793567023	-72.60015409765232
62.271688408354734	-72.78191963287681
66.84564888103924	-72.9205402017605
71.41960935372374	-73.02836928947352
75.99356982640825	-73.10580597056902
80.56753029909275	-73.16265131262432
85.14149077177726	-73.20575977935665
89.71545124446176	-73.23372140189129
94.28941171714627	-73.25136248536107
98.86337218983077	-73.265950524986
103.43733266251527	-73.27476376489699
108.01129313519978	-73.27731147570505
112.62282965767717	-73.28030345901735
117.23436618015457	-73.28157772050658
121.84590270263196	-73.2818864405339
126.45743922510935	-73.28308076458737
131.06897574758676	-73.28356076958057
135.68051227006416	-73.28278374002596
145.080690495041	-73.28414870354261
154.48086872001787	-73.28325058285863
163.88104694499472	-73.28223840544794
168.3866841830674	-73.28327041960024
172.89232142114005	-73.2834695055947
177.39795865921272	-73.2840395893024
184.35647066845192	-73.2853097587847
196.38599409056602	-73.28547702325224
208.4155175126801	-73.28638703586712
220.4450409347942	-73.28777112314462
243.04484390614388	-73.28810340182656
265.6446468774935	-73.28577995503854
288.08751219675156	-73.29097247263766
299.7417793584914	-73.28864885353485
311.39604652023115	-73.29026631648674
323.0503136819709	-73.28871388214648
334.7045808437107	-73.28426644358181
346.35884800545045	-73.29163986477238
358.0131151671902	-73.29803467877217
360.9266819576252	-73.2960421380823
363.84024874806016	-73.29390510965725
366.75381553849513	-73.29117426014516
371.22280972095376	-73.28930050333686
375.6918039034124	-73.28829472392083
380.160798085871	-73.28755155334693
387.36066735143123	-73.28761600443912
394.56053661699144	-73.28794000421959
401.76040588255165	-73.28806064185075
418.3744223206592	-73.28955279796311
434.9884387587668	-73.28875658442003
451.60245519687436	-73.29045812628641
468.21647163498193	-73.29172403561348
484.8304880730895	-73.28829834865603
501.44450451119707	-73.28672583386154
505.598008620724	-73.28839988219073
509.7515127302509	-73.28897271199858
513.9050168397778	-73.28937046036759
527.4871402267804	-73.29059382955082
530.9999999999882	-73.29045535912051
531.0000000000059	-73.29045535912051
531.0003545334032	-73.3148812261692
531.0007090668005	-73.33801125394628
531.0012530468907	-73.37210878552783
531.0022077565892	-73.42888562783686
531.0039105171053	-73.52399109974522
531.0056132776214	-73.6132706356856
531.0073160381374	-73.69826382857185
531.0100006945422	-73.82555263503262
531.012685350947	-73.94573629564651
531.0171183308549	-74.13240542013202
531.0215513107629	-74.30698561814619
531.0285510408925	-74.56424044550963
531.035550771022	-74.80452292210799
531.0484331446071	-75.21499198847502
531.0613155181921	-75.59691719296318
531.0741978917772	-75.95740534355991
531.0870802653623	-76.2995205217277
531.0999626389473	-76.62552122298139
531.1213459528242	-77.1364497864499
531.142729266701	-77.61626261401129
531.1641125805779	-78.07046526246073
531.1854958944548	-78.5027934836196
531.2192049029061	-79.14593168264976
531.2529139113574	-79.74955379521926
531.2866229198087	-80.32002134302272
531.3380657471517	-81.13678593593221
531.3895085744948	-81.89934902642314
531.4409514018379	-82.61674752639604
531.5322890417278	-83.79973111005526
531.6236266816178	-84.88784566560172
531.7149643215078	-85.89815396763717
531.8063019613977	-86.84376373121299
531.8976396012877	-87.7350140417087
531.9889772411776	-88.5795099052197
532.1412953810205	-89.89880233231493
532.2936135208635	-91.12258396888242
532.4459316607064	-92.2646455732762
532.5982498005493	-93.33634228018175
532.7505679403922	-94.34699861289585
532.9954969199807	-95.8620865774107
533.2404258995692	-97.26078581478262
533.4853548791577	-98.55973732567226
533.7302838587462	-99.77193385325985
533.9752128383348	-100.90785844728155
534.3579712877939	-102.54984315713061
534.7407297372531	-104.04993410070885
535.1234881867123	-105.42545835513245
535.5062466361715	-106.68989137349722
535.8890050856306	-107.85421540578558
536.4799077066316	-109.47555556075002
537.0708103276326	-110.9050512517548
537.6617129486335	-112.16220676527877
538.5921529590885	-113.83141088804778
539.5225929695434	-115.16535896070245
540.4530329799984	-116.20516344251106
541.3834729904534	-116.98677105508817
542.3139130009083	-117.54287290087677
543.2443530113633	-117.90228408449222
544.7254990631133	-118.13061569577704
546.2066451148632	-118.01442482883988
547.6877911666132	-117.63164758814297
549.1689372183632	-117.04998887654952
550.6500832701132	-116.32644163556495
552.1312293218632	-115.50765980029936
553.6123753736132	-114.6312793940457
555.0935214253632	-113.72739233938063
556.5746674771132	-112.81979534883313
558.0558135288632	-111.92696399630232
560.3126017140071	-110.62565239827133
562.569389899151	-109.42364676145733
564.826178084295	-108.33823818550766
567.0829662694389	-107.37625700483406
569.3397544545828	-106.53719246932323
571.5965426397267	-105.81526348869409
573.8533308248707	-105.20141407478741
576.1101190100146	-104.6848887389628
578.3669071951585	-104.25425935902899
580.6236953803025	-103.89819814039824
582.8804835654464	-103.60603226133374
585.1372717505903	-103.3679933216385
587.3940599357343	-103.17532328824181
589.6508481208782	-103.02034837637032
591.9076363060221	-102.89643530525832
594.1644244911661	-102.79795936417766
596.42121267631	-102.72015331133582
598.6780008614539	-102.65899431942309
600.9347890465979	-102.61114945445746
603.1915772317418	-102.57392537009216
604.7480861548892	-102.5532817574567
606.3045950780365	-102.53600877191974
607.8611040011839	-102.52155408272601
609.4176129243313	-102.50946416262484
610.9741218474786	-102.49937863913611
614.0246882767862	-102.4843262358362
617.0752547060937	-102.4738448614908
618.9261558205324	-102.46900447737004
620.777056934971	-102.46499769560026
622.6279580494097	-102.46165131727217
624.4788591638484	-102.45884616281468
626.329760278287	-102.45647601786936
631.271734625343	-102.45136481166814
636.213708972399	-102.44760073841142
641.155683319455	-102.44417982169952
646.0976576665109	-102.44103804899261
651.0396320135669	-102.43820377325002
655.9816063606229	-102.43561210135297
660.9235807076789	-102.43333972504578
665.8655550547348	-102.43143918488241
670.8075294017908	-102.42984344728153
678.3889043984262	-102.42794995610026
685.9702793950617	-102.427002737496
693.5516543916971	-102.4264414867925
701.1330293883325	-102.42631867243814
708.7144043849679	-102.42638664606974
716.2957793816033	-102.42681290796725
723.8771543782387	-102.42738907992397
731.4585293748742	-102.42801939106391
739.0399043715096	-102.42855043878409
746.621279368145	-102.4290927173944
754.2026543647804	-102.42979481946502
761.7840293614158	-102.43033087262616
769.3654043580513	-102.43066818679726
776.9467793546867	-102.43127020349431
781.0407297750455	-102.43162528057356
785.1346801954044	-102.43191367237115
789.2286306157632	-102.43212578278046
798.2888046603399	-102.43249896210017
807.3489787049166	-102.43277293536124
823.8431254172157	-102.43333278074242
853.6218959983241	-102.43389180716599
883.4006665794326	-102.4340917631473
913.179437160541	-102.43495878087319
930.9999999999793	-102.43530346194434
931.0000000000103	-102.43530346194434
931.0003545328974	-102.41087829411101
931.0007090657845	-102.3877496046849
931.001253040887	-102.35365531305489
931.0022077829154	-102.29688467507289
931.00391046559	-102.20180660264691
931.0056131482646	-102.11256409537425
931.0073158309392	-102.02761679086456
931.0100003552411	-101.9004167537345
931.012684879543	-101.78033983370213
931.0171171845142	-101.5938999787204
931.0215494894853	-101.41958609679332
931.0285479373212	-101.16282770279068
931.035546385157	-100.9231170036444
931.0484264456429	-100.51387444224913
931.0613065061289	-100.13337673620832
931.0741865666148	-99.77449201136729
931.0870666271007	-99.43413687711679
931.0999466875867	-99.11003685341676
931.1213292676226	-98.60246900886325
931.1427118476586	-98.126328189762
931.1640944276945	-97.67606907436067
931.1854770077305	-97.24792740256693
931.2191630113167	-96.61223497492966
931.252849014903	-96.01650558844437
931.2865350184892	-95.45434601259794
931.3379405978792	-94.6510494209786
931.3893461772692	-93.90282128464759
931.4407517566592	-93.20059181516861
931.5320455010745	-92.04624332534688
931.6233392454899	-90.98922644539543
931.7146329899052	-90.01234220708078
931.8059267343206	-89.10234511699716
931.8972204787359	-88.24876306110906
931.9885142231512	-87.44386921943897
932.140086128182	-86.19991212888525
932.2916580332128	-85.05523953772382
932.4432299382436	-83.99578093182512
932.5948018432744	-83.00992937466322
932.7463737483051	-82.08813873044193
932.9899483822517	-80.72257289200313
933.2335230161982	-79.47970670529438
933.4770976501447	-78.34223505234864
933.7206722840913	-77.29658667624676
933.9642469180378	-76.33173697164898
934.342288245397	-74.97370425894835
934.7203295727561	-73.76342225502465
935.0983709001152	-72.6820123557934
935.4764122274744	-71.71436338687154
935.8544535548335	-70.84769348426339
936.4312048529686	-69.69578897837839
937.0079561511036	-68.72235080121263
937.5847074492386	-67.90215037544353
938.517275987349	-66.84581330492384
939.4498445254593	-66.05963863941616
940.3824130635696	-65.48513570546491
941.31498160168	-65.07822265670116
942.2475501397903	-64.80450413390422
943.1801186779006	-64.63170223878114
944.112687216011	-64.53947565653353
945.0452557541213	-64.51568183286673
945.9778242922316	-64.5438124946369
946.910392830342	-64.61494919644888
947.8429613684523	-64.71999088781769
948.7755299065626	-64.84148871818535
949.4132030789582	-64.93572969685972
949.8671666372614	-65.0153186498389
950.3211301955647	-65.09964329490191
950.775093753868	-65.18383968857991
951.2290573121712	-65.26810242029504
951.6830208704745	-65.35389080148586
952.1369844287777	-65.44348767277225
952.590947987081	-65.53729985327755
953.0449115453843	-65.63125756604086
953.4988751036875	-65.72415784882055
953.9528386619908	-65.81875962682693
954.406802220294	-65.91493542216664
954.8607657785973	-66.01199173128383
955.3147293369005	-66.10992851536567
955.7686928952038	-66.20681189643523
956.222656453507	-66.3036192896808
956.6766200118103	-66.4024613705187
957.1305835701136	-66.50079473800812
957.5845471284168	-66.59795547355698
958.0385106867201	-66.69586216658811
958.4924742450233	-66.79311734305215
958.9464378033266	-66.88887105115118
959.4004013616299	-66.98439969527303
959.8543649199331	-67.07995937098138
960.3083284782364	-67.17547467854327
960.7622920365396	-67.27091550158731
961.2162555948429	-67.36565233821615
961.6702191531461	-67.45966821925411
962.1241827114494	-67.553508804803
962.5781462697527	-67.64676004896504
963.0321098280559	-67.73901347240141
963.4860733863592	-67.83037317192672
963.9400369446624	-67.92073177789187
964.3940005029657	-68.010444488366
964.847964061269	-68.09970543097035
965.3019276195722	-68.18777165023016
965.7558911778755	-68.27469443608062
966.2098547361787	-68.36108506060303
966.663818294482	-68.44659967794186
967.1177818527852	-68.53107676976244
967.5717454110885	-68.61475186057368
968.0257089693918	-68.69751869255697
968.479672527695	-68.7793354323203
968.9336360859983	-68.8602791289295
969.3875996443015	-68.9401080269566
969.8415632026048	-69.018843658795
970.5314400880442	-69.13648374451775
971.2213169734836	-69.25152616228038
971.911193858923	-69.36374354181814
972.6010707443623	-69.47401064436261
973.2909476298017	-69.58314390251351
973.9808245152411	-69.69058579960891
975.0339818850645	-69.85130978373564
976.0871392548878	-70.00707078117247
977.1402966247111	-70.15802567654555
978.1934539945345	-70.30376568829641
979.2466113643578	-70.44272277436788
980.2997687341812	-70.57632270115232
981.3529261040045	-70.70567211627657
982.4060834738278	-70.82941992648793
983.4592408436512	-70.9487460665099
984.5123982134745	-71.0644862736123
985.5655555832979	-71.1745364417553
986.6187129531212	-71.28014825548738
987.6718703229445	-71.38269300079824
988.7250276927679	-71.4796880971198
989.7781850625912	-71.57251167878901
990.8313424324145	-71.66213502372938
991.8844998022379	-71.74684565713761
992.9376571720612	-71.82796976847398
993.9908145418846	-71.90678575265791
995.0439719117079	-71.98095648793452
996.0971292815312	-72.05078725656648
997.1502866513546	-72.11744742407527
998.2034440211779	-72.18129743017069
999.7853912675605	-72.27239312129186
1001.3673385139431	-72.35789530274111
1002.9492857603257	-72.43688660040813
1004.5312330067082	-72.5084130236917
1006.1131802530908	-72.5737385136719
1007.6951274994734	-72.63401254315056
1009.277074745856	-72.68880587117305
1010.8590219922386	-72.73884897624706
1012.4409692386212	-72.78479313345635
1014.0229164850037	-72.82685491226698
1015.6048637313863	-72.86612055300782
1017.1868109777689	-72.90255907449011
1018.7687582241515	-72.93503510788985
1020.3507054705341	-72.96506325457032
1021.9326527169167	-72.99275069711176
1023.5145999632992	-73.01646575946863
1025.0965472096818	-73.03928464141782
1026.6784944560645	-73.06123810203559
1028.2604417024472	-73.08025733193192
1029.84238894883	-73.09796703851545
1031.4243361952126	-73.11408958104924
1033.0062834415953	-73.12808606616848
1034.588230687978	-73.14051666120615
1036.1701779343607	-73.15141663524334
1037.7521251807434	-73.16071980747472
1039.334072427126	-73.16969235339951
1041.7072931891187	-73.1821547323879
1044.0805139511112	-73.19217163392572
1046.4537347131038	-73.2011330191036
1048.8269554750964	-73.20863573290488
1051.200176237089	-73.21480935245268
1053.5733969990815	-73.22439712939742
1055.946617761074	-73.2286197560278
1057.6426911159072	-73.22726112657769
1058.8870492426981	-73.2298887049275
1060.1314073694891	-73.23421307580364
1061.37576549628	-73.23883402336205
1062.620123623071	-73.24298696686162
1063.864481749862	-73.24396128772081
1065.108839876653	-73.24449522567024
1066.353198003444	-73.24730028815026
1067.597556130235	-73.24792410685569
1068.841914257026	-73.249914649051
1070.086272383817	-73.25404466581938
1071.330630510608	-73.25141287657586
1072.2426705875578	-73.2465194447742
1073.1547106645075	-73.24584613813079
1074.0667507414573	-73.24984493040402
1074.978790818407	-73.2556435279991
1075.8908308953569	-73.25931525896969
1076.8028709723067	-73.25854181278211
1077.7149110492564	-73.25773542416303
1078.6269511262062	-73.25949881651857
1079.538991203156	-73.26078699457474
1080.4510312801058	-73.26222874781566
1081.3630713570556	-73.26331166984693
1082.2751114340053	-73.26222302109906
1083.1871515109551	-73.26364947795253
1083.8537093005305	-73.26723702989312
1084.5202670901058	-73.26954329192843
1085.1868248796811	-73.27003457594374
1085.8533826692565	-73.26973082898324
1086.5199404588318	-73.26903440366709
1087.1864982484071	-73.26907612594398
1087.8530560379825	-73.2698931943845
1088.5196138275578	-73.27008309923038
1089.1861716171331	-73.26992837216244
1089.8527294067085	-73.27011137120205
1090.5192871962838	-73.2702057748575
1091.1858449858591	-73.27046028798567
1091.8524027754345	-73.27090275753052
1092.5189605650098	-73.27087902119302
1093.1855183545852	-73.27094517147775
1093.8520761441605	-73.2714483555632
1094.5186339337358	-73.27163890579796
1095.1851917233112	-73.27175019243775
1095.8517495128865	-73.27212556500464
1096.5183073024618	-73.27226365324567
1097.1848650920372	-73.27205503905694
1097.8514228816125	-73.27173830136968
1098.5179806711878	-73.2714423874176
1099.1845384607632	-73.27153846954742
1099.8510962503385	-73.27210352834032
1100.5176540399139	-73.27259217811404
1101.1842118294892	-73.27288350966109
1101.8507696190645	-73.27319267407593
1102.5173274086399	-73.27346823006408
1103.1838851982152	-73.27384139882093
1103.8504429877905	-73.27432332375399
1104.5170007773659	-73.27457595819311
1105.1835585669412	-73.27476370335818
1105.8501163565165	-73.27513305741631
1106.5166741460919	-73.2754249034923
1107.1832319356672	-73.27567046354619
1107.8497897252425	-73.27599130952143
1108.5163475148179	-73.27617136717716
1109.1829053043932	-73.27637264891109
1109.8494630939686	-73.27673172412129
1110.516020883544	-73.27706015127387
1111.1825786731192	-73.27735526894662
1111.8491364626946	-73.27767365338067
1112.51569425227	-73.27785372594232
1113.1822520418452	-73.27797669736556
1113.8488098314206	-73.27817743881313
1114.515367620996	-73.27831849765298
1115.1819254105712	-73.2784669584712
1115.8484832001466	-73.27870839591372
1116.515040989722	-73.27884344031298
1117.1815987792972	-73.27894380691254
1117.8481565688726	-73.27915350342825
1118.514714358448	-73.27930042978534
1119.1812721480233	-73.27943399168217
1119.8478299375986	-73.27965178823506
1120.514387727174	-73.27976537558405
1121.1809455167493	-73.27987118023715
1121.8475033063246	-73.28009917481572
1122.5140610959	-73.28022955040078
1123.1806188854753	-73.28033022208169
1123.8471766750506	-73.28056676056843
1124.513734464626	-73.28084645711047
1125.1802922542013	-73.2811213038845
1125.8468500437766	-73.28138791178552
1126.513407833352	-73.28149690698977
1127.5921890410777	-73.28158407133223
1128.6709702488035	-73.2819666114392
1129.7497514565293	-73.28272336717119
1130.8285326642551	-73.2833046664699
1130.999999999975	-73.283336954651
1131.0000000000127	-73.283336954651
