t	v
0.0	-80.0
0.002144599284184409	-79.99388627031696
0.006018899855430227	-79.98349664040266
0.013423503782411451	-79.96466147328887
0.020828107709392675	-79.94644839614686
0.034928359590714726	-79.91274036355139
0.05750808017573097	-79.86054908963717
0.10082122665058738	-79.7640235244358
0.14413437312544378	-79.67069619765508
0.18744751960030018	-79.57935066251275
0.23076066607515658	-79.4894036633851
0.274073812550013	-79.40055675128929
0.3513514985112813	-79.24422751392147
0.42862918447254955	-79.09046101573263
0.5678666366156796	-78.81897987519508
0.793939977135984	-78.39193092757428
1.1374570317207158	-77.77228098682473
1.4809740863054477	-77.18522110467093
1.8244911408901796	-76.62830158002285
2.1680081954749113	-76.09981262235375
2.7489387184922576	-75.26725386451406
3.329869241509604	-74.50759533999945
3.91079976452695	-73.81646291951931
4.838615141117445	-72.84473214091452
5.766430517707939	-72.0215673557521
6.694245894298434	-71.3318857926769
7.622061270888929	-70.76114170578417
9.126383286015413	-70.05292348775666
10.630705301141898	-69.566850610327
12.135027316268383	-69.25386764175413
13.639349331394868	-69.0758938513708
15.143671346521353	-68.99957604465429
16.64799336164784	-69.00133307746472
18.15231537677432	-69.06106976531863
19.656637391900805	-69.16139590383771
21.16095940702729	-69.29234662954484
22.66528142215377	-69.4453615602861
25.227429578950844	-69.73153379266981
26.825107802683767	-69.91969206868073
28.42278602641669	-70.11204746503151
30.020464250149615	-70.30392668694665
31.61814247388254	-70.49378081922691
33.21582069761546	-70.67967657547293
34.81349892134838	-70.85859980106902
36.411177145081304	-71.03105509549685
38.008855368814224	-71.19701044528298
39.606533592547144	-71.35421969535948
41.204211816280065	-71.50357300589808
42.801890040012985	-71.64579355587071
45.781057619144434	-71.88901685003279
48.76022519827588	-72.10343666230189
51.73939277740733	-72.2919777444065
54.71856035653878	-72.4575147658187
57.69772793567023	-72.60015409765232
62.271688408354734	-72.78191963287681
66.84564888103924	-72.9205402017605
71.41960935372374	-73.02836928947352
75.99356982640825	-73.10580597056902
80.56753029909275	-73.16265131262432
85.14149077177726	-73.20575977935665
89.71545124446176	-73.23372140189129
94.28941171714627	-73.25136248536107
98.86337218983077	-73.265950524986
103.43733266251527	-73.27476376489699
108.01129313519978	-73.27731147570505
112.62282965767717	-73.28030345901735
117.23436618015457	-73.28157772050658
121.84590270263196	-73.2818864405339
126.45743922510935	-73.28308076458737
131.06897574758676	-73.28356076958057
135.68051227006416	-73.28278374002596
145.080690495041	-73.28414870354261
154.48086872001787	-73.28325058285863
163.88104694499472	-73.28223840544794
168.3866841830674	-73.28327041960024
172.89232142114005	-73.2834695055947
177.39795865921272	-73.2840395893024
184.35647066845192	-73.2853097587847
196.38599409056602	-73.28547702325224
208.4155175126801	-73.28638703586712
220.4450409347942	-73.28777112314462
243.04484390614388	-73.28810340182656
265.6446468774935	-73.28577995503854
288.08751219675156	-73.29097247263766
299.7417793584914	-73.28864885353485
311.39604652023115	-73.29026631648674
323.0503136819709	-73.28871388214648
334.7045808437107	-73.28426644358181
346.35884800545045	-73.29163986477238
358.0131151671902	-73.29803467877217
360.9266819576252	-73.2960421380823
363.84024874806016	-73.29390510965725
366.75381553849513	-73.29117426014516
371.22280972095376	-73.28930050333686
375.6918039034124	-73.28829472392083
380.160798085871	-73.28755155334693
387.36066735143123	-73.28761600443912
394.56053661699144	-73.28794000421959
401.76040588255165	-73.28806064185075
418.3744223206592	-73.28955279796311
434.9884387587668	-73.28875658442003
451.60245519687436	-73.29045812628641
468.21647163498193	-73.29172403561348
484.8304880730895	-73.28829834865603
501.44450451119707	-73.28672583386154
505.598008620724	-73.28839988219073
509.7515127302509	-73.28897271199858
513.9050168397778	-73.28937046036759
527.4871402267804	-73.29059382955082
530.9999999999882	-73.29045535912051
531.0000000000059	-73.29045535912051
531.0005013859252	-73.27352138890969
531.0010027718445	-73.25761854061435
531.0018984176847	-73.23100892553735
531.002794063525	-73.20559015595933
531.004546695552	-73.15886319846122
531.006299327579	-73.11445052555479
531.0094370054445	-73.0389124472794
531.01257468331	-72.96780869351592
531.0201694172733	-72.80988184568633
531.0277641512366	-72.66747312294956
531.0353588851999	-72.53585630921296
531.0429536191632	-72.41203019086383
531.0505483531265	-72.29418253122921
531.0640332029545	-72.09593197252089
531.0775180527826	-71.90978118239735
531.0995681087925	-71.62607598190878
531.1216181648024	-71.36314701715764
531.1580210115291	-70.96417444598582
531.1944238582557	-70.59840767841104
531.2308267049824	-70.25850364644455
531.2672295517091	-69.94009796170839
531.3036323984358	-69.64005105778831
531.3635970850006	-69.17965562690868
531.4235617715655	-68.75372996723485
531.4835264581303	-68.35585105337634
531.5785341672141	-67.77269052652753
531.6735418762979	-67.2367648355986
531.7685495853817	-66.73962390181862
531.9403324441653	-65.9202830906143
532.1121153029488	-65.18491390569429
532.2838981617324	-64.51914643991397
532.455681020516	-63.91096952395133
532.6274638792995	-63.350417322942384
532.8866477104476	-62.579667888722824
533.1458315415957	-61.88453364403377
533.4050153727438	-61.25274556145107
533.6641992038919	-60.67422132983947
533.92338303504	-60.14054384697794
534.3531351342137	-59.337079082209705
534.7828872333874	-58.61602858629056
535.2126393325611	-57.959446382097745
535.6423914317348	-57.352432797943095
536.0721435309085	-56.781793944658695
536.5018956300822	-56.23865316808642
536.9316477292559	-55.71249961297964
537.3613998284296	-55.19230572002998
538.0065877540717	-54.389516896291134
538.6517756797138	-53.49719575568912
538.8130726611242	-53.24723784273403
538.9743696425347	-52.978646522301055
539.1356666239452	-52.68499838086828
539.2969636053557	-52.36068961759341
539.4582605867662	-51.99099406375688
539.6195575681767	-51.54905122155512
539.6598818135293	-51.423209315479625
539.7002060588819	-51.28883469866576
539.7405303042345	-51.14434904749702
539.8016940602822	-50.900483387958154
539.8628578163299	-50.6154015260116
539.8781487553418	-50.535922079051474
539.8934396943538	-50.452151594969735
539.9305120519185	-50.226077815519226
539.9397801413097	-50.163540372123215
539.9490482307009	-50.098003156951776
539.965943253279	-49.96940713336594
539.982838275857	-49.82626836724541
539.9997332984351	-49.66400021252483
540.0166283210132	-49.47551947833303
540.0269430527572	-49.343450659944764
540.0372577845013	-49.19422772651942
540.0475725162454	-49.02299648218757
540.0539855605047	-48.90290112335731
540.0603986047639	-48.770247331429935
540.0668116490232	-48.623158060082396
540.0732246932824	-48.459787122557316
540.0796377375417	-48.278454244708804
540.086050781801	-48.07779035094285
540.0924638260602	-47.85683599945361
540.0988768703195	-47.615046670596
540.1052899145787	-47.352198525326976
540.111702958838	-47.068237150966304
540.1181160030973	-46.76314234421635
540.1245290473565	-46.43687406632019
540.1309420916158	-46.089410420834376
540.137355135875	-45.720834952348795
540.1437681801343	-45.33143188961749
540.1536914753757	-44.68924493245582
540.1636147706171	-44.00168942146627
540.1735380658585	-43.27258932812356
540.1834613610998	-42.505557580859445
540.1933846563412	-41.70282191442161
540.2033079515826	-40.864517990595395
540.213231246824	-39.98858962371237
540.2231545420653	-39.07085516360365
540.2382823134774	-37.57572673748331
540.2534100848894	-35.93229351775314
540.2685378563015	-34.08965129274068
540.2836656277135	-31.977359385736293
540.2987933991255	-29.499790025413468
540.3139211705376	-26.529115857061537
540.3290489419496	-22.900345965203957
540.3441767133617	-18.420749000543886
540.3593044847737	-12.922527271285972
540.3744322561857	-6.407891514535149
540.3895600275978	0.8579252754879261
540.4046877990098	8.223715785040692
540.4198155704219	14.872468038428059
540.4291658634212	18.374238410283564
540.4385161564205	21.36856040765016
540.4478664494198	23.856147019226405
540.4572167424192	25.86358700013972
540.4665670354185	27.44426939841443
540.4759173284178	28.663911800892155
540.4852676214172	29.583266395701674
540.4946179144165	30.251625069863387
540.5039682074158	30.709103698665
540.5133185004152	30.99002681776875
540.5226687934145	31.12407742288303
540.5374100606631	31.095359867437626
540.5521513279117	30.838419203198534
540.5668925951603	30.406492524537484
540.5816338624089	29.839642756089166
540.5963751296575	29.16826189504842
540.6111163969061	28.414188079940843
540.6258576641548	27.59335099478875
540.6405989314034	26.71811029475491
540.655340198652	25.798389683312827
540.6700814659006	24.842160451168358
540.6848227331492	23.85579772623391
540.6995640003978	22.844461431787884
540.7143052676464	21.812433260073917
540.729046534895	20.76333449202614
540.7520206772068	19.101459059637662
540.7749948195186	17.415022292123805
540.7979689618304	15.711471811751936
540.8209431041422	13.99682064542485
540.843917246454	12.275973064025242
540.8668913887658	10.552902114577664
540.8898655310776	8.830813652956495
540.9128396733894	7.112307800283342
540.9479029801781	4.5012192879255375
540.9829662869669	1.9093974769739919
541.0180295937556	-0.6585469086956096
541.0530929005444	-3.1995764558029562
541.0881562073331	-5.7123554251207675
541.1232195141218	-8.196628306507854
541.1582828209106	-10.653962343739435
541.1933461276993	-13.08913931937423
541.2284094344881	-15.480850523469263
541.2634727412768	-17.814119408332225
541.2985360480656	-20.096259661201938
541.3335993548543	-22.338960284617514
541.368662661643	-24.546507692536228
541.4037259684318	-26.7200375002391
541.4387892752205	-28.86646195457342
541.4738525820093	-30.9950030510654
541.508915888798	-33.109038153799005
541.5439791955868	-35.20101331943784
541.5790425023755	-37.256624478647595
541.6141058091642	-39.259197419193455
541.649169115953	-41.194364155286884
541.6842324227417	-43.050474242995776
541.7192957295305	-44.83263534122869
541.7543590363192	-46.53762416046804
541.789422343108	-48.145837992152565
541.8244856498967	-49.63585420070823
541.8595489566854	-50.99789601993477
541.8946122634742	-52.22846375100047
541.9296755702629	-53.325168434183894
541.9647388770517	-54.28940610428622
541.9998021838404	-55.12934152433384
542.0348654906292	-55.85800549283516
542.0699287974179	-56.489573954353226
542.1049921042066	-57.037293909710485
542.1579362363268	-57.73112049749606
542.2377931145352	-58.542779149410684
542.3176499927436	-59.15793424763174
542.3975068709519	-59.643722200375066
542.4773637491603	-60.04305782535495
542.5572206273687	-60.383471999562815
542.637077505577	-60.68179143315332
542.7169343837854	-60.948139104751576
542.7967912619938	-61.188789660148046
542.8766481402022	-61.40783510090834
542.9565050184106	-61.60808526548778
543.0858179823506	-61.896220280870715
543.2151309462906	-62.14556958598486
543.3444439102307	-62.36172858289357
543.4737568741707	-62.54876376727736
543.6030698381107	-62.70948537810168
543.8094977670175	-62.916416383484396
544.0159256959244	-63.069850800091515
544.2223536248312	-63.17781024516357
544.5851720587962	-63.27732264921102
544.9479904927612	-63.28429809169337
545.3108089267262	-63.22224418193926
545.6736273606912	-63.10578084498742
546.0364457946562	-62.945761359866225
546.3992642286212	-62.753398838807385
546.7620826625862	-62.53852547081279
547.1249010965512	-62.30751556893707
547.4877195305162	-62.0648052323751
547.8505379644812	-61.81441604769048
548.4466120899182	-61.39510941462576
549.3897110739807	-60.73285359268404
550.3328100580433	-60.097919982165664
551.2759090421058	-59.49443780169571
552.2190080261684	-58.93009007893139
553.1621070102309	-58.399047605586496
554.1052059942934	-57.93293754278877
554.719643056183	-57.64955668516699
555.3340801180726	-57.36677420879286
555.9485171799622	-57.0952014484677
556.5629542418518	-56.84468058616257
557.1773913037414	-56.61356118590683
557.791828365631	-56.38904330723836
558.4062654275206	-56.1668103308934
559.0207024894102	-55.96021429393812
559.6351395512997	-55.767598629005704
560.2495766131893	-55.59014659182112
560.8640136750789	-55.41916294419247
561.4784507369685	-55.24534017240049
562.0928877988581	-55.08583587674306
562.5060053665982	-54.9810748272347
562.9191229343382	-54.87549630128143
563.3322405020783	-54.77202239296731
563.7453580698184	-54.66433741152272
564.1584756375585	-54.55678018225728
564.4438131538875	-54.489472400479144
564.7291506702165	-54.42668894699262
565.0144881865456	-54.362323585355945
565.2998257028746	-54.29435927905664
565.5851632192037	-54.22612757173691
565.8705007355327	-54.168964456665066
566.1558382518617	-54.107216506345054
566.227172630944	-54.08911990657755
566.2985070100262	-54.07278494977471
566.3698413891085	-54.05822348977868
566.4411757681908	-54.044065558434944
566.512510147273	-54.028767049914286
566.6281745154416	-54.00265305845143
566.7438388836102	-53.97678110863129
566.8595032517788	-53.95064293135947
566.9751676199475	-53.92599109322515
567.0908319881161	-53.90080139900844
567.2064963562847	-53.8765941519324
567.2851818251637	-53.86054583253016
567.3638672940427	-53.84363836496792
567.4425527629218	-53.825990243561584
567.5212382318008	-53.80774696925562
567.5999237006798	-53.78989357018507
567.6786091695589	-53.77244057961156
567.7572946384379	-53.755523359764126
567.8359801073169	-53.73836570738414
567.914665576196	-53.72119571337619
567.993351045075	-53.703632122813175
568.072036513954	-53.68633593322119
568.150721982833	-53.66874350541634
568.2294074517121	-53.651477049765866
568.3080929205911	-53.634650922983006
568.3867783894701	-53.61799205437108
568.4654638583492	-53.600803923567334
568.5441493272282	-53.58299957819794
568.6228347961072	-53.56471495789553
568.7015202649862	-53.54668019381876
568.7802057338653	-53.52875617462937
568.8588912027443	-53.51066492548495
568.9375766716233	-53.49238567383781
569.0162621405024	-53.47422724955341
569.1796709286841	-53.43682804899061
569.3430797168659	-53.398720561305595
569.5064885050476	-53.359769766652576
569.6698972932294	-53.320152825715304
570.0581859416216	-53.22648042357904
570.4464745900137	-53.131611697510586
570.8347632384059	-53.029848106284376
571.2230518867981	-52.92303027484501
571.6113405351903	-52.801029303853184
571.9996291835824	-52.67054958115543
572.3879178319746	-52.52579268173925
572.7762064803668	-52.35964392306466
573.164495128759	-52.166356304313304
573.5527837771511	-51.935539931105346
573.763086903397	-51.78324031118916
573.9733900296429	-51.60339826425489
574.1836931558888	-51.3902782396499
574.2974985559974	-51.25475791309693
574.411303956106	-51.09928092973044
574.5251093562147	-50.917222888831745
574.6389147563233	-50.69650542137004
574.6673661063504	-50.63455121597213
574.6958174563775	-50.568884498430315
574.7242688064047	-50.4989573529564
574.7811002591344	-50.34344743591697
574.8379317118641	-50.16082459171449
574.8734973703846	-50.02812539852483
574.909063028905	-49.87552177844404
574.9446286874255	-49.694835404240685
574.9640763403635	-49.58005092106331
574.9835239933014	-49.44963552961382
575.0029716462394	-49.29819863521829
575.0224192991774	-49.11736094786466
575.0342882216065	-48.987641620120705
575.0461571440356	-48.838110269568524
575.0580260664648	-48.66291539836008
575.0652254423969	-48.54122796338094
575.0724248183291	-48.4055774921002
575.0796241942612	-48.253983376572144
575.0868235701934	-48.08457706236164
575.0940229461255	-47.89574763338531
575.1012223220577	-47.686282970344585
575.1084216979898	-47.45543953817424
575.115621073922	-47.202902736342885
575.1228204498541	-46.92865277487006
575.1300198257862	-46.632800234555475
575.1372192017184	-46.315466484977655
575.1444185776505	-45.97676093394194
575.1516179535827	-45.616847184075155
575.1588173295148	-45.23602682051143
575.166016705447	-44.83480661189702
575.1773940161177	-44.1610660883023
575.1887713267884	-43.44196901371593
575.200148637459	-42.68137247927531
575.2115259481297	-41.88231505995411
575.2229032588004	-41.0458641917228
575.2342805694711	-40.170490116236024
575.2456578801418	-39.25210754314877
575.2570351908125	-38.28412973124814
575.274183585525	-36.70943089020232
575.2913319802374	-34.95248636671929
575.3084803749498	-32.94706265212069
575.3256287696622	-30.602403985066875
575.3427771643746	-27.796089176551405
575.3599255590871	-24.36853825095064
575.3770739537995	-20.12896952016238
575.3942223485119	-14.899035237051459
575.4113707432243	-8.654687796517784
575.4285191379367	-1.6268233889538788
575.4456675326492	5.581390588889343
575.4628159273616	12.152189818380634
575.4733199671375	15.606391726154602
575.4838240069134	18.57771186590088
575.4943280466894	21.059646693804307
575.5048320864653	23.071688314647847
575.5153361262412	24.661686132167752
575.5258401660171	25.891793431953282
575.5363442057931	26.82056811850153
575.546848245569	27.49578164727183
575.5573522853449	27.956430177437806
575.5678563251208	28.23609150118802
575.5783603648968	28.36402264354658
575.5946531747599	28.31812018590011
575.610945984623	28.03656995849817
575.6272387944861	27.572363046400234
575.6435316043492	26.96491174515684
575.6598244142123	26.243468510585753
575.6761172240754	25.42982049354008
575.6924100339385	24.540750259531176
575.7087028438016	23.589745732297356
575.7249956536647	22.587840601841332
575.7412884635278	21.54401834220336
575.7575812733909	20.465578896355
575.773874083254	19.358539806976715
575.7901668931171	18.227966273429356
575.8152974545444	16.44784080474199
575.8404280159717	14.634817587226056
575.865558577399	12.79901269443481
575.8906891388264	10.948555295817776
575.9158197002537	9.090031432761425
575.940950261681	7.22874331174593
575.9660808231083	5.368933155921085
575.9912113845356	3.5140019446356705
576.016341945963	1.6667186636876188
576.0414725073903	-0.17063176011795914
576.0666030688176	-1.9962390337510438
576.0917336302449	-3.8087701633807627
576.1168641916722	-5.607393825049905
576.1419947530995	-7.391513796273304
576.1671253145269	-9.160888254601451
576.1922558759542	-10.91599222192309
576.2314599054913	-13.628495077196725
576.2706639350284	-16.282870418524254
576.3098679645656	-18.859214975874423
576.3490719941027	-21.370720139029082
576.3882760236398	-23.831946202031308
576.427480053177	-26.251588718231023
576.4666840827141	-28.6307920664618
576.5058881122512	-30.97674132838645
576.5450921417884	-33.290602129010686
576.5842961713255	-35.56515000885281
576.6235002008626	-37.77745694007898
576.6627042303998	-39.90332548744304
576.7019082599369	-41.92040507878878
576.741112289474	-43.824811435486964
576.7803163190111	-45.630142966961294
576.8195203485483	-47.325971562230755
576.8587243780854	-48.88696972774273
576.8979284076225	-50.29833235086652
576.9371324371597	-51.56155986024308
576.9763364666968	-52.68104051810721
577.0155404962339	-53.66062236118717
577.0547445257711	-54.50890814151025
577.0939485553082	-55.240995977229154
577.1331525848453	-55.87406195423208
577.1723566143825	-56.42361522475708
577.2115606439196	-56.90271313029059
577.280022442709	-57.60360360521131
577.3484842414983	-58.172608089131515
577.4169460402877	-58.646220196256586
577.4854078390771	-59.05078736870534
577.5538696378665	-59.40448807396646
577.6223314366558	-59.719539079184486
577.6907932354452	-60.00428688590891
577.7951321641493	-60.39365937230674
577.8994710928534	-60.740794053335115
578.0653457016645	-61.2246798152143
578.2312203104755	-61.63839324261768
578.3970949192865	-62.00019676569417
578.5629695280975	-62.31175437760221
578.7288441369085	-62.566231302783976
578.8947187457195	-62.77286593190848
579.0605933545305	-62.951218197744446
579.2264679633415	-63.10826852519656
579.3923425721525	-63.23768727203793
579.5582171809635	-63.33707472161857
579.7240917897745	-63.41384032708138
579.8899663985856	-63.47538556438552
580.0558410073966	-63.52224970874215
580.2217156162076	-63.55246231572595
580.3875902250186	-63.567345174314454
580.5534648338296	-63.570594141968414
580.7193394426406	-63.564431586372734
580.8852140514516	-63.54899481038204
581.0510886602626	-63.5244445666547
581.2169632690736	-63.491982083769855
581.4749634513677	-63.42793433558101
581.7329636336617	-63.350612910290195
581.9909638159558	-63.262850693930424
582.2489639982498	-63.16637373202639
582.6666054349631	-62.99538705519766
583.0842468716764	-62.810291879088375
583.5018883083898	-62.6157535404902
583.9195297451031	-62.41605238994292
584.5845415534272	-62.09443598120263
585.2495533617514	-61.775482082139206
585.9145651700755	-61.46482016743231
586.5795769783997	-61.16605724558864
587.2445887867239	-60.88131958697879
588.2706951192607	-60.47217243522494
589.2968014517976	-60.10145445200453
590.3229077843345	-59.76958962940736
591.3490141168713	-59.47404920239615
592.3751204494082	-59.21042449608166
593.4012267819451	-58.97651860576217
594.4273331144819	-58.771623467023424
595.4534394470188	-58.59445392750478
596.4795457795557	-58.4390254151062
597.5056521120925	-58.30205598069495
598.5317584446294	-58.183176409809874
599.5578647771663	-58.08763860108009
600.5839711097032	-58.0066319742583
601.61007744224	-57.93222659688682
602.6361837747769	-57.87240754206202
603.6622901073138	-57.8154457368063
604.6883964398506	-57.77010075179333
605.7145027723875	-57.740791403724955
606.7406091049244	-57.71999138617564
607.7667154374612	-57.70222228282294
608.7928217699981	-57.68787895263146
609.818928102535	-57.67822142692247
610.8450344350719	-57.68328557014906
611.8711407676087	-57.6859330674287
612.8972471001456	-57.68061509656968
613.9233534326825	-57.66416179951704
614.9494597652193	-57.66579574314185
615.6172415433726	-57.67808993273888
616.285023321526	-57.68559426090692
616.9528050996793	-57.694391817156124
617.6205868778326	-57.70319199589684
618.2883686559859	-57.7144534068507
618.9561504341392	-57.71852815909006
619.6239322122925	-57.72760601843367
620.0904149576014	-57.73558972991467
620.5568977029103	-57.73902339464883
621.0233804482192	-57.740982107722
621.4898631935281	-57.74047865339575
621.956345938837	-57.74881219185704
622.4228286841459	-57.75193210628503
622.8893114294548	-57.75346165280983
623.3557941747637	-57.75992182857192
623.8222769200726	-57.766875427067184
624.2887596653815	-57.77843413861598
624.7552424106904	-57.786521927097716
625.2217251559993	-57.79447475662735
625.6882079013081	-57.7956162396956
626.154690646617	-57.79591889851595
626.6211733919259	-57.80131334769183
627.0876561372348	-57.80849320519354
627.5541388825437	-57.818584713399346
628.0206216278526	-57.81994626663432
628.4871043731615	-57.82687349784805
628.9535871184704	-57.83567196586476
629.4200698637793	-57.83982339719085
629.8865526090882	-57.84330986337137
630.3530353543971	-57.8483098991761
630.819518099706	-57.85528613703706
631.2860008450149	-57.86054042288886
631.7524835903238	-57.864025140153565
632.2189663356327	-57.86644558679891
632.6854490809416	-57.87197783516331
633.1519318262505	-57.872875069569844
633.6184145715594	-57.8795138995345
633.9148944612583	-57.88596082874491
634.1155728220831	-57.887197771025924
634.3162511829079	-57.88759494883765
634.5169295437327	-57.888062361094356
634.7176079045574	-57.890161396147214
634.9182862653822	-57.89224759678641
635.118964626207	-57.8942496592327
635.3196429870318	-57.89527691706417
635.5203213478566	-57.8970335920931
635.7209997086813	-57.89836592509414
635.9216780695061	-57.90028771295453
636.1223564303309	-57.9013841992943
636.3230347911557	-57.9034993764611
636.5237131519805	-57.9046674176843
636.7243915128053	-57.90664595473512
636.92506987363	-57.9073353265908
637.1257482344548	-57.90952525557277
637.3264265952796	-57.910304884032996
637.4659491392063	-57.91001117537737
637.6054716831329	-57.91079706586109
637.7449942270596	-57.91251741455998
637.8845167709862	-57.91455563573655
638.0240393149129	-57.91600097870477
638.1635618588396	-57.917016854982
638.3815881668288	-57.91836675400599
638.599614474818	-57.91929142890619
638.8176407828073	-57.920570869687374
639.0356670907966	-57.92188800744631
639.2536933987858	-57.92414811369981
639.471719706775	-57.92614612553671
639.6897460147643	-57.928150656361375
639.9077723227535	-57.92921431643344
640.1257986307428	-57.93111269995613
640.343824938732	-57.933517283667065
640.5618512467213	-57.93581199860599
640.7798775547105	-57.937156013506055
640.9979038626998	-57.938426529351744
641.215930170689	-57.939618798238726
641.4339564786783	-57.94132758053245
641.6519827866675	-57.94246498479301
641.8700090946568	-57.9440766952288
642.088035402646	-57.94527297242618
642.3060617106353	-57.947193676572105
642.5240880186245	-57.94800996958748
642.7421143266138	-57.948394869235884
642.960140634603	-57.949639047900774
643.1781669425923	-57.95140096971589
643.5081657296491	-57.954100370904435
643.838164516706	-57.95750400072876
644.1681633037629	-57.95956276308264
644.4981620908197	-57.96063741126484
644.8281608778766	-57.961222141213355
645.1581596649335	-57.96289886759169
645.4881584519903	-57.964908189803
645.8181572390472	-57.96790228523421
646.1481560261041	-57.96900702489462
646.4781548131609	-57.971606881981295
646.8081536002178	-57.97136597266518
647.0378889433081	-57.97055382424904
647.2676242863984	-57.971967296323044
647.4973596294886	-57.97447739925105
647.7270949725789	-57.9772695009722
647.9568303156692	-57.97845281875533
648.1865656587595	-57.97943003092109
648.4163010018498	-57.9799494932501
648.6460363449401	-57.98139045098492
648.8757716880303	-57.982154679839766
649.1055070311206	-57.98382245816276
649.3352423742109	-57.98448857437413
649.5649777173012	-57.98611486513965
649.7947130603915	-57.98610006277746
650.0244484034818	-57.98777698035926
650.254183746572	-57.98770817300853
650.4142139255515	-57.98686534681896
650.574244104531	-57.98739156103956
650.7342742835104	-57.98889971730885
650.8943044624899	-57.99072666178528
651.0543346414694	-57.9917667629067
651.332464857321	-57.99324878610358
651.6105950731727	-57.99437372558887
651.8887252890244	-57.995371882798786
652.3485553768007	-57.997389818680354
653.1285223610671	-57.99990528605679
653.9084893453335	-58.004027678294065
654.6884563295998	-58.0064789590851
655.4684233138662	-58.01030852293774
656.2483902981326	-58.01012414861681
657.0283572823989	-58.01127371597292
657.8083242666653	-58.01188044863632
658.5882912509317	-58.015636573657865
659.368258235198	-58.01623144090317
660.1482252194644	-58.01748962723029
660.9281922037308	-58.01764734564766
661.7081591879971	-58.021007302367266
662.4881261722635	-58.021523926100926
663.2680931565299	-58.02255881002694
664.0480601407962	-58.02224593645959
664.8280271250626	-58.025344521502426
665.607994109329	-58.02550250377134
666.3879610935953	-58.02621796315614
667.1679280778617	-58.02547405569742
667.947895062128	-58.028539346532654
668.7278620463944	-58.03175717089755
669.5078290306608	-58.03573533031656
670.2877960149272	-58.035673276604015
671.0677629991935	-58.03503757490765
671.8477299834599	-58.03351531985654
672.6276969677263	-58.035309095458096
673.4076639519926	-58.03478058550005
674.187630936259	-58.03458887217906
674.9675979205253	-58.03297078485187
675.7475649047917	-58.0348602272475
676.5275318890581	-58.0339908458514
677.3074988733244	-58.0336874001444
678.0874658575908	-58.031771482949885
678.8674328418572	-58.033879072950214
679.6473998261235	-58.03632351503068
680.4273668103899	-58.03968828565955
681.2073337946563	-58.03873685656027
681.9873007789226	-58.03717516480172
682.767267763189	-58.03473312527548
683.5472347474554	-58.035915285845945
684.3272017317217	-58.03736145720244
685.1071687159881	-58.03922684893712
685.8871357002545	-58.03787470368242
686.6671026845208	-58.03623597944701
687.4470696687872	-58.03413259094858
688.2270366530536	-58.03472335214212
689.0070036373199	-58.03327153061933
689.7869706215863	-58.032121879515
690.5669376058527	-58.03000499388746
691.346904590119	-58.03086571016004
692.1268715743854	-58.02928707599073
692.9068385586518	-58.02814437279573
693.6868055429181	-58.02579965250044
694.4667725271845	-58.02693015581503
695.2467395114509	-58.02512509613852
696.0267064957172	-58.02388443679371
696.8066734799836	-58.02128754199647
697.58664046425	-58.02278378353553
698.3666074485163	-58.024496718907365
699.1465744327827	-58.02700945388249
699.9265414170491	-58.0270420995985
700.7065084013154	-58.026355951242195
701.4864753855818	-58.02351667481274
702.2664423698482	-58.02421676402928
703.0464093541145	-58.02450093511823
703.8263763383809	-58.025093592655324
704.6063433226473	-58.02254859363053
705.3863103069136	-58.0226810175911
706.16627729118	-58.02249202942704
706.9462442754464	-58.02316512337714
707.7262112597127	-58.02055299509359
708.5061782439791	-58.02041412677695
709.2861452282455	-58.01991163054691
710.0661122125118	-58.02055256736975
710.8460791967782	-58.017790367372896
711.6260461810446	-58.017572565910605
712.4060131653109	-58.016914397433624
713.1859801495773	-58.017495851858115
713.9659471338437	-58.01451769047773
714.74591411811	-58.01428188672566
715.5258811023764	-58.01357608133627
716.3058480866428	-58.011062718652305
717.0858150709091	-58.00976144302047
717.8657820551755	-58.00589062267292
718.6457490394419	-58.00633418121273
719.4257160237082	-58.00158652028663
720.2056830079746	-57.998723706038994
720.985649992241	-57.99457238153307
721.7656169765073	-57.995970983991114
722.5455839607737	-57.997279025327295
723.32555094504	-57.99970812257802
724.1055179293064	-57.99723779211114
724.8854849135728	-57.99438269408278
725.6654518978391	-57.990543545093644
726.4454188821055	-57.99080808914752
727.2253858663719	-57.988515233157315
728.0053528506382	-57.98677608783764
728.7853198349046	-57.983432193273686
729.565286819171	-57.984101453348316
730.3452538034373	-57.98183741742076
731.1252207877037	-57.980333817755145
731.9051877719701	-57.980779428884695
732.6851547562364	-57.97995514077058
733.4651217405028	-57.98192697401651
734.2450887247692	-57.97921127543728
735.0250557090355	-57.98182875507575
735.8050226933019	-57.982573512460284
736.5849896775683	-57.984747110794565
737.3649566618346	-57.981367160553866
738.144923646101	-57.977974038722465
738.9248906303674	-57.97324384454036
739.7048576146337	-57.9736538810833
740.4848245989001	-57.97105335178236
741.2647915831665	-57.969317704777865
742.0447585674328	-57.96556146621309
742.8247255516992	-57.9665615749262
743.6046925359656	-57.96810155152436
744.3846595202319	-57.97092598950708
745.1646265044983	-57.96892124733267
745.9445934887647	-57.9693803198066
746.724560473031	-57.96930666204605
747.5045274572974	-57.96751366354667
748.2844944415638	-57.96687190808833
749.0644614258301	-57.96323561137524
749.8444284100965	-57.96414196709077
750.6243953943629	-57.959750545339894
751.4043623786292	-57.9573350463196
752.1843293628956	-57.95329909117297
752.964296347162	-57.95511871404208
753.7442633314283	-57.956965121611795
754.5242303156947	-57.96013513828673
755.3041972999611	-57.957935652158845
756.0841642842274	-57.95525339038201
756.8641312684938	-57.951502256500106
757.6440982527602	-57.95222810133424
758.4240652370265	-57.95013859160548
759.2040322212929	-57.94862327720275
759.9839992055593	-57.94535059725584
760.7639661898256	-57.946471348715924
761.543933174092	-57.94808249055786
762.3239001583584	-57.94781874605452
763.1038671426247	-57.94756775963561
763.8838341268911	-57.944860369479514
764.6638011111575	-57.94601280807873
765.4437680954238	-57.94667961191959
766.2237350796902	-57.94806738057455
767.0037020639566	-57.946130688951804
767.7836690482229	-57.94648982463635
768.5636360324893	-57.94191232194835
769.3436030167557	-57.93958328915119
770.123570001022	-57.93653945325138
770.9035369852884	-57.93863500245757
771.6835039695547	-57.940385665055935
772.4634709538211	-57.94307975754999
773.2434379380875	-57.94105677299713
774.0234049223538	-57.93863922626324
774.8033719066202	-57.93518523035099
775.5833388908866	-57.935888616596806
776.363305875153	-57.93391566829621
777.1432728594193	-57.93255420333202
777.9232398436857	-57.933036772139154
778.703206827952	-57.93247536162325
779.4831738122184	-57.93462037123173
780.2631407964848	-57.93230192997507
781.0431077807511	-57.93067297677001
781.8230747650175	-57.9278089294879
782.6030417492839	-57.92902936130165
783.3830087335502	-57.92727766488286
784.1629757178166	-57.926375063611005
784.942942702083	-57.92383823259448
785.7229096863493	-57.92522430738684
786.5028766706157	-57.923598475899226
787.2828436548821	-57.92283096481016
788.0628106391484	-57.920351690724715
788.8427776234148	-57.922019228021476
789.6227446076812	-57.92407743266627
790.4027115919475	-57.92727120487445
791.1826785762139	-57.92610892779654
791.9626455604803	-57.92717064508991
792.7426125447466	-57.92766951130532
793.522579529013	-57.92653065404574
794.3025465132794	-57.92649963999072
795.0825134975457	-57.92364430307166
795.8624804818121	-57.92504474289628
796.6424474660785	-57.92584310365349
797.4224144503448	-57.92792170746335
798.2023814346112	-57.92603522056624
798.9823484188776	-57.926809819941624
799.7623154031439	-57.92682144934614
800.5422823874103	-57.92840730763659
801.3222493716767	-57.92648409863537
802.102216355943	-57.92704221064997
802.8821833402094	-57.926879561650345
803.6621503244758	-57.928242316384
804.4421173087421	-57.92624686089878
805.2220842930085	-57.926732772438555
806.0020512772749	-57.926518505163656
806.7820182615412	-57.927726136935405
807.5619852458076	-57.925570603648524
808.341952230074	-57.92607062101655
809.1219192143403	-57.9259306568028
809.9018861986067	-57.92410992391303
810.681853182873	-57.92361668674807
811.4618201671394	-57.92054833542645
812.2417871514058	-57.92170699182494
813.0217541356722	-57.917673803276934
813.8017211199385	-57.91560550902481
814.5816881042049	-57.91226521333668
815.3616550884713	-57.914457219869135
816.1416220727376	-57.91658019223181
816.921589057004	-57.91989043911434
817.7015560412704	-57.918292390307094
818.4815230255367	-57.91955760810979
819.2614900098031	-57.920065208187715
820.0414569940694	-57.922370621278084
820.8214239783358	-57.920480976289426
821.6013909626022	-57.91806575594955
822.3813579468685	-57.914350866612835
823.1613249311349	-57.91511223853839
823.9412919154013	-57.9135214299456
824.7212588996676	-57.91257002459607
825.501225883934	-57.91334318197717
826.2811928682004	-57.913054534957034
827.0611598524667	-57.91557048356641
827.8411268367331	-57.913677848329115
828.6210938209995	-57.916778113330096
829.4010608052658	-57.918130181078304
830.1810277895322	-57.92098529391474
830.9609947737986	-57.918562299229094
831.7409617580649	-57.91607224757609
832.5209287423313	-57.91223273422753
833.3008957265977	-57.91340699998173
834.080862710864	-57.91171979608722
834.8608296951304	-57.9108818906993
835.6407966793968	-57.90803810388808
836.4207636636631	-57.90982329856743
837.2007306479295	-57.91217827913705
837.9806976321959	-57.91584146876831
838.7606646164622	-57.91478054834066
839.5406316007286	-57.91611988276028
840.320598584995	-57.916927848039606
841.1005655692613	-57.916060924936836
841.8805325535277	-57.916358710386156
842.6604995377941	-57.91365356038145
843.4404665220604	-57.91547610449567
844.2204335063268	-57.91197058333464
845.0004004905932	-57.910465773749344
845.7803674748595	-57.907333773888915
846.5603344591259	-57.910072534219175
847.3403014433923	-57.91283776332827
848.1202684276586	-57.91695388373164
848.900235411925	-57.91567425478465
849.6802023961914	-57.91389840144556
850.4601693804577	-57.91102721468718
851.2401363647241	-57.91265589423029
852.0201033489905	-57.91146468322794
852.8000703332568	-57.910856501593415
853.5800373175232	-57.908461475543675
854.3600043017896	-57.91046400277408
855.1399712860559	-57.912966095833504
855.9199382703223	-57.91359827602187
856.6999052545887	-57.914242196681776
857.479872238855	-57.912390699856445
858.2598392231214	-57.914431939588
859.0398062073878	-57.91598055132844
859.8197731916541	-57.91825915552195
860.5997401759205	-57.91717142262285
861.3797071601869	-57.91839771647136
862.1596741444532	-57.91462035425141
862.9396411287196	-57.9131231967741
863.719608112986	-57.91089868863731
864.4995750972523	-57.91385042636062
865.2795420815187	-57.916441847117795
866.059509065785	-57.91998731815292
866.8394760500514	-57.91877761657558
867.6194430343178	-57.917164958575064
868.3994100185841	-57.91449598035477
869.1793770028505	-57.91599735776192
869.9593439871169	-57.91481736941028
870.7393109713832	-57.91425027661432
871.5192779556496	-57.91550919596136
872.299244939916	-57.91571176284244
873.0792119241823	-57.91862212165932
873.8591789084487	-57.917067997323656
874.6391458927151	-57.91619617357654
875.4191128769814	-57.91407733540783
876.1990798612478	-57.91602796148052
876.9790468455142	-57.9150157916387
877.7590138297805	-57.91484858318182
878.5389808140469	-57.91304018708624
879.3189477983133	-57.91511651769601
880.0989147825796	-57.91421006467986
880.878881766846	-57.91415594032574
881.6588487511124	-57.91239153213843
882.4388157353787	-57.914703168055674
883.2187827196451	-57.917390949796335
883.9987497039115	-57.92120013990785
884.7787166881778	-57.920714271338234
885.5586836724442	-57.92239103099981
886.3386506567106	-57.92350190673764
887.1186176409769	-57.9230180645288
887.8985846252433	-57.92360186199135
888.6785516095097	-57.92143491398099
889.458518593776	-57.92338477542419
890.2384855780424	-57.924745564841096
891.0184525623088	-57.92734138717808
891.7984195465751	-57.926095582782516
892.5783865308415	-57.927402791466726
893.3583535151079	-57.927963248999816
894.1383204993742	-57.93004040034341
894.9182874836406	-57.928735789215324
895.698254467907	-57.9297980764837
896.4782214521733	-57.93015586909616
897.2581884364397	-57.9319783009267
898.0381554207061	-57.930582865001874
898.8181224049724	-57.93153961007421
899.5980893892388	-57.93181326251232
900.3780563735052	-57.9334463418555
901.1580233577715	-57.93187697557326
901.9379903420379	-57.9328120855513
902.7179573263043	-57.933123657463234
903.4979243105706	-57.93185531329069
904.277891294837	-57.931820741837974
905.0578582791034	-57.92938317874161
905.8378252633697	-57.93087303220937
906.6177922476361	-57.927569033158825
907.3977592319025	-57.92607990618396
908.1777262161688	-57.9234027083349
908.9576932004352	-57.92580351719619
909.7376601847016	-57.92400415395793
910.5176271689679	-57.923370610122795
911.2975941532343	-57.92106644697819
912.0775611375007	-57.923772519238575
912.857528121767	-57.926641589628844
913.6374951060334	-57.9306243181724
914.4174620902998	-57.929784051402905
915.1974290745661	-57.92840527929301
915.9773960588325	-57.92602509279331
916.7573630430988	-57.92767192399652
917.5373300273652	-57.92673967093185
918.3172970116316	-57.92632032029378
919.097263995898	-57.92759039162529
919.8772309801643	-57.927892045873186
920.6571979644307	-57.930748009642755
921.437164948697	-57.92939371443256
922.2171319329634	-57.93268748195382
922.9970989172298	-57.934356434142025
923.7770659014961	-57.937427565264485
924.5570328857625	-57.93552517928507
925.3369998700289	-57.93354617888473
926.1169668542952	-57.93031456587044
926.8969338385616	-57.93173873894593
927.676900822828	-57.93049401865433
928.4568678070943	-57.930011096389265
929.2368347913607	-57.92766563019233
930.0168017756271	-57.929575167527865
930.7967687598934	-57.9319860166168
930.9999999999793	-57.932166230918334
931.0000000000103	-57.932166230918334
931.0005013871476	-57.949099042853774
931.0010027742848	-57.96499995641791
931.0018985310836	-57.99160697645453
931.0027942878825	-58.01702093757872
931.0045478022726	-58.0637478881385
931.0063013166626	-58.10815308769094
931.009440262565	-58.183657012660625
931.0125792084674	-58.254713618329056
931.0201819747812	-58.41258763748841
931.0277847410949	-58.554892817783255
931.0353875074087	-58.686388331141565
931.0429902737225	-58.810092772906
931.0543958523291	-58.985297236179825
931.0658014309357	-59.15020630996017
931.0772070095423	-59.30681026721596
931.0969026848685	-59.56144659166917
931.1165983601946	-59.79946432135041
931.1512032627068	-60.18600560532092
931.1858081652189	-60.54152803974071
931.220413067731	-60.87274676749602
931.2550179702431	-61.1836732052779
931.2896228727552	-61.477102552534944
931.3473666355646	-61.93332186377735
931.4051103983741	-62.35485482653141
931.4628541611835	-62.747745474385084
931.5551083160091	-63.325999080532405
931.6473624708347	-63.85427972481107
931.7396166256602	-64.34146503177253
931.899616331174	-65.10760218346692
932.0596160366878	-65.79260310598809
932.2196157422015	-66.41143848036646
932.3796154477153	-66.97624774064002
932.5396151532291	-67.49672371756638
932.7888920611118	-68.23496057108302
933.0381689689946	-68.89985099649874
933.2874458768773	-69.5036787636672
933.5367227847601	-70.05609907938312
933.7859996926428	-70.56507025575759
934.1926810743689	-71.31789505506725
934.599362456095	-71.99085259061017
935.0060438378212	-72.5968190701855
935.4127252195473	-73.14533675381874
935.8194066012734	-73.64439257599342
936.4395045670033	-74.32473636996973
937.0596025327332	-74.92257754881553
937.679700498463	-75.44977565488504
938.2997984641929	-75.91532699451264
938.9198964299228	-76.3268602362757
939.8919123420253	-76.878283323208
940.8639282541278	-77.33153560781618
942.3970409038766	-77.87989445646345
943.9301535536254	-78.25966365907982
945.4632662033741	-78.50172848818524
946.9963788531229	-78.62652548478867
948.5294915028717	-78.65463821275385
950.0626041526205	-78.60871505794329
951.5957168023692	-78.50216622985401
953.128829452118	-78.34685271002152
954.6619421018668	-78.15572213608823
956.1950547516155	-77.93734540183262
957.7281674013643	-77.70112083282936
959.2612800511131	-77.45553729829636
960.7943927008619	-77.20196847557142
962.3275053506106	-76.94834400819002
963.8606180003594	-76.7011951071183
965.3937306501082	-76.45628954548754
966.4734709341742	-76.28696135328329
967.2634111775675	-76.17011065878363
968.0533514209608	-76.05787794499919
968.8432916643541	-75.94798295405273
969.6332319077474	-75.83976611111304
970.4231721511406	-75.73415077438295
971.2131123945339	-75.6330355020715
972.0030526379272	-75.53660870643583
972.7929928813205	-75.44311631550148
973.5829331247138	-75.35217523984821
974.3728733681071	-75.26462630446431
975.1628136115004	-75.18081203858326
975.9527538548937	-75.10092936538507
976.742694098287	-75.02438258438228
977.5326343416803	-74.95035962991872
978.3225745850735	-74.87963527837223
979.1125148284668	-74.81261925395778
979.9024550718601	-74.74846642560817
980.6923953152534	-74.6872077027807
981.4823355586467	-74.62881998041887
982.27227580204	-74.57286289578853
983.0622160454333	-74.51952262843311
983.8521562888266	-74.46883984476423
984.6420965322199	-74.42068673158722
985.4320367756131	-74.37552185759215
986.2219770190064	-74.33298565144807
987.0119172623997	-74.29215264904221
987.801857505793	-74.25293030438478
988.5917977491863	-74.2155613059078
989.3817379925796	-74.18010165875044
990.1716782359729	-74.14684874903753
990.9616184793662	-74.11537362075417
991.7515587227595	-74.08504125992604
992.5414989661527	-74.05636724431156
993.331439209546	-74.02938658609176
994.1213794529393	-74.003584455094
994.9113196963326	-73.97929087676768
995.7012599397259	-73.95618198370639
996.4912001831192	-73.93389795049487
997.2811404265125	-73.91324528545537
998.0710806699058	-73.89366218660648
998.8610209132991	-73.8743716669339
999.6509611566923	-73.85575721473235
1000.4409014000856	-73.83855545526428
1001.2308416434789	-73.82285969295661
1002.0207818868722	-73.80850957510677
1002.8107221302655	-73.79473062804459
1003.6006623736588	-73.78082354862117
1004.3906026170521	-73.76748671686471
1005.1805428604454	-73.75511432630326
1005.9704831038387	-73.74323223275896
1006.760423347232	-73.73201062839782
1007.5503635906252	-73.72118085904413
1008.3403038340185	-73.71041046884496
1009.1302440774118	-73.70060035967055
1009.9201843208051	-73.6913862682433
1010.5045737507658	-73.68421727208545
1011.0889631807264	-73.67712836122897
1011.6733526106871	-73.67069469295483
1012.2577420406477	-73.66492984426209
1012.8421314706084	-73.65960747213441
1013.426520900569	-73.65433320694808
1014.0109103305297	-73.64880594506394
1014.5952997604903	-73.64331701638322
1015.179689190451	-73.63818340679681
1015.7640786204116	-73.63325219017719
1016.3484680503723	-73.62838036796364
1016.9328574803329	-73.6235583153991
1017.5172469102936	-73.61878807135558
1018.1016363402542	-73.61421703210307
1018.6860257702149	-73.60986850136752
1019.2704152001755	-73.60555044984336
1019.8548046301362	-73.60127549825138
1020.4391940600968	-73.59715979581554
1021.0235834900575	-73.5931626733845
1021.6079729200181	-73.58927423481137
1022.1923623499788	-73.5855036411843
1022.7767517799394	-73.58180872273434
1023.3611412099001	-73.57819715645641
1023.9455306398607	-73.57467795593136
1024.5299200698214	-73.57119278277627
1025.4674625554878	-73.56572714668508
1026.4050050411543	-73.56046741469326
1027.3425475268207	-73.55539010230494
1028.280090012487	-73.55038853171206
1029.2176324981535	-73.54550152699649
1030.15517498382	-73.54081104835957
1031.0927174694864	-73.53631381180591
1032.0302599551528	-73.53204360983665
1032.9678024408192	-73.52797699807422
1034.4163098159854	-73.5219443245953
1035.8648171911516	-73.51624674635825
1037.3133245663178	-73.51074459155745
1038.761831941484	-73.50542020609639
1041.1305687231336	-73.4970436823838
1043.4993055047833	-73.48905088511451
1049.1669036051046	-73.47151661204899
1059.001156067856	-73.44552201356842
1075.2017550894466	-73.40844281673206
1091.402354111037	-73.38274648721513
1107.6029531326276	-73.36217846279753
1123.803552154218	-73.34272277450862
1130.999999999975	-73.33786148188068
1131.0000000000127	-73.33786148188068
