t	v
0.0	-80.0
0.00212717284741	-79.9932196887
0.00552746867323	-79.9837710458
0.011975951214	-79.9679806893
0.0225461807141	-79.9448520184
0.0331164102141	-79.9234218287
0.0436866397142	-79.9031821443
0.0672481178546	-79.8607573564
0.0908095959949	-79.82093714
0.14718207856	-79.731937271
0.203554561126	-79.6488184048
0.259927043691	-79.5688636073
0.316299526257	-79.4908093404
0.372672008822	-79.4141196731
0.47327193426	-79.279912209
0.638545242431	-79.0658521123
0.803818550602	-78.8589053939
0.969091858773	-78.6581642592
1.25266686629	-78.3264747139
1.5362418738	-78.0093899338
2.08480476708	-77.4332525246
2.63336766036	-76.901266084
3.18193055364	-76.4095014344
3.73049344692	-75.955204009
4.2790563402	-75.5359008098
5.19350526461	-74.9087640186
6.10795418903	-74.363291966
7.02240311345	-73.891083989
8.39541108025	-73.3035222444
9.76841904705	-72.8419021896
11.1414270139	-72.4864082136
12.5144349807	-72.219914868
15.0653982024	-71.9119996268
17.6163614241	-71.7837820875
20.1673246458	-71.7800312922
22.7182878675	-71.8583947654
25.2692510893	-71.9883404051
27.820214311	-72.150944368
30.3711775327	-72.3292347717
32.9221407544	-72.5128075109
35.4731039761	-72.6982303528
38.0240671979	-72.8763353598
40.5750304196	-73.0445810605
43.1259936413	-73.2058890631
45.676956863	-73.3550516258
48.2279200847	-73.491692799
50.7788833065	-73.6150188892
53.3298465282	-73.723003034
55.8808097499	-73.8221784129
58.4317729716	-73.9118976277
60.9827361933	-73.9896207167
63.533699415	-74.0596490721
66.0846626368	-74.1220662245
68.6356258585	-74.1759533989
71.1865890802	-74.2238875246
73.7375523019	-74.265766615
76.2885155236	-74.3012828063
78.8394787454	-74.3321355504
81.3904419671	-74.3581783452
83.9414051888	-74.3812180197
86.4923684105	-74.4027319116
89.0433316322	-74.4205164229
91.594294854	-74.4357364277
94.1452580757	-74.4497043694
96.6962212974	-74.4600819089
99.2471845191	-74.4693105425
101.798147741	-74.4785972877
104.349110963	-74.4844255555
106.900074184	-74.4901269865
109.451037406	-74.4965987119
112.002000628	-74.4991866735
113.753931687	-74.4996525194
115.505862747	-74.5010731794
117.257793806	-74.5033310605
119.009724866	-74.5058564136
120.761655925	-74.5082711868
123.633485913	-74.5115920738
126.505315901	-74.5136591154
129.377145889	-74.5150932221
132.248975877	-74.5166112897
135.120805865	-74.5179968863
137.992635853	-74.5192640391
145.53431582	-74.5218076192
153.075995787	-74.5240341414
160.617675754	-74.5255680694
172.356996808	-74.5261457622
194.036458899	-74.5298303455
215.715920991	-74.5299731895
237.395383082	-74.5267388987
255.115552142	-74.5307228029
272.835721201	-74.5297391453
290.555890261	-74.5320822397
308.27605932	-74.5368858196
325.99622838	-74.530221498
343.716397439	-74.5255427512
353.168123388	-74.5300780007
362.619849337	-74.5319819367
372.071575285	-74.5354449349
381.523301234	-74.5355471115
390.975027183	-74.5325435042
405.801960794	-74.5341100723
420.628894405	-74.5320234612
435.455828016	-74.5333587781
450.282761628	-74.5360605531
465.109695239	-74.5310612082
479.93662885	-74.5291005059
494.763562462	-74.5389344439
501.952900939	-74.5377053019
509.142239416	-74.5351922904
516.331577893	-74.5358673618
523.520916369	-74.5351065637
530.710254846	-74.5328444409
531.0	-74.5328145305
531.0	-74.5328145305
531.000667509	-74.5051713799
531.001335017	-74.4796385396
531.002361704	-74.4428705029
531.004081827	-74.3868004276
531.00717485	-74.2971452017
531.010267873	-74.2174491378
531.013360896	-74.1441477556
531.016453919	-74.0753953762
531.022148611	-73.9571099811
531.027843304	-73.8478656894
531.033537996	-73.7457243189
531.043261187	-73.5841674859
531.052984377	-73.4356523418
531.071491544	-73.1801800162
531.089998711	-72.9503987013
531.108505878	-72.7391916307
531.127013044	-72.5425239083
531.145520211	-72.3576074333
531.175548257	-72.0775789046
531.205576303	-71.8163960036
531.235604349	-71.5695230474
531.265632396	-71.3341539385
531.313295273	-70.980103856
531.360958151	-70.6451550032
531.408621029	-70.3255651116
531.483002805	-69.8520902776
531.557384581	-69.4038510913
531.631766358	-68.9764545193
531.771109646	-68.2211603624
531.910452934	-67.5145496536
532.049796222	-66.8487244454
532.18913951	-66.2173440431
532.328482797	-65.6152780566
532.467826085	-65.0389924215
532.692463626	-64.1581051683
532.917101167	-63.330193171
533.141738707	-62.549055753
533.366376248	-61.8089964576
533.591013788	-61.1050583624
533.956258871	-60.0267944789
534.321503953	-59.0160669078
534.686749035	-58.0554722613
535.051994118	-57.125597795
535.4172392	-56.2038879932
535.987892603	-54.7028253129
536.130555954	-54.2997398939
536.273219305	-53.8743757076
536.542881631	-52.9766474546
536.812543957	-51.861494092
536.879959539	-51.5271557591
536.94737512	-51.154844699
537.014790702	-50.7325772129
537.082206283	-50.2416134325
537.128790121	-49.8454827388
537.175373959	-49.3801382701
537.187019919	-49.2495934634
537.198665878	-49.1118766028
537.210311838	-48.9659797219
537.228618992	-48.7169228776
537.246926147	-48.438035134
537.257917045	-48.2528991567
537.268907943	-48.0512076178
537.279898841	-47.8292403622
537.290889739	-47.5820033453
537.301880637	-47.3026524538
537.30785114	-47.1344372548
537.313821643	-46.9521361477
537.319792146	-46.7533991594
537.325762649	-46.5355373698
537.331733152	-46.2954906189
537.337703655	-46.0298024057
537.343674158	-45.7346057667
537.349644661	-45.4056221617
537.355615165	-45.0381984137
537.361585668	-44.62744411
537.367556171	-44.168544628
537.373526674	-43.6573701241
537.379497177	-43.0913713668
537.38546768	-42.4705219793
537.391438183	-41.797860222
537.397408686	-41.0791962312
537.403379189	-40.3219174465
537.409349692	-39.5333262665
537.415320195	-38.7191652707
537.421290698	-37.8828018556
537.427261201	-37.0251176005
537.436633819	-35.6309622686
537.446006437	-34.1673378171
537.455379055	-32.61464092
537.464751674	-30.94621379
537.474124292	-29.1287075527
537.48349691	-27.1223508216
537.492869528	-24.8804556156
537.502242146	-22.3495290072
537.511614764	-19.4719427935
537.520987382	-16.1927613349
537.53036	-12.4723403394
537.539732618	-8.30673882895
537.549105236	-3.73986137429
537.558477854	1.10754643337
537.567850472	6.04302023941
537.57722309	10.8363175663
537.586595708	15.2734260926
537.595968326	19.2017418032
537.605340944	22.5489257309
537.614713562	25.3143716467
537.624086181	27.5485048089
537.633458799	29.3198855895
537.642831417	30.7059088046
537.652204035	31.7797942425
537.661576653	32.604322144
537.670949271	33.2302234016
537.680321889	33.6970732774
537.689694507	34.035298242
537.699067125	34.2679823369
537.708439743	34.4125827785
537.717812361	34.4823529575
537.727184979	34.4874308474
537.742107524	34.3803181054
537.757030068	34.152684098
537.771952612	33.8216784031
537.786875157	33.3995725119
537.801797701	32.8965281826
537.816720245	32.3217528346
537.83164279	31.6835273258
537.846565334	30.9890518123
537.861487878	30.2445882472
537.876410423	29.45576826
537.891332967	28.6277737318
537.914008579	27.3050460802
537.936684191	25.9170493534
537.959359803	24.4759710831
537.982035415	22.9918136907
538.004711027	21.4729550016
538.027386639	19.9264222564
538.05006225	18.3580825003
538.072737862	16.7728770477
538.095413474	15.17501099
538.118089086	13.5680904231
538.140764698	11.9552291859
538.177140774	9.36219476079
538.21351685	6.77010895383
538.249892926	4.18617258732
538.286269001	1.61640513898
538.322645077	-0.934018790666
538.359021153	-3.46063353636
538.395397229	-5.96078971742
538.431773305	-8.43435803009
538.468149381	-10.8805570582
538.504525457	-13.2980313145
538.540901532	-15.6612913133
538.577277608	-17.9627470585
538.613653684	-20.2099999578
538.65002976	-22.4103210305
538.686405836	-24.5598167788
538.722781912	-26.6653087423
538.759157988	-28.7362552739
538.795534063	-30.7835620077
538.831910139	-32.8062170339
538.868286215	-34.8008411318
538.904662291	-36.7598321042
538.941038367	-38.6739800743
538.977414443	-40.530956886
539.013790519	-42.3190526177
539.050166594	-44.0365846181
539.08654267	-45.6865972218
539.122918746	-47.2515647865
539.159294822	-48.7038989683
539.195670898	-50.0270380487
539.232046974	-51.2195379948
539.26842305	-52.2851031353
539.304799125	-53.2294250588
539.341175201	-54.0623482894
539.377551277	-54.7974814698
539.437926741	-55.8376372216
539.498302204	-56.7016350718
539.558677668	-57.4346196841
539.619053131	-58.0681564229
539.679428595	-58.6243106874
539.739804059	-59.1194603244
539.800179522	-59.5658889638
539.860554986	-59.9725597469
539.920930449	-60.3459300419
540.035169196	-60.9783121794
540.149407944	-61.5303935779
540.263646691	-62.0159246855
540.377885438	-62.4441387757
540.492124186	-62.8215161182
540.606362933	-63.1536525437
540.72060168	-63.4457768151
540.834840427	-63.7022908393
541.010480437	-64.0350947214
541.186120446	-64.301822869
541.361760455	-64.5105689439
541.632334759	-64.734962078
541.902909062	-64.8616384924
542.173483366	-64.9086101958
542.44405767	-64.8902391864
542.714631973	-64.8179066806
542.985206277	-64.7003388112
543.255780581	-64.544734507
543.662586468	-64.253231691
544.069392356	-63.9080628784
544.476198244	-63.5226079445
544.883004132	-63.1071974944
545.28981002	-62.6701274285
545.910926461	-61.9757896445
546.532042903	-61.2639105122
547.153159345	-60.5461275812
547.774275786	-59.8291612624
548.395392228	-59.1161091592
549.357833997	-58.017127711
550.320275767	-56.9104031071
551.282717536	-55.7451032963
552.245159305	-54.4441839687
552.485769748	-54.0653650027
552.72638019	-53.6416205597
552.966990632	-53.1782422934
553.207601075	-52.6414245492
553.448211517	-51.9939124386
553.508364128	-51.8086610497
553.568516738	-51.6079129556
553.628669349	-51.3910056432
553.68882196	-51.1567143277
553.74897457	-50.9000692997
553.809127181	-50.6153211746
553.869279791	-50.2940804433
553.929432402	-49.924756009
553.989585012	-49.4875594952
554.049737623	-48.9494486602
554.08969677	-48.508871044
554.129655917	-47.9611839263
554.139645704	-47.8002042753
554.14963549	-47.6262381482
554.16540178	-47.3191873279
554.18116807	-46.9602152356
554.19693436	-46.5283538013
554.207092177	-46.1968961466
554.217249994	-45.8095434951
554.224357824	-45.4969702059
554.231465653	-45.1431213205
554.238573483	-44.7410702848
554.245681313	-44.2833617008
554.252789143	-43.7623751276
554.259896972	-43.1712704441
554.267004802	-42.5057628699
554.274112632	-41.7662451643
554.281220461	-40.9588181226
554.288328291	-40.0938355308
554.295436121	-39.1824290092
554.30254395	-38.2332861891
554.30965178	-37.2513431406
554.31675961	-36.2377605813
554.323867439	-35.1900370728
554.330975269	-34.1023497595
554.338083099	-32.9665543559
554.345190928	-31.7729079636
554.352298758	-30.5097487398
554.359406588	-29.1630096398
554.366514417	-27.7166601757
554.378212469	-25.0720611699
554.389910521	-22.0198882812
554.401608573	-18.463902399
554.413306625	-14.318535011
554.425004677	-9.5464865917
554.436702729	-4.20326227121
554.448400781	1.52071847313
554.460098833	7.29116258654
554.471796885	12.7255183689
554.483494937	17.5355904315
554.495192989	21.5494381541
554.50689104	24.7493362577
554.518589092	27.2234664582
554.530287144	29.0995580313
554.541985196	30.5024625184
554.553683248	31.538604602
554.5653813	32.2927631672
554.577079352	32.8289643636
554.588777404	33.1936056589
554.600475456	33.4198922779
554.612173508	33.5318433857
554.62387156	33.5471630405
554.635569612	33.4791331363
554.653381733	33.2380552982
554.671193855	32.8540521729
554.689005976	32.3459293407
554.706818098	31.7299319915
554.72463022	31.020466178
554.742442341	30.229654186
554.760254463	29.3677499779
554.778066585	28.4438389763
554.795878706	27.4661902101
554.813690828	26.4422245348
554.831502949	25.3784253308
554.849315071	24.2804032242
554.867127193	23.1530508531
554.895175147	21.3286315439
554.923223101	19.4562527051
554.951271055	17.5472168141
554.979319009	15.6108659123
555.007366963	13.6550309324
555.035414917	11.6862738515
555.063462871	9.71010994905
555.091510825	7.73117732388
555.11955878	5.75336662213
555.147606734	3.77993795332
555.175654688	1.81363584909
555.203702642	-0.143151439896
555.231750596	-2.08821622296
555.25979855	-4.01969271966
555.287846504	-5.93639261847
555.315894458	-7.83787933955
555.343942412	-9.72359292608
555.371990367	-11.592984141
555.400038321	-13.445315772
555.442213094	-16.1764840777
555.484387868	-18.8125655391
555.526562641	-21.3832440388
555.568737414	-23.8998328561
555.610912188	-26.3674254286
555.653086961	-28.7774911372
555.695261735	-31.1460674988
555.737436508	-33.4771513071
555.779611282	-35.7745936818
555.821786055	-38.0138136427
555.863960828	-40.1792059115
555.906135602	-42.2534576795
555.948310375	-44.227430553
555.990485149	-46.1022503309
556.032659922	-47.8543121972
556.074834696	-49.4488143771
556.117009469	-50.868950268
556.159184242	-52.1223557945
556.201359016	-53.2234940115
556.243533789	-54.1860544059
556.285708563	-55.0259154877
556.327883336	-55.7619828667
556.391846522	-56.7190951452
556.455809707	-57.5290206325
556.519772893	-58.2290072872
556.583736079	-58.8441134642
556.647699264	-59.3919428121
556.71166245	-59.885648595
556.775625636	-60.3350699801
556.839588821	-60.7473700505
556.941426427	-61.3401139745
557.095523826	-62.1166741797
557.249621225	-62.7731992444
557.403718624	-63.3331786308
557.557816022	-63.8098397551
557.711913421	-64.2103704621
557.86601082	-64.544556094
558.020108219	-64.823826069
558.259476292	-65.1642221362
558.498844366	-65.4105821851
558.738212439	-65.5777086922
558.977580513	-65.6776008273
559.216948586	-65.7209795659
559.456316659	-65.7168733344
559.695684733	-65.6726001363
559.935052806	-65.5941594917
560.328930723	-65.4035583441
560.722808639	-65.1522516702
561.116686555	-64.8549789242
561.510564471	-64.5231006134
562.189321669	-63.8956594548
562.868078866	-63.2254079318
563.546836064	-62.5352856588
564.225593261	-61.8415711733
564.904350459	-61.1547285399
565.583107656	-60.4814398298
566.261864854	-59.825479185
566.940622051	-59.1883791759
567.619379249	-58.5679789046
568.298136446	-57.9614734554
568.976893644	-57.361509986
569.655650841	-56.7669681538
570.334408039	-56.1642586309
571.013165236	-55.5320853144
571.691922434	-54.8584629681
571.861611733	-54.6762190568
572.031301032	-54.4849133278
572.200990332	-54.2854451302
572.370679631	-54.0798510231
572.54036893	-53.8624166436
572.71005823	-53.6305642966
572.879747529	-53.3822641061
573.049436829	-53.1149126382
573.219126128	-52.8222146752
573.388815427	-52.4949968028
573.558504727	-52.123526427
573.728194026	-51.6916650137
573.897883325	-51.1735525519
574.067572625	-50.511948109
574.179989493	-49.9447871256
574.255602689	-49.4690113232
574.331215884	-48.8686468695
574.350119183	-48.6915174419
574.369022482	-48.4999155034
574.40070425	-48.1381228101
574.432386017	-47.7077394082
574.440306459	-47.5863332142
574.448226901	-47.4580778882
574.461098658	-47.2327027217
574.473970415	-46.9820799293
574.486842171	-46.6997016067
574.499713928	-46.3763674472
574.508582706	-46.1231175743
574.517451485	-45.8382605445
574.526320263	-45.5140540126
574.535189042	-45.1408786101
574.541301538	-44.8492000974
574.547414035	-44.524441709
574.553526532	-44.1618998049
574.559639028	-43.7566507934
574.565751525	-43.303807803
574.571864021	-42.7989980953
574.577976518	-42.2391346312
574.584089015	-41.6233337719
574.590201511	-40.9535858797
574.596314008	-40.2346816498
574.602426505	-39.4732106354
574.608539001	-38.6759736052
574.614651498	-37.8484939651
574.620763994	-36.9941325932
574.626876491	-36.1138776698
574.632988988	-35.2065655081
574.639101484	-34.269226121
574.645213981	-33.2973857409
574.656632975	-31.3689732366
574.668051969	-29.2516227987
574.679470964	-26.884167844
574.690889958	-24.1926906978
574.702308952	-21.0932861601
574.713727946	-17.4997111791
574.72514694	-13.3435795983
574.736565934	-8.609436259
574.747984929	-3.3690445932
574.759403923	2.17813525428
574.770822917	7.71759988761
574.782241911	12.9078827946
574.793660905	17.4995806688
574.8050799	21.3493759558
574.816498894	24.4439439733
574.827917888	26.8609033251
574.839336882	28.7144033898
574.850755876	30.1179717692
574.862174871	31.1693919253
574.873593865	31.947218149
574.885012859	32.5115573295
574.896431853	32.9067908847
574.907850847	33.1651920529
574.919269842	33.3103944237
574.930688836	33.3599174463
574.947922132	33.2822066283
574.965155428	33.0493798866
574.982388725	32.6830235461
574.999622021	32.2011305265
575.016855317	31.619168423
575.034088613	30.9496162895
575.051321909	30.2028245239
575.068555206	29.3880561656
575.085788502	28.5138638245
575.103021798	27.5879710423
575.120255094	26.6171483358
575.137488391	25.6073010009
575.163738837	24.0056984897
575.189989283	22.3414275969
575.216239729	20.6273230021
575.242490175	18.8740394035
575.268740621	17.0904451318
575.294991067	15.2839122476
575.321241513	13.4606249434
575.347491959	11.6258179133
575.373742405	9.78396003773
575.399992851	7.93889705953
575.426243297	6.09393624627
575.466158929	3.29500701226
575.506074562	0.510782296065
575.545990195	-2.25205214903
575.585905827	-4.98828242316
575.62582146	-7.69467479014
575.665737092	-10.3700150571
575.705652725	-13.0128183567
575.745568358	-15.5988427997
575.78548399	-18.1113552267
575.825399623	-20.5601412565
575.865315255	-22.9511683619
575.905230888	-25.2928225045
575.945146521	-27.5879126561
575.985062153	-29.8454626952
576.024977786	-32.070619379
576.064893418	-34.2659016975
576.104809051	-36.421365472
576.144724684	-38.5234048002
576.184640316	-40.55399792
576.224555949	-42.4988234513
576.264471581	-44.3545650008
576.304387214	-46.1234081022
576.344302847	-47.7840990716
576.384218479	-49.3081804591
576.424134112	-50.6792259667
576.464049744	-51.8992421086
576.503965377	-52.9791255057
576.54388101	-53.931371041
576.583796642	-54.7699865495
576.623712275	-55.510862308
576.686615344	-56.5161716261
576.749518413	-57.3669410311
576.812421482	-58.1015946582
576.875324551	-58.7466842887
576.93822762	-59.3209258265
577.001130689	-59.8382399834
577.064033758	-60.309052734
577.126936827	-60.7409975748
577.224816323	-61.3489873941
577.372738625	-62.1482774307
577.520660928	-62.8333084313
577.66858323	-63.4221704232
577.816505532	-63.9249051329
577.964427835	-64.3513244103
578.112350137	-64.7132855899
578.260272439	-65.0217335391
578.408194742	-65.2840532874
578.556117044	-65.5047366853
578.704039346	-65.6875289997
578.851961649	-65.836467176
579.089679333	-66.0143193597
579.327397017	-66.1278417652
579.565114701	-66.1873667645
579.802832385	-66.2008739293
580.205666491	-66.1378084939
580.608500596	-65.9889871721
581.011334702	-65.7746989015
581.414168808	-65.5108731972
581.817002914	-65.2099017023
582.219837019	-64.8814648429
582.863935138	-64.3184710945
583.508033256	-63.7291507899
584.152131374	-63.1297187037
584.796229493	-62.531810807
585.440327611	-61.9436377821
586.084425729	-61.3712888516
586.728523848	-60.8174553299
587.372621966	-60.2840546049
588.016720085	-59.770990571
588.660818203	-59.2790147756
589.304916321	-58.8049433702
589.94901444	-58.3497635176
590.593112558	-57.9053085668
591.237210676	-57.4731131983
591.881308795	-57.0468310945
592.525406913	-56.6279051943
593.169505031	-56.2076383184
593.81360315	-55.7822441335
594.457701268	-55.3475649516
595.101799386	-54.8791579674
595.745897505	-54.3742722265
595.906922034	-54.2379571134
596.067946564	-54.0946127262
596.228971093	-53.9450964039
596.389995623	-53.7909099058
596.551020153	-53.6280957068
596.712044682	-53.4553016184
596.873069212	-53.2716161608
597.034093741	-53.0755055598
597.195118271	-52.8635376077
597.356142801	-52.6330793124
597.51716733	-52.3784385516
597.67819186	-52.0924223761
597.839216389	-51.7632792685
598.000240919	-51.3760080198
598.161265449	-50.9115190391
598.322289978	-50.327895673
598.483314508	-49.5268525646
598.52357064	-49.2741411546
598.563826772	-48.9901462956
598.604082905	-48.6662489445
598.644339037	-48.2897456107
598.68459517	-47.8407287602
598.710301049	-47.5016506899
598.736006928	-47.1048249871
598.753292188	-46.7943024535
598.770577448	-46.4359056823
598.787862708	-46.0119473593
598.799225966	-45.6848787956
598.810589224	-45.3059544649
598.818192483	-45.0155657137
598.825795742	-44.6884558566
598.833399001	-44.3171574038
598.84100226	-43.8931468389
598.84860552	-43.4070897276
598.856208779	-42.8494481265
598.863812038	-42.2116751331
598.871415297	-41.4881696097
598.879018556	-40.6785544275
598.886621815	-39.7889577751
598.894225074	-38.8306657792
598.901828334	-37.8161113348
598.909431593	-36.754404336
598.917034852	-35.6490219939
598.924638111	-34.4980616458
598.93224137	-33.2954066969
598.939844629	-32.0315048108
598.951843348	-29.8810270611
598.963842068	-27.4827648248
598.975840787	-24.7579212899
598.987839506	-21.6148979534
598.999838225	-17.9583308695
599.011836944	-13.7102470825
599.023835663	-8.8491739543
599.035834382	-3.45253307173
599.047833101	2.26018163759
599.05983182	7.94006687937
599.071830539	13.2353210088
599.083829258	17.8481856247
599.095827977	21.6549598382
599.107826696	24.6809838619
599.119825416	27.0218658992
599.131824135	28.7961587692
599.143822854	30.1220746248
599.155821573	31.1026280793
599.167820292	31.8181696768
599.179819011	32.3272177621
599.19181773	32.6716189667
599.203816449	32.881689194
599.215815168	32.9797728109
599.227813887	32.9824854221
599.239812606	32.9023129903
599.25804611	32.6431760601
599.276279614	32.2405608688
599.294513117	31.713103624
599.312746621	31.0770561065
599.330980124	30.3468622089
599.349213628	29.534794983
599.367447132	28.651288
599.385680635	27.7055415401
599.403914139	26.7058771919
599.422147643	25.6597483175
599.440381146	24.573670913
599.45861465	23.4532820809
599.476848154	22.3034882653
599.506125486	20.4064291916
599.535402819	18.4596549249
599.564680152	16.4751799693
599.593957485	14.462965011
599.623234818	12.4313797635
599.652512151	10.3874436662
599.681789484	8.33704737756
599.711066817	6.28512091364
599.74034415	4.23576468484
599.769621483	2.19238171222
599.798898816	0.157821887144
599.828176149	-1.86537603819
599.857453481	-3.87490326613
599.886730814	-5.86913238572
599.916008147	-7.84728251831
599.94528548	-9.8087375522
599.974562813	-11.752755876
600.003840146	-13.6773371777
600.033117479	-15.5649642548
600.062394812	-17.4155713695
600.091672145	-19.2323990036
600.120949478	-21.01664825
600.150226811	-22.7658599692
600.179504144	-24.4836251217
600.208781477	-26.1758870913
600.238058809	-27.8482850872
600.282586637	-30.3558739218
600.327114465	-32.8253575328
600.371642292	-35.251804971
600.41617012	-37.6205770364
600.460697947	-39.9076717426
600.505225775	-42.0928974083
600.549753603	-44.1647926492
600.59428143	-46.1214090545
600.638809258	-47.9414681317
600.683337085	-49.5986852891
600.727864913	-51.0732373395
600.772392741	-52.3645374122
600.816920568	-53.4875720295
600.861448396	-54.4641311999
600.905976223	-55.3166779376
600.950504051	-56.0658247685
600.995031879	-56.7295068809
601.039559706	-57.3227882352
601.084087534	-57.8579827564
601.128615361	-58.3449692243
601.195580144	-59.0030684794
601.262544927	-59.5896465063
601.32950971	-60.1192418102
601.445025796	-60.9279207845
601.560541883	-61.630227877
601.676057969	-62.2466421192
601.791574055	-62.791345444
601.907090141	-63.2740033601
602.022606227	-63.7022370526
602.138122314	-64.0827991439
602.2536384	-64.4213225926
602.426986271	-64.8600990567
602.600334142	-65.2260851089
602.773682013	-65.5284483286
602.947029884	-65.7750120654
603.212113602	-66.0605770626
603.47719732	-66.2542482527
603.742281039	-66.3728749141
604.007364757	-66.4293611246
604.272448476	-66.4338192426
604.690244011	-66.3557839333
605.108039546	-66.1965036503
605.525835082	-65.9762152565
605.943630617	-65.710403089
606.361426152	-65.4108697535
606.779221687	-65.0868890469
607.428587052	-64.5523839653
608.077952417	-63.9983323561
608.727317781	-63.4391633263
609.376683146	-62.8849103242
610.026048511	-62.3427642292
610.675413875	-61.8177037716
611.677158704	-61.048448435
612.678903532	-60.3311165978
613.680648361	-59.6670240777
614.68239319	-59.0497369597
615.684138018	-58.480150398
616.685882847	-57.9379365924
617.687627676	-57.4270063639
618.689372504	-56.9493156414
619.691117333	-56.4894636162
620.692862162	-56.0384305629
621.69460699	-55.5696571548
622.696351819	-55.0807928987
623.698096647	-54.5583772786
624.699841476	-53.9809440467
625.701586305	-53.2663945713
626.703331133	-52.2309250093
626.953767341	-51.863833084
627.204203548	-51.3894976035
627.454639755	-50.765528216
627.622808683	-50.2142943567
627.790977611	-49.4665782129
627.833019843	-49.2325892347
627.875062075	-48.9703561451
627.917104307	-48.6729902241
627.959146539	-48.3313405707
628.001188771	-47.9307788793
628.043231003	-47.4477531304
628.069555208	-47.0867610042
628.095879413	-46.6615048748
628.113254435	-46.3333615883
628.130629458	-45.953689885
628.148004481	-45.5034610491
628.159469499	-45.1540552231
628.170934517	-44.7484163776
628.178574815	-44.4383625042
628.186215114	-44.0888137571
628.193855413	-43.6917889176
628.201495712	-43.2382696368
628.20913601	-42.7185925918
628.216776309	-42.1232865873
628.224416608	-41.4445717043
628.232056907	-40.6784649454
628.239697205	-39.8267529567
628.247337504	-38.8973340475
628.254977803	-37.9018137265
628.262618102	-36.851161466
628.2702584	-35.7519702582
628.277898699	-34.6051668798
628.285538998	-33.4067113994
628.293179296	-32.1485940996
628.300819595	-30.81947547
628.312526401	-28.611880957
628.324233207	-26.1403174236
628.335940013	-23.328833802
628.347646819	-20.0939060968
628.359353625	-16.3565085415
628.371060431	-12.0662563455
628.382767236	-7.23985739149
628.394474042	-1.98242103912
628.406180848	3.46937458559
628.417887654	8.79672404808
628.42959446	13.7067313713
628.441301266	17.970519004
628.453008072	21.5005109312
628.464714878	24.3258397427
628.476421683	26.5355668454
628.488128489	28.2351994027
628.499835295	29.5263407096
628.511542101	30.49727019
628.523248907	31.218477198
628.534955713	31.7427657954
628.546662519	32.1086230844
628.558369325	32.3442723355
628.570076131	32.470756639
628.581782936	32.503923889
628.599797949	32.3999404804
628.617812962	32.1356846356
628.635827975	31.7330104167
628.653842988	31.2103497064
628.671858	30.5837515258
628.689873013	29.8664201011
628.707888026	29.0694021808
628.725903039	28.2025313238
628.743918051	27.2748192235
628.761933064	26.2943712732
628.779948077	25.2682772057
628.79796309	24.2027010899
628.815978103	23.1030593119
628.844046254	21.3330382569
628.872114406	19.5072660155
628.900182558	17.6381109121
628.92825071	15.7358442911
628.956318862	13.8091071063
628.984387014	11.8651625546
629.012455166	9.91013659592
629.040523318	7.94920746492
629.06859147	5.98675101389
629.096659622	4.02645627857
629.124727774	2.07141614473
629.152795926	0.124218059596
629.180864078	-1.81287227509
629.20893223	-3.73777554314
629.237000382	-5.64892626163
629.265068534	-7.54537911229
629.293136686	-9.42661878131
629.321204838	-11.2919442748
629.34927299	-13.1400941585
629.377341142	-14.9579211408
629.405409294	-16.7417349373
629.433477446	-18.4938128324
629.461545598	-20.2135911262
629.48961375	-21.9021805535
629.517681901	-23.560865919
629.545750053	-25.1935181233
629.573818205	-26.8042484437
629.615923893	-29.1860105021
629.65802958	-31.5290217962
629.700135268	-33.8355231198
629.742240955	-36.0969746833
629.784346643	-38.2986583744
629.82645233	-40.4205843642
629.868558018	-42.444949855
629.910663705	-44.3692812263
629.952769392	-46.1924815531
629.99487508	-47.8890509321
630.036980767	-49.4377956957
630.079086455	-50.8255889965
630.121192142	-52.0533562867
630.16329783	-53.1326908303
630.205403517	-54.0804994781
630.247509205	-54.914918436
630.289614892	-55.6532423966
630.33172058	-56.3109730553
630.373826267	-56.9014424719
630.415931954	-57.4357808797
630.479537352	-58.1559345141
630.543142749	-58.7926427632
630.606748146	-59.3636746337
630.713398987	-60.2074141829
630.820049829	-60.9397216565
630.926700671	-61.5839536489
631.033351512	-62.1562057045
631.140002354	-62.6673611931
631.246653196	-63.125341615
631.353304037	-63.5366253348
631.51539925	-64.0845054107
631.677494462	-64.5519107638
631.839589675	-64.949104613
632.001684887	-65.2840079953
632.163780099	-65.5641392851
632.412767923	-65.9041242991
632.661755746	-66.1537803108
632.910743569	-66.3287527426
633.295413815	-66.479937172
633.680084062	-66.5115848749
634.064754308	-66.4499224387
634.449424555	-66.3230588273
634.834094802	-66.1498761722
635.218765048	-65.9377448034
635.603435295	-65.6926092703
635.988105541	-65.4233781218
636.372775788	-65.1379749338
636.757446035	-64.8414319598
637.142116281	-64.5375605064
637.526786528	-64.2293557152
637.911456774	-63.9189627529
638.296127021	-63.6089030504
638.680797268	-63.3020047948
639.294290732	-62.8219702663
639.907784197	-62.3558295881
640.521277662	-61.90559434
641.134771127	-61.4735126211
641.748264591	-61.0609233379
642.721884175	-60.446643352
643.695503759	-59.8801249245
644.669123342	-59.3589798202
645.642742926	-58.878962413
646.61636251	-58.4365157917
647.589982093	-58.0233107678
648.563601677	-57.6385317568
649.53722126	-57.2778463207
650.510840844	-56.9438357614
651.484460428	-56.6267907979
652.458080011	-56.3172231343
653.431699595	-56.0248471899
654.405319179	-55.7297453048
655.378938762	-55.4400595781
656.352558346	-55.1394825136
657.326177929	-54.8352572225
658.299797513	-54.5007946431
658.543202409	-54.414978924
658.786607305	-54.3287900116
659.030012201	-54.2405529382
659.273417097	-54.1437057002
659.516821993	-54.0418779239
659.760226888	-53.9393952873
660.003631784	-53.8293376029
660.24703668	-53.7125620443
660.490441576	-53.5907440647
660.733846472	-53.4628304116
660.977251368	-53.3267211398
661.220656264	-53.1789205385
661.46406116	-53.0165329258
661.707466056	-52.836986503
661.950870952	-52.640102867
662.194275847	-52.414985989
662.437680743	-52.1531855403
662.681085639	-51.8507868678
662.924490535	-51.491622511
663.167895431	-51.0339955072
663.228746655	-50.897858564
663.289597879	-50.7516920164
663.350449103	-50.5937935507
663.453241668	-50.2928320849
663.556034233	-49.9382760427
663.658826798	-49.5066330356
663.761619363	-48.9629314778
663.787317504	-48.8035599506
663.813015646	-48.6312002589
663.838713787	-48.4441664822
663.881515584	-48.0927683003
663.924317381	-47.6770605135
663.949020413	-47.399179568
663.973723444	-47.0844596161
663.998426475	-46.7216668761
664.01278889	-46.4828575141
664.027151304	-46.2179774971
664.041513719	-45.9206229676
664.055876133	-45.5818487588
664.070238548	-45.188670646
664.084600963	-44.7221791448
664.09045012	-44.5058042163
664.096299277	-44.2703649825
664.102148435	-44.012838956
664.107997592	-43.7298621187
664.113846749	-43.4177296648
664.119695907	-43.0724235577
664.125545064	-42.689718212
664.131394222	-42.2654211923
664.137243379	-41.7956303158
664.143092536	-41.2772133489
664.148941694	-40.7083957645
664.154790851	-40.0892782391
664.160640008	-39.4220314066
664.166489166	-38.7105888143
664.172338323	-37.9598537435
664.17818748	-37.1746603412
664.184036638	-36.3588279527
664.189885795	-35.5145538284
664.195734953	-34.6422037756
664.20158411	-33.7404028814
664.207433267	-32.8062337447
664.213282425	-31.8354948414
664.219131582	-30.8229160739
664.22975925	-28.854823254
664.240386918	-26.6832151815
664.251014586	-24.2564820273
664.261642254	-21.5160288881
664.272269922	-18.4029922132
664.28289759	-14.8699999744
664.293525258	-10.8989516881
664.304152926	-6.5228211186
664.314780594	-1.83570685332
664.325408261	2.98540314673
664.336035929	7.71565746317
664.346663597	12.135606865
664.357291265	16.0835255523
664.367918933	19.4751057179
664.378546601	22.29816247
664.389174269	24.5924873425
664.399801937	26.4261343066
664.410429605	27.8753414962
664.421057273	29.0115860018
664.431684941	29.895598446
664.442312609	30.5761773965
664.452940277	31.0914298527
664.469153323	31.6238265624
664.485366369	31.9149474037
664.501579416	32.0118281946
664.517792462	31.9491494125
664.534005508	31.7529461051
664.550218555	31.4412155914
664.566431601	31.0272572083
664.582644647	30.5224829906
664.598857694	29.937240079
664.61507074	29.2807212807
664.631283786	28.5609615452
664.647496833	27.7850790499
664.663709879	26.959511427
664.688689773	25.603608793
664.713669667	24.1622292209
664.738649561	22.6508671758
664.763629456	21.082598421
664.78860935	19.4684641416
664.813589244	17.8176953859
664.838569138	16.1380101608
664.863549032	14.4359076004
664.888528926	12.7169383268
664.91350882	10.9859156879
664.951426044	8.34463981919
664.989343267	5.69738509268
665.02726049	3.05384546195
665.065177713	0.421500284768
665.103094937	-2.19368165629
665.14101216	-4.78651375833
665.178929383	-7.35313639781
665.216846607	-9.89204243925
665.25476383	-12.4014007231
665.292681053	-14.8680678472
665.330598277	-17.2684434281
665.3685155	-19.6088339944
665.406432723	-21.8960874462
665.444349947	-24.1294194621
665.48226717	-26.3154467598
665.520184393	-28.4621825194
665.558101617	-30.5785436225
665.59601884	-32.6642638882
665.633936063	-34.7152251847
665.671853287	-36.7220985741
665.70977051	-38.6746723058
665.747687733	-40.5591453648
665.785604957	-42.3622068743
665.82352218	-44.081268518
665.861439403	-45.7204292568
665.899356627	-47.2647270563
665.93727385	-48.6914931817
665.975191073	-49.9895088974
666.013108297	-51.1606454216
666.05102552	-52.2113507546
666.088942743	-53.1490582448
666.126859966	-53.9838318496
666.185643383	-55.1038994055
666.2444268	-56.0531507622
666.303210216	-56.8710047274
666.361993633	-57.5867828746
666.42077705	-58.2215813229
666.479560466	-58.7911464365
666.538343883	-59.3076139827
666.597127299	-59.7802771477
666.69059861	-60.4585285674
666.839833917	-61.3963453056
666.989069223	-62.1929637507
667.13830453	-62.8729773406
667.287539836	-63.4603663282
667.436775143	-63.9693128051
667.586010449	-64.4076443565
667.735245756	-64.7843997161
667.884481062	-65.1088147699
668.033716369	-65.3874890506
668.275045249	-65.7534671641
668.516374129	-66.0294544904
668.75770301	-66.2301511306
668.99903189	-66.3683249574
669.24036077	-66.4541462826
669.622159496	-66.5022264994
670.003958221	-66.4644113012
670.385756946	-66.3596758646
670.767555672	-66.2034118578
671.149354397	-66.0076344277
671.531153123	-65.7815618709
671.912951848	-65.5326626198
672.544278684	-65.0872192396
673.175605519	-64.6171026658
673.806932355	-64.1366160885
674.438259191	-63.6559521164
675.069586027	-63.1826808715
675.700912863	-62.7222401556
676.680175379	-62.0418250468
677.659437896	-61.4083612803
678.638700413	-60.8221715846
679.617962929	-60.2838802472
680.597225446	-59.7893052276
681.576487963	-59.3397177361
682.555750479	-58.9226126965
683.535012996	-58.5402176172
684.514275513	-58.1839639656
685.493538029	-57.8595432239
686.472800546	-57.557951117
687.452063063	-57.2803628246
688.431325579	-57.0261435243
689.410588096	-56.7846068019
690.389850613	-56.5595897483
691.369113129	-56.3439679926
692.348375646	-56.1453643021
693.327638163	-55.954577948
694.306900679	-55.7671318164
695.286163196	-55.5795480298
696.265425713	-55.3872657067
697.244688229	-55.198280032
698.223950746	-55.0167425459
699.203213263	-54.8507914165
700.182475779	-54.6773686387
701.161738296	-54.4696694323
702.141000813	-54.2328971584
703.12026333	-54.0082043105
703.802820976	-53.8465636662
704.485378622	-53.6444804845
705.167936268	-53.3852188425
705.850493914	-53.0838948838
706.53305156	-52.7379680854
707.004414013	-52.4360277611
707.475776467	-52.0289143255
707.94713892	-51.4706975312
708.064979534	-51.2973285732
708.182820147	-51.1023269095
708.300660761	-50.8784851912
708.418501374	-50.621163897
708.536341987	-50.3234537835
708.654182601	-49.9676197359
708.772023214	-49.5299342797
708.889863827	-48.9694010114
708.970738259	-48.4740422049
709.051612691	-47.8339875861
709.09627727	-47.3853372362
709.140941849	-46.8285004278
709.152107993	-46.6666889737
709.163274138	-46.4931493947
709.174440283	-46.3060585312
709.185606427	-46.1032736771
709.196772572	-45.8821447575
709.207938717	-45.6392317231
709.219104861	-45.3699599547
709.230271006	-45.0681769998
709.241437151	-44.7255092162
709.249225238	-44.4564039072
709.257013325	-44.1568442149
709.264801413	-43.820562632
709.2725895	-43.4400723717
709.280377587	-43.0067282381
709.288165674	-42.5110226349
709.295953762	-41.9432021432
709.303741849	-41.2944462678
709.311529936	-40.5587439876
709.319318023	-39.7350185838
709.327106111	-38.8283395356
709.334894198	-37.848741705
709.342682285	-36.8075734224
709.350470372	-35.7132803411
709.35825846	-34.5690188316
709.366046547	-33.3725945132
709.373834634	-32.1173841866
709.381622722	-30.7931306215
709.389410809	-29.3864547235
709.402775099	-26.7332889886
709.416139389	-23.6925194538
709.42950368	-20.156755998
709.44286797	-16.0214248164
709.45623226	-11.2294125475
709.469596551	-5.83005351456
709.482960841	-0.013994710364
709.496325131	5.8531729055
709.509689422	11.3509479904
709.523053712	16.1541498067
709.536418002	20.1207014965
709.549782292	23.2607650082
709.563146583	25.6697484773
709.576510873	27.4763154297
709.589875163	28.8105513741
709.603239454	29.7845178352
709.616603744	30.4837679457
709.629968034	30.9687035443
709.643332325	31.2811293832
709.656696615	31.4508792207
709.670060905	31.5001166072
709.683425195	31.4456341621
709.696789486	31.3002841802
709.710153776	31.0741374481
709.723518066	30.7754058795
709.736882357	30.4110685661
709.757395671	29.7381469215
709.777908986	28.9442166413
709.7984223	28.0458090319
709.818935615	27.0576537086
709.83944893	25.9927643208
709.859962244	24.8623876912
709.880475559	23.6761889134
709.900988873	22.4425666929
709.921502188	21.1688782073
709.942015502	19.8615316676
709.962528817	18.5260544129
709.983042132	17.1672131132
710.01448929	15.0481324108
710.045936449	12.8966212396
710.077383608	10.7231088313
710.108830767	8.53633663754
710.140277926	6.34363815743
710.171725085	4.15108809833
710.203172244	1.96364280909
710.234619403	-0.214698213241
710.266066562	-2.3805907081
710.297513721	-4.53104219383
710.32896088	-6.66375496175
710.360408038	-8.77749852627
710.391855197	-10.8711130344
710.423302356	-12.94314233
710.454749515	-14.9794261522
710.486196674	-16.9720126293
710.517643833	-18.923900963
710.549090992	-20.8374441932
710.580538151	-22.7118599032
710.61198531	-24.5481592937
710.643432469	-26.3521127053
710.674879627	-28.1301903954
710.706326786	-29.8855092035
710.737773945	-31.6183447721
710.769221104	-33.3274494454
710.800668263	-35.0099150577
710.832115422	-36.6607913941
710.863562581	-38.2730475407
710.89500974	-39.8386643621
710.926456899	-41.3500371601
710.957904058	-42.8017519094
710.989351217	-44.1968585379
711.020798375	-45.53570978
711.052245534	-46.8087953314
711.083692693	-48.0042991866
711.115139852	-49.1166305294
711.146587011	-50.1448397278
711.17803417	-51.0889584433
711.209481329	-51.9504893378
711.257067165	-53.1080390174
711.304653	-54.110644544
711.352238836	-54.9839555203
711.399824672	-55.7511064173
711.447410508	-56.4310588612
711.494996344	-57.0391787621
711.542582179	-57.588048588
711.618754054	-58.3681119268
711.69492593	-59.05311145
711.771097805	-59.6639061008
711.84726968	-60.2148393258
711.970308767	-61.0028499185
712.093347854	-61.6898021443
712.216386941	-62.2952743349
712.339426028	-62.8314014589
712.462465115	-63.3074144909
712.585504202	-63.7310886328
712.708543289	-64.1080957894
712.831582376	-64.4426311528
712.954621463	-64.7388438223
713.07766055	-65.0010383308
713.27937764	-65.3660235938
713.48109473	-65.6606097185
713.682811821	-65.8947582314
713.884528911	-66.0767532814
714.208030006	-66.2773697832
714.531531101	-66.385999015
714.855032196	-66.4211961081
715.178533291	-66.3974011188
715.502034386	-66.3259000649
715.996538617	-66.1450868882
716.491042848	-65.8998502484
716.985547079	-65.609106071
717.480051311	-65.2871215682
717.974555542	-64.9447440112
718.469059773	-64.5903438652
719.237848915	-64.0307144654
720.006638056	-63.4753242099
720.775427197	-62.9348228622
721.544216339	-62.415721816
722.31300548	-61.9221965434
723.081794622	-61.4567162568
723.850583763	-61.0201345237
725.152448766	-60.3463585948
726.454313769	-59.7482473242
727.756178772	-59.2207268508
729.058043775	-58.7489521725
730.359908778	-58.338272082
731.66177378	-57.9696589832
732.963638783	-57.6349070263
734.265503786	-57.3289152403
735.567368789	-57.0481365439
736.869233792	-56.7933690118
738.171098795	-56.5707186917
739.472963798	-56.368559623
740.7748288	-56.1737478758
742.076693803	-55.9672213463
742.917340181	-55.8428155362
743.489883955	-55.7740016606
744.062427729	-55.7060869558
744.634971502	-55.6443947486
745.207515276	-55.5824460849
745.78005905	-55.5135027414
746.352602823	-55.4441488467
746.925146597	-55.3808531563
747.497690371	-55.3132975724
748.070234145	-55.2507814583
748.642777918	-55.1933267126
749.215321692	-55.1279189339
749.787865466	-55.0591393803
750.360409239	-54.9985570479
750.932953013	-54.9418984157
751.505496787	-54.8786468813
752.07804056	-54.8129704691
752.650584334	-54.7531839588
753.223128108	-54.6893369131
753.795671881	-54.6266164474
754.368215655	-54.5658568298
754.940759429	-54.5010432717
755.513303202	-54.4301440656
756.085846976	-54.3609163756
756.65839075	-54.2921927888
757.230934523	-54.2194323356
757.803478297	-54.1387138502
758.376022071	-54.0560453568
758.948565844	-53.972124494
759.521109618	-53.8799830355
760.093653392	-53.7728346699
760.666197165	-53.6606498908
761.238740939	-53.5453933306
761.811284713	-53.4081964157
762.383828486	-53.2517219853
762.782864525	-53.1316116382
763.181900563	-52.9981702122
763.580936601	-52.8411232175
763.97997264	-52.651555318
764.379008678	-52.4339441009
764.778044716	-52.171322626
764.877803726	-52.0977619173
764.977562735	-52.0184516144
765.077321745	-51.9336540685
765.177080754	-51.8439490267
765.276839764	-51.7484548925
765.456294616	-51.55753887
765.635749468	-51.330714725
765.81520432	-51.064260696
765.994659172	-50.7458001155
766.174114024	-50.355743628
766.353568876	-49.8498923157
766.533023728	-49.1528722455
766.577887441	-48.934593912
766.622751154	-48.68796877
766.667614867	-48.4081096708
766.715323385	-48.0640448135
766.763031902	-47.6563776498
766.810740419	-47.1591747758
766.822667548	-47.0172061119
766.834594678	-46.8662323555
766.858904177	-46.5250555082
766.883213676	-46.1269762297
766.895863748	-45.8914348995
766.90851382	-45.6311451062
766.921163892	-45.3403563552
766.933813964	-45.0113323188
766.946464035	-44.6333182368
766.953700904	-44.3897433338
766.960937772	-44.1215788008
766.96817464	-43.8241546743
766.975411509	-43.4920012352
766.982648377	-43.1187791922
766.989885245	-42.6973409747
766.997122114	-42.2200217436
767.004358982	-41.6792680217
767.01159585	-41.0686077651
767.018832718	-40.3836875126
767.026069587	-39.6236822124
767.033306455	-38.7921014261
767.040543323	-37.8961267795
767.047780192	-36.944445989
767.05501706	-35.944556509
767.062253928	-34.900747006
767.069490797	-33.8133154064
767.076727665	-32.6787769883
767.083964533	-31.4904556156
767.091201402	-30.2391525378
767.09843827	-28.9135752873
767.105675138	-27.5006539709
767.112912006	-25.9857981423
767.120148875	-24.353006824
767.127385743	-22.585468196
767.138556137	-19.5535718168
767.149726532	-16.1107000177
767.160896926	-12.223444815
767.17206732	-7.91488957176
767.183237715	-3.27765041725
767.194408109	1.53728255604
767.205578503	6.3077872163
767.216748898	10.801236647
767.227919292	14.8354894441
767.239089686	18.3121471797
767.250260081	21.2121378321
767.261430475	23.5723153979
767.272600869	25.4592625217
767.283771264	26.9489029251
767.294941658	28.1137551836
767.306112052	29.0166038062
767.317282447	29.7085438006
767.328452841	30.2295400854
767.339623235	30.6101337239
767.35079363	30.8734262451
767.361964024	31.0368913358
767.373134418	31.1138549788
767.390045788	31.0876960837
767.406957158	30.9140445747
767.423868529	30.613048035
767.440779899	30.1997876666
767.457691269	29.6870336238
767.474602639	29.0863232765
767.491514009	28.4079990305
767.508425379	27.6610999069
767.525336749	26.8535290398
767.542248119	25.9923646184
767.559159489	25.0840471523
767.585448177	23.5919137486
767.611736865	22.0186946747
767.638025553	20.3799440703
767.664314241	18.6886553918
767.690602929	16.9557784256
767.716891617	15.1905213011
767.743180304	13.4006338228
767.769468992	11.5926638536
767.79575768	9.77219916649
767.822046368	7.94406219766
767.861795858	5.1744431712
767.901545348	2.4085837028
767.941294838	-0.344631950939
767.981044329	-3.07799705021
768.020793819	-5.78574006896
768.060543309	-8.46372248834
768.100292799	-11.1095287766
768.140042289	-13.7204006978
768.17979178	-16.2647465991
768.21954127	-18.7385243687
768.25929076	-21.149983861
768.29904025	-23.5014856484
768.33878974	-25.8001667275
768.378539231	-28.0501073147
768.418288721	-30.2601492187
768.458038211	-32.4321807171
768.497787701	-34.5647782122
768.537537191	-36.646528804
768.577286681	-38.6648412587
768.617036172	-40.6032408532
768.656785662	-42.4509086256
768.696535152	-44.2042135764
768.736284642	-45.8650565857
768.776034132	-47.4177899428
768.815783623	-48.8412865939
768.855533113	-50.1271470696
768.895282603	-51.2803674845
768.935032093	-52.3101358275
768.974781583	-53.2260084666
769.014531074	-54.0395630469
769.075388332	-55.1177124163
769.136245591	-56.0341021548
769.197102849	-56.8268112808
769.257960108	-57.5235390708
769.318817367	-58.1439640876
769.379674625	-58.702705346
769.440531884	-59.2110130708
769.501389143	-59.6774885771
769.59997906	-60.3606282825
769.75879283	-61.3134769213
769.917606601	-62.1210502565
770.076420371	-62.8079003459
770.235234141	-63.3994262417
770.394047911	-63.9097320904
770.552861681	-64.3464984152
770.711675451	-64.7196700023
770.870489221	-65.0393976824
771.029302991	-65.3124939429
771.27625865	-65.6559248463
771.52321431	-65.9138457339
771.770169969	-66.1003541083
772.017125628	-66.2279898471
772.264081287	-66.3063740244
772.656825145	-66.3475517257
773.049569003	-66.3065833125
773.442312861	-66.2016485298
773.835056718	-66.047852575
774.227800576	-65.8569150252
774.620544434	-65.6376522644
775.21587175	-65.2672730789
775.811199066	-64.8677035541
776.406526382	-64.452581426
777.001853698	-64.0318151418
777.597181015	-63.612856052
778.192508331	-63.2012619522
779.139805956	-62.5710881157
780.087103581	-61.9790311202
781.034401207	-61.4284266938
782.523403511	-60.646531363
784.012405816	-59.9622293227
785.501408121	-59.3706660973
786.990410426	-58.8553221552
788.479412731	-58.4114036242
789.968415035	-57.9797309464
790.968753808	-57.7218093911
791.653611834	-57.5852871522
792.33846986	-57.4455005797
793.023327886	-57.3064508718
793.708185912	-57.1753716579
794.393043937	-57.0698606459
795.077901963	-56.9745306673
795.762759989	-56.8644523957
796.447618015	-56.7468235166
797.13247604	-56.6568129147
797.817334066	-56.6212465533
798.502192092	-56.5618888675
798.95535866	-56.4780900783
799.408525227	-56.4042506388
799.861691795	-56.3524158887
800.314858362	-56.2779621062
800.629007344	-56.2180599591
800.850281339	-56.1957252886
801.071555334	-56.1766321942
801.29282933	-56.1480357607
801.514103325	-56.1170874561
801.73537732	-56.0997887801
801.956651315	-56.0858466465
802.113237357	-56.0667857795
802.2698234	-56.0457879996
802.426409442	-56.0309983953
802.582995484	-56.0184776305
802.739581526	-55.9985132467
802.896167569	-55.9737585434
803.052753611	-55.9574769384
803.209339653	-55.9500229334
803.365925695	-55.9349230106
803.522511738	-55.9078070979
803.629483255	-55.8935244836
803.736454771	-55.8848975653
803.843426288	-55.8747564182
803.950397805	-55.8603257351
804.057369322	-55.8480433104
804.164340839	-55.8413095126
804.271312356	-55.8340833219
804.378283872	-55.8206289045
804.485255389	-55.8063611698
804.592226906	-55.7979216631
804.699198423	-55.7919379092
804.80616994	-55.7799793099
804.913141457	-55.7648861432
805.020112974	-55.7550052587
805.12708449	-55.7502164301
805.234056007	-55.7399948889
805.341027524	-55.7242487974
805.447999041	-55.7123056403
805.554970558	-55.7084366337
805.661942075	-55.7004771916
805.768913591	-55.6848759041
805.847708114	-55.6754880654
805.926502637	-55.6697162299
806.005297159	-55.6638737665
806.084091682	-55.655857071
806.162886204	-55.6476643435
806.241680727	-55.6413790151
806.32047525	-55.6352703537
806.399269772	-55.6275252767
806.478064295	-55.6194327246
806.556858817	-55.6128438008
806.63565334	-55.6065821393
806.714447862	-55.5989587268
806.793242385	-55.590898385
806.872036908	-55.5842237882
806.95083143	-55.5781713869
807.029625953	-55.5709431329
807.108420475	-55.5629079839
807.187214998	-55.5559044051
807.266009521	-55.5498555356
807.344804043	-55.5430989441
807.423598566	-55.5354684798
807.502393088	-55.5282294721
807.581187611	-55.5218176514
807.659982133	-55.515275025
807.738776656	-55.5079785884
807.817571179	-55.5006498057
807.896365701	-55.4940585239
807.975160224	-55.4877634999
808.053954746	-55.4808751088
808.132749269	-55.4735621684
808.211543792	-55.4667317631
808.290338314	-55.4604954713
808.369132837	-55.4539543431
808.447927359	-55.44676343
808.526721882	-55.4397400038
808.605516404	-55.4334609167
808.684310927	-55.4272061598
808.76310545	-55.4202238309
808.841899972	-55.4130779149
808.920694495	-55.4066789599
808.999489017	-55.4006217497
809.07828354	-55.3939014026
809.157078063	-55.3867262982
809.235872585	-55.380170519
809.314667108	-55.3742080922
809.436850989	-55.3651722215
809.559034871	-55.3547310239
809.681218753	-55.3430691724
809.803402635	-55.332189644
809.98788579	-55.3178229976
810.172368945	-55.3046955851
810.356852101	-55.2907114304
810.541335256	-55.2751034344
810.725818412	-55.2592547316
810.910301567	-55.2445561631
811.094784722	-55.2305691587
811.279267878	-55.2159334605
811.463751033	-55.2008194015
811.648234189	-55.1856032418
811.832717344	-55.1718267277
812.017200499	-55.1572770575
812.201683655	-55.1420060634
812.38616681	-55.1263331795
812.570649966	-55.1121991323
812.755133121	-55.098065365
812.939616277	-55.0851865524
813.124099432	-55.0694816935
813.308582587	-55.0565738277
813.493065743	-55.0449179107
813.677548898	-55.0306810199
813.862032054	-55.0162811204
814.046515209	-55.0025541437
814.230998364	-54.9890907265
814.41548152	-54.9752994201
814.599964675	-54.9607715101
814.784447831	-54.9464510891
814.968930986	-54.9322304421
815.153414141	-54.9182987802
815.337897297	-54.9036717732
815.522380452	-54.8899166472
815.706863608	-54.8756783635
815.891346763	-54.8626001954
816.075829918	-54.8470279757
816.260313074	-54.8339727135
816.444796229	-54.8218808532
816.629279385	-54.8101879849
816.81376254	-54.7952620931
816.998245695	-54.7809075565
817.182728851	-54.7678401847
817.367212006	-54.7537344433
817.551695162	-54.7398445324
817.736178317	-54.7259510979
817.920661472	-54.7120860002
818.105144628	-54.6977268148
818.390476208	-54.6749421204
818.675807788	-54.6520854057
818.961139369	-54.629565736
819.246470949	-54.6073811489
819.531802529	-54.5848198222
819.81713411	-54.5607478401
820.10246569	-54.5361214653
820.38779727	-54.5129152004
820.673128851	-54.488404282
820.958460431	-54.4628248159
821.243792012	-54.4372271966
821.529123592	-54.4129104652
821.814455172	-54.3884010624
822.099786753	-54.3639247719
822.385118333	-54.3349906977
822.670449913	-54.305755621
822.955781494	-54.2803989154
823.241113074	-54.2510744177
823.526444654	-54.2191241578
823.811776235	-54.1905817414
824.097107815	-54.1641360652
824.382439395	-54.1344733733
824.667770976	-54.1053903758
824.953102556	-54.0687752862
825.238434136	-54.0446210943
825.425271549	-54.0291635477
825.612108961	-54.0043547583
825.798946373	-53.9797616736
825.985783785	-53.9585764974
826.172621198	-53.9367173612
826.35945861	-53.9149687571
826.546296022	-53.8878830672
826.733133434	-53.8648816747
826.919970847	-53.8434566806
827.106808259	-53.8172583762
827.293645671	-53.7908811393
827.480483084	-53.7589409819
827.667320496	-53.7353602833
827.795833581	-53.7203801096
827.924346667	-53.6993905729
828.052859752	-53.6769176631
828.181372838	-53.6524571109
828.309885923	-53.6319322355
828.438399009	-53.6087746392
828.566912094	-53.5836775755
828.69542518	-53.5580969127
828.823938265	-53.5349366272
828.952451351	-53.5115886131
829.080964437	-53.488549149
829.209477522	-53.4640840268
829.337990608	-53.4388766602
829.466503693	-53.4115005006
829.595016779	-53.3838986507
829.723529864	-53.3530007141
829.85204295	-53.3207551816
829.980556035	-53.2884940348
830.109069121	-53.2582427974
830.237582206	-53.226349945
830.366095292	-53.1915821047
830.494608377	-53.1561712724
830.623121463	-53.1198660608
830.751634548	-53.084004994
830.880147634	-53.0444581477
831.008660719	-53.004844222
831.137173805	-52.9645155457
831.26568689	-52.9227867553
831.394199976	-52.8764461546
831.522713061	-52.8278221916
831.651226147	-52.7782554363
831.779739232	-52.7270042442
831.908252318	-52.6718762601
832.129162947	-52.5673948635
832.350073577	-52.4532694848
832.570984206	-52.3292763692
832.791894835	-52.1891598761
833.012805464	-52.0334514238
833.233716094	-51.8490626693
833.454626723	-51.6385516789
833.675537352	-51.392109275
833.896447981	-51.0892347802
834.117358611	-50.7119647901
834.33826924	-50.2200877794
834.47492088	-49.8255712127
834.611572521	-49.3251273604
834.691084227	-48.9610195454
834.770595933	-48.5164328924
834.820695736	-48.1798104494
834.870795539	-47.7820909431
834.920895342	-47.2984777119
834.933420292	-47.1606479967
834.945945243	-47.0142356148
834.98495628	-46.4880023987
834.994709039	-46.336733845
835.004461798	-46.1755122513
835.021137838	-45.8724048885
835.037813877	-45.5264871175
835.047858768	-45.292557691
835.057903658	-45.0346847002
835.067948548	-44.7476528067
835.077993439	-44.4246052063
835.084042	-44.2092096913
835.090090562	-43.9751122492
835.096139123	-43.7193846118
835.102187684	-43.4387055424
835.108236246	-43.1293360732
835.114284807	-42.7871492734
835.120333368	-42.4077390208
835.12638193	-41.9866267979
835.132430491	-41.5195686672
835.138479053	-41.0029928646
835.144527614	-40.4345631754
835.150576175	-39.8137335989
835.156624737	-39.1420730696
835.162673298	-38.4231112166
835.168721859	-37.6616326509
835.174770421	-36.8626218096
835.180818982	-36.0302150227
835.186867544	-35.1669621046
835.192916105	-34.2735102653
835.198964666	-33.348636973
835.208917638	-31.7490519565
835.218870609	-30.0348818885
835.228823581	-28.1782276094
835.238776552	-26.1443966414
835.248729524	-23.8929193041
835.258682495	-21.3808395311
835.268635467	-18.5666699884
835.278588438	-15.4177597039
835.28854141	-11.9211097354
835.298494381	-8.09824100014
835.308447353	-4.00570885184
835.318400324	0.244937531666
835.328353296	4.50295805655
835.338306267	8.60453899395
835.348259239	12.4062214509
835.35821221	15.8080517289
835.368165182	18.7617678181
835.378118153	21.2647724753
835.388071125	23.3466248421
835.398024096	25.0545545426
835.407977068	26.4407996856
835.417930039	27.5591719859
835.427883011	28.4553744627
835.437835982	29.1677218667
835.447788953	29.7277547178
835.457741925	30.1607555886
835.467694896	30.4866062414
835.483093813	30.8138452851
835.49849273	30.9642429335
835.513891647	30.9675686356
835.529290563	30.843908035
835.54468948	30.6088981468
835.560088397	30.2758360679
835.575487314	29.8559216826
835.59088623	29.3584132895
835.606285147	28.7912093157
835.621684064	28.1614398012
835.645009216	27.1029153313
835.668334368	25.936261112
835.69165952	24.6787827562
835.714984672	23.3453985655
835.738309824	21.9490055174
835.761634976	20.500622198
835.784960128	19.0095476031
835.80828528	17.4836162358
835.831610432	15.9295185269
835.854935584	14.3530581907
835.878260737	12.7592903037
835.901585889	11.15260218
835.940048273	8.48500397617
835.978510657	5.80684319492
836.016973041	3.1294623806
836.055435425	0.461658894105
836.09389781	-2.1897002824
836.132360194	-4.81881305183
836.170822578	-7.42113440044
836.209284962	-9.9944223879
836.247747346	-12.5361976314
836.286209731	-15.0313280574
836.324672115	-17.4581427083
836.363134499	-19.8227553121
836.401596883	-22.1316635717
836.440059267	-24.3837394819
836.478521651	-26.5857279584
836.516984036	-28.7456049714
836.55544642	-30.8715241968
836.593908804	-32.9619851155
836.632371188	-35.0116000627
836.670833572	-37.0100301842
836.709295957	-38.9463351376
836.747758341	-40.8064639781
836.786220725	-42.5778359396
836.824683109	-44.2606552701
836.863145493	-45.8579484851
836.901607878	-47.3546784744
836.940070262	-48.7307447663
836.978532646	-49.9787201944
837.01699503	-51.1031311273
837.055457414	-52.1116100983
837.093919799	-53.0121224627
837.132382183	-53.8149560724
837.192366036	-54.9012653748
837.25234989	-55.8252389391
837.312333743	-56.6244457684
837.372317597	-57.3264864813
837.43230145	-57.9511909708
837.492285303	-58.5134185629
837.552269157	-59.0246387844
837.61225301	-59.493620915
837.709289995	-60.1793664317
837.864473872	-61.1299292801
838.01965775	-61.937600291
838.174841627	-62.6268431244
838.330025505	-63.2223320121
838.485209382	-63.7381741888
838.640393259	-64.1820201461
838.795577137	-64.5632772535
838.950761014	-64.8916302671
839.105944892	-65.1737879091
839.351963768	-65.5381354845
839.597982644	-65.8146552046
839.84400152	-66.0177160511
840.090020396	-66.1600014938
840.336039272	-66.2514136389
840.727947874	-66.3106857705
841.119856476	-66.2850229806
841.511765078	-66.1932071376
841.90367368	-66.0506764418
842.295582282	-65.8694308345
842.687490885	-65.6585615677
843.079399487	-65.4254286205
843.716608197	-65.0143305158
844.353816906	-64.5800662308
844.991025616	-64.1360178199
845.628234326	-63.6917501786
846.265443036	-63.2543855214
846.902651746	-62.8290147944
847.904766687	-62.1923673313
848.906881629	-61.600964778
849.90899657	-61.0552354582
850.911111511	-60.5558360574
851.913226453	-60.0989572079
852.915341394	-59.6854417421
853.917456336	-59.3045216891
854.919571277	-58.9645765758
855.921686219	-58.6540204669
856.92380116	-58.365547888
857.925916102	-58.1012043387
858.928031043	-57.8478300684
859.930145985	-57.6203783265
860.932260926	-57.4213257239
861.934375867	-57.2328433149
862.936490809	-57.0550014452
863.93860575	-56.8866438446
864.940720692	-56.735342113
865.942835633	-56.5873535254
866.944950575	-56.4548188797
867.947065516	-56.3280777319
868.949180458	-56.2128849763
869.951295399	-56.106741479
870.953410341	-56.0020035046
871.955525282	-55.8992498283
872.957640223	-55.7997440222
873.959755165	-55.7004551972
874.961870106	-55.6140863216
875.963985048	-55.535650827
876.966099989	-55.4526820411
877.968214931	-55.3681975554
878.970329872	-55.2843460359
879.972444814	-55.217238556
880.974559755	-55.1549258343
881.976674697	-55.0868712596
882.978789638	-54.9999142269
883.980904579	-54.9104234299
884.983019521	-54.8385006549
885.985134462	-54.7745540184
886.987249404	-54.7174271056
887.989364345	-54.6351065389
888.239893081	-54.612910551
888.490421816	-54.5905541239
888.740950551	-54.5691023185
888.991479287	-54.5479800061
889.242008022	-54.5298338399
889.492536757	-54.5080847402
889.743065493	-54.485182779
889.993594228	-54.4614578506
890.244122964	-54.4417538673
890.494651699	-54.4234999528
890.745180434	-54.4018170716
890.99570917	-54.3810126586
891.246237905	-54.3608186968
891.49676664	-54.3400045025
891.747295376	-54.3174605169
891.997824111	-54.2936020656
892.248352846	-54.2695166485
892.498881582	-54.246605798
892.749410317	-54.2213436832
892.999939053	-54.197056134
893.250467788	-54.1735328547
893.500996523	-54.1474143255
893.751525259	-54.121817912
894.002053994	-54.0959393325
894.252582729	-54.0696822775
894.503111465	-54.0434110709
894.7536402	-54.0156230532
895.004168935	-53.984959101
895.254697671	-53.9512485026
895.698610728	-53.8930615083
896.142523785	-53.8409278714
896.586436842	-53.7904357299
897.030349898	-53.7336477063
897.474262955	-53.6591184244
897.918176012	-53.5747267286
898.362089069	-53.4892466052
898.806002126	-53.4026129025
899.249915183	-53.3109659013
899.525056543	-53.2441681439
899.800197903	-53.1708334442
900.075339263	-53.0917971197
900.350480623	-53.0095809081
900.625621983	-52.9198346889
900.900763343	-52.81908368
901.175904703	-52.7067006482
901.451046063	-52.5808305938
901.726187423	-52.4405781953
902.001328783	-52.2813402523
902.276470143	-52.0983695063
902.551611503	-51.8813476152
902.826752863	-51.6216495452
903.101894223	-51.3010280574
903.377035583	-50.8986871261
903.652176943	-50.350745138
903.720962283	-50.1790141339
903.789747623	-49.9879406667
903.858532963	-49.773179822
903.927318303	-49.5314907585
903.996103643	-49.254978897
904.064888983	-48.9334703305
904.133674323	-48.5525139639
904.202459663	-48.0874401642
904.243653101	-47.7540713874
904.28484654	-47.3636654265
904.326039979	-46.8941018168
904.336338338	-46.7612719059
904.346636698	-46.6207301114
904.371757165	-46.2388464109
904.386153335	-45.9899678508
904.400549505	-45.7134032264
904.414945675	-45.4023924917
904.429341845	-45.0474561475
904.443738015	-44.6348530421
904.458134185	-44.1446687494
904.463943787	-43.9193043502
904.469753388	-43.6742365077
904.475562989	-43.4064357689
904.481372591	-43.1125641169
904.487182192	-42.7889888417
904.492991793	-42.4318296379
904.498801395	-42.0370893972
904.504610996	-41.6009104402
904.510420598	-41.1198418051
904.516230199	-40.5913018317
904.5220398	-40.0140839073
904.527849402	-39.3887408414
904.533659003	-38.717638304
904.539468604	-38.0045624872
904.545278206	-37.2539536387
904.551087807	-36.4700021363
904.556897408	-35.6558731698
904.56270701	-34.8132327104
904.568516611	-33.9420994567
904.574326213	-33.0409341051
904.583244097	-31.5914829468
904.592161982	-30.0481827295
904.601079867	-28.3908779328
904.609997751	-26.5945858119
904.618915636	-24.630917595
904.627833521	-22.4693203246
904.636751405	-20.0790430049
904.64566929	-17.4325614353
904.654587175	-14.51113339
904.663505059	-11.3117336085
904.672422944	-7.85553235663
904.681340829	-4.18694568404
904.690258713	-0.386734202592
904.699176598	3.4384072352
904.708094483	7.17040323114
904.717012367	10.6991407289
904.725930252	13.9380961548
904.734848137	16.8332184545
904.743766021	19.3634287696
904.752683906	21.5348569774
904.761601791	23.372726403
904.770519676	24.9115387766
904.77943756	26.1896111022
904.788355445	27.2446648819
904.79727333	28.1111142413
904.806191214	28.8187708471
904.815109099	29.3925985716
904.829927746	30.1035790606
904.844746392	30.5711805382
904.859565039	30.8467529298
904.874383686	30.9642184829
904.889202332	30.947502734
904.904020979	30.8152266329
904.918839626	30.5819764797
904.933658272	30.2590880056
904.948476919	29.8557778308
904.963295566	29.3800948948
904.978114212	28.8393472232
905.000628725	27.9078929343
905.023143237	26.8617608848
905.045657749	25.7183370297
905.068172262	24.492743088
905.090686774	23.1982276649
905.113201286	21.8462394044
905.135715799	20.4464842524
905.158230311	19.0071507472
905.180744823	17.5352471052
905.203259336	16.0368641392
905.225773848	14.5173042893
905.24828836	12.9811619929
905.282855831	10.5994436145
905.317423301	8.20023361005
905.351990771	5.79350044602
905.386558241	3.38736765357
905.421125711	0.988375269706
905.455693181	-1.39828141594
905.490260651	-3.76824296612
905.524828121	-6.11784618245
905.559395592	-8.44459263057
905.593963062	-10.7469395572
905.628530532	-13.0231182018
905.663098002	-15.2555137637
905.697665472	-17.4341771948
905.732232942	-19.5635035821
905.766800412	-21.6472074088
905.801367882	-23.6848516643
905.835935352	-25.6782091547
905.870502823	-27.6345216384
905.905070293	-29.5610195237
905.939637763	-31.4603452833
905.974205233	-33.3299355058
906.008772703	-35.1650640009
906.043340173	-36.9593114918
906.077907643	-38.7036912868
906.112475113	-40.387573732
906.147042584	-42.0015595638
906.181610054	-43.5420155746
906.216177524	-45.0147547441
906.250744994	-46.4140171897
906.285312464	-47.7242575924
906.319879934	-48.9343043065
906.354447404	-50.0433120922
906.389014874	-51.054182516
906.423582344	-51.970058685
906.458149815	-52.7961667289
906.512823865	-53.94017805
906.567497915	-54.9173750008
906.622171965	-55.7621079032
906.676846015	-56.5018848402
906.731520065	-57.1574687696
906.786194115	-57.744802075
906.840868165	-58.2764515316
906.92310403	-58.9923813104
907.005339894	-59.6284628139
907.087575758	-60.2005987091
907.169811622	-60.719702264
907.30425131	-61.4732593706
907.438690998	-62.1296322774
907.573130686	-62.7056577389
907.707570374	-63.2125689676
907.842010062	-63.6600376971
907.97644975	-64.0558672914
908.110889438	-64.4048315781
908.245329126	-64.7106240934
908.379768813	-64.9779900919
908.514208501	-65.2119391969
908.648648189	-65.4159749584
908.783087877	-65.5922825463
908.917527565	-65.7431750921
909.051967253	-65.8714591229
909.261564026	-66.031499646
909.471160799	-66.1490299621
909.680757572	-66.2296708301
909.890354346	-66.2780220865
910.330933364	-66.2929549686
910.771512383	-66.2162756977
911.212091402	-66.069593272
911.652670421	-65.8708400247
912.093249439	-65.6344668158
912.533828458	-65.3706484624
912.974407477	-65.0872958673
913.414986496	-64.7911406931
914.181663773	-64.2605266268
914.94834105	-63.7264866156
915.715018327	-63.2021412505
916.481695605	-62.6954111613
917.248372882	-62.2115185851
918.015050159	-61.7527947257
918.781727436	-61.3214385458
919.548404714	-60.9173401938
920.315081991	-60.5403594557
921.081759268	-60.1881178991
921.848436546	-59.8612037862
922.615113823	-59.5555759687
923.3817911	-59.2736530816
924.148468377	-59.0065428786
924.915145655	-58.7583354358
925.681822932	-58.5238288722
926.448500209	-58.3139671214
927.215177486	-58.1186738005
927.981854764	-57.9305025677
928.748532041	-57.753442198
929.515209318	-57.5883666265
930.281886595	-57.4381146513
931.0	-57.3060513858
931.0	-57.3060513858
931.00066731	-57.3335454437
931.00133462	-57.3589276286
931.002360975	-57.3954606727
931.004081056	-57.4511459585
931.007173268	-57.5400641663
931.01026548	-57.6190019978
931.013357692	-57.6915284197
931.016449905	-57.7594936456
931.022144341	-57.8763375064
931.027838778	-57.9841238395
931.033533215	-58.0848036937
931.043255056	-58.2438719589
931.052976897	-58.3899489633
931.071511158	-58.6413658364
931.090045419	-58.8673603101
931.10857968	-59.0750812589
931.127113941	-59.268570286
931.145648202	-59.4505817405
931.175724422	-59.7263944783
931.205800643	-59.9837852608
931.235876864	-60.227132668
931.265953085	-60.4590962905
931.314295187	-60.8119388489
931.362637288	-61.1448473319
931.410979389	-61.461424308
931.48716436	-61.9324708996
931.56334933	-62.3750217507
931.6395343	-62.7936122421
931.78006275	-63.5139402891
931.920591199	-64.1785310819
932.061119649	-64.796642836
932.201648099	-65.3757218504
932.342176548	-65.9217904236
932.482704998	-66.4390869233
932.715292131	-67.2400735037
932.947879265	-67.9808601025
933.180466398	-68.6693412505
933.413053532	-69.3122508137
933.645640665	-69.9150931673
934.022095562	-70.816631838
934.398550458	-71.6382882587
934.775005355	-72.3905559865
935.151460252	-73.0818978928
935.527915148	-73.7193975357
936.124712448	-74.633797633
936.721509748	-75.4457472794
937.318307049	-76.1688404016
937.915104349	-76.8138635859
938.511901649	-77.3898632453
939.108698949	-77.9044571192
940.156996466	-78.6785187391
941.205293984	-79.3098928785
942.253591501	-79.8195525809
943.301889019	-80.2245737931
944.350186536	-80.5395333609
945.398484053	-80.7768945546
947.129180634	-81.0266231105
948.859877216	-81.1324516159
950.590573797	-81.1254028173
952.321270378	-81.0309111793
954.051966959	-80.8702478785
955.78266354	-80.6610394036
958.590075719	-80.2542827323
961.397487898	-79.8033730605
964.204900077	-79.3397426854
967.012312257	-78.8854361954
969.819724436	-78.4541783021
972.627136615	-78.0538414383
975.434548794	-77.6888928017
978.241960973	-77.3598153952
982.507474933	-76.9268851611
986.772988892	-76.5672097651
991.038502851	-76.2702669971
995.304016811	-76.0247450331
999.56953077	-75.8222773411
1003.83504473	-75.6565480489
1008.10055869	-75.5184106915
1012.36607265	-75.4028865301
1016.63158661	-75.3078716839
1020.89710057	-75.2248047917
1025.16261453	-75.153535185
1029.42812849	-75.0946807528
1033.69364245	-75.0413260231
1037.9591564	-74.9956027725
1042.22467036	-74.9592708566
1046.49018432	-74.919755122
1049.23818804	-74.8949659214
1051.98619176	-74.8750106768
1054.73419547	-74.8580484058
1057.48219919	-74.8431413995
1060.23020291	-74.8296670114
1062.97820662	-74.8152972202
1065.72621034	-74.8017072999
1068.47421406	-74.7898385066
1071.22221777	-74.7771192174
1073.97022149	-74.765885483
1075.88775801	-74.7591712485
1077.80529452	-74.752421086
1079.72283103	-74.7461064103
1081.64036755	-74.7397803152
1083.55790406	-74.7329381764
1086.93172766	-74.7214627339
1090.30555127	-74.7119261055
1093.67937488	-74.7032057586
1097.05319848	-74.6939566023
1100.42702209	-74.6853737402
1103.8008457	-74.6773695756
1107.1746693	-74.6692188046
1110.54849291	-74.6620488052
1113.92231651	-74.6556752885
1117.29614012	-74.6491521536
1120.66996373	-74.6433692017
1124.04378733	-74.6382069787
1127.41761094	-74.632768744
1130.79143455	-74.6278981658
1131.0	-74.6276267545
1131.0	-74.6276267545
