t	v
0.0	-70.0
0.001433042160785264	-70.00252841767842
0.003856706946464325	-70.00622620785616
0.007773648614710037	-70.0116165283502
0.01169059028295575	-70.01669201685984
0.01900268017974934	-70.02566488828181
0.026314770076542933	-70.0340852830876
0.04583999186282085	-70.05415509223745
0.06536521364909878	-70.07109928432924
0.0848904354353767	-70.08537179178157
0.1044156572216546	-70.09738761722299
0.12394087900793252	-70.10752412575626
0.1596466086959532	-70.12244610711022
0.21408186228203227	-70.13854241009538
0.26851711586811133	-70.14864179470547
0.3229523694541904	-70.15458769263321
0.41503879581823955	-70.15875849314294
0.5071252221822887	-70.15736080231369
0.6528649734962091	-70.14785984134873
0.7986047248101296	-70.13265650079128
1.0679115273796869	-70.09595757589044
1.3372183299492442	-70.05441508853318
1.6065251325188015	-70.01097765600987
1.8758319350883588	-69.96641905405411
2.145138737657916	-69.92131067354568
2.621029741002034	-69.84158152119934
3.336633655599966	-69.72468088101276
4.052237570197898	-69.61434906924542
4.767841484795829	-69.51185412750159
5.48344539939376	-69.4174875896978
6.199049313991692	-69.33108178768056
6.914653228589623	-69.25244580847738
8.098193477486484	-69.13877392758548
9.281733726383345	-69.04406741565322
10.465273975280207	-68.96634140475842
11.648814224177068	-68.90354146539045
12.832354473073929	-68.8536781333257
14.01589472197079	-68.8150299283555
15.199434970867651	-68.78602812076852
16.382975219764514	-68.76523879399709
17.566515468661375	-68.75140024379932
18.750055717558237	-68.74336636037987
19.933595966455098	-68.74016641504208
21.11713621535196	-68.74098957896786
22.30067646424882	-68.74510706515484
23.48421671314568	-68.7518754371416
24.667756962042542	-68.76076099065858
25.851297210939403	-68.77133040197855
27.034837459836265	-68.78321381102774
28.218377708733126	-68.79608994949902
29.401917957629987	-68.80967585304035
30.585458206526848	-68.82371662913685
31.76899845542371	-68.83801676381587
32.952538704320574	-68.85244004126447
34.136078953217435	-68.8668905080465
35.319619202114296	-68.88126950440657
36.50315945101116	-68.89542959456455
37.68669969990802	-68.9092255277454
38.46741692487767	-68.91810811143957
39.24813414984732	-68.9268618418263
40.028851374816966	-68.9355056751044
40.809568599786616	-68.94401282196421
41.590285824756265	-68.95232561262627
42.371003049725914	-68.96037853254342
43.15172027469556	-68.96815787615859
43.93243749966521	-68.97569272403578
44.71315472463486	-68.98299348176232
45.49387194960451	-68.99008694838943
46.27458917457416	-68.9970001544209
46.808550267609874	-69.00159855980975
47.34251136064559	-69.00604202245027
47.8764724536813	-69.01032586068085
48.410433546717016	-69.01448894395803
48.94439463975273	-69.01857524951778
49.478355732788444	-69.02261318451991
50.01231682582416	-69.02660718513775
50.54627791885987	-69.03054176588684
51.080239011895586	-69.03440338171184
51.6142001049313	-69.03818917028765
52.14816119796701	-69.04189888393833
52.68212229100273	-69.04553423844072
53.21608338403844	-69.04909781658954
53.750044477074155	-69.05258729126217
54.28400557010987	-69.05600041486956
54.81796666314558	-69.05933913679088
55.3519277561813	-69.06260349159362
55.88588884921701	-69.0657928847797
56.419849942252725	-69.06890995735525
56.95381103528844	-69.071955129923
57.48777212832415	-69.07492616774661
58.02173322135987	-69.07782328934948
58.55569431439558	-69.08064881584605
59.089655407431295	-69.08340557565622
59.62361650046701	-69.08609783999836
60.15757759350272	-69.08872799422949
60.691538686538436	-69.09129547041393
61.55264979627265	-69.09530536834457
62.41376090600686	-69.09915332458398
63.27487201574107	-69.10283359619335
64.13598312547528	-69.10635072863585
65.49442386375588	-69.11159825149569
66.85286460203649	-69.1165062215165
69.33018088739102	-69.12468561091914
71.80749717274556	-69.13201736250137
77.03492686275152	-69.14503268448651
82.26235655275747	-69.15535074426704
87.48978624276342	-69.16330663236965
92.71721593276936	-69.16900254060087
97.94464562277531	-69.17375021130066
103.17207531278126	-69.17742020962433
108.39950500278721	-69.18050330692888
113.62693469279316	-69.1828751737689
118.8543643827991	-69.18486651863928
124.08179407280505	-69.1865902470123
129.309223762811	-69.18828620584762
134.53665345281695	-69.18930225916479
139.7640831428229	-69.18997705382492
144.99151283282885	-69.19109582060683
150.2189425228348	-69.1916364069819
155.44637221284074	-69.19219923434595
160.6738019028467	-69.19227801586702
165.90123159285264	-69.19183388339535
171.1286612828586	-69.19306649993122
173.34161183074008	-69.1937543010973
175.55456237862157	-69.19391810870701
177.76751292650306	-69.19392117330815
179.98046347438455	-69.19387468778771
182.19341402226604	-69.19394318028539
184.40636457014753	-69.19407864294189
186.61931511802902	-69.1941146673181
190.8843019644766	-69.19437254659641
195.1492888109242	-69.194488992391
199.41427565737177	-69.1949581299457
203.67926250381936	-69.19552995181424
207.94424935026694	-69.19491144852995
209.9242813679245	-69.19449445525413
211.90431338558204	-69.1942319385852
213.8843454032396	-69.19408008430383
216.87345344328625	-69.19413702573333
219.8625614833329	-69.19440732707326
222.85166952337957	-69.19465917568215
228.19355673090587	-69.19523555137208
233.53544393843217	-69.1954781001334
238.87733114595846	-69.19543853153365
244.21921835348476	-69.19537744923866
249.56110556101106	-69.1950526535145
254.90299276853736	-69.1953511749502
260.24487997606366	-69.19599934510111
265.5867671835899	-69.195593766327
268.265847361504	-69.19539252524477
270.944927539418	-69.19538402191992
273.62400771733206	-69.19543379079046
276.3030878952461	-69.19564146137202
278.98216807316015	-69.19599609056661
281.6612482510742	-69.1962145941511
284.34032842898824	-69.19637421914088
287.0194086069023	-69.19672273016403
289.69848878481633	-69.19688695438792
292.3775689627304	-69.19677341580203
295.0566491406444	-69.19702559072168
297.73572931855847	-69.19729218104968
300.4148094964725	-69.1973609166753
303.09388967438656	-69.19756220389712
305.7729698523006	-69.1977001024364
308.45205003021465	-69.19740632673982
311.1311302081287	-69.1974040060315
312.572656524617	-69.19752865344641
314.0141828411053	-69.19757312058498
315.4557091575936	-69.19759043698487
316.8972354740819	-69.19764108434391
318.33876179057023	-69.19764512603518
319.78028810705854	-69.19759769333146
321.22181442354685	-69.19758263038496
322.66334074003515	-69.1975694262866
324.10486705652346	-69.1975136865043
325.54639337301177	-69.19747758340874
326.9879196895001	-69.19746953679821
328.4294460059884	-69.19743293360865
329.8709723224767	-69.19739633271733
331.312498638965	-69.1973941206283
332.7540249554533	-69.19737993680862
334.1955512719416	-69.19735031517051
335.6370775884299	-69.19734843677561
337.8770148093129	-69.19734276746065
340.11695203019593	-69.19736747773014
342.35688925107894	-69.19738392740791
345.8407986363706	-69.19733176826661
351.5849042422798	-69.19739337671942
357.32900984818895	-69.19742300577464
363.0731154540981	-69.19733056900667
373.01336079397225	-69.19751015303916
382.9536061338464	-69.19746995376975
392.89385147372053	-69.19718477738483
410.26277835735794	-69.19791884435179
427.63170524099536	-69.1968957843501
445.0006321246328	-69.1979236345709
462.3695590082702	-69.1999088184917
467.7309085453048	-69.1989002842134
473.09225808233947	-69.19854657961996
478.4536076193741	-69.19810367415353
483.81495715640875	-69.19762807586179
494.9599996725651	-69.19794384672677
506.1050421887215	-69.19725212883999
517.2500847048778	-69.1980208876137
528.3951272210343	-69.19886214624877
530.9999999999882	-69.19866285945159
531.0000000000059	-69.19866285945159
531.0006858666399	-69.21441787514372
531.0013717332738	-69.22790962527979
531.002750711042	-69.2506805210481
531.0048224291565	-69.28033593052491
531.006894147271	-69.30739936242192
531.0106157202767	-69.35123992738556
531.0143372932824	-69.39178783802981
531.0180588662881	-69.42981770593596
531.026105152867	-69.50608603962112
531.0341514394458	-69.57599762789452
531.0530662149362	-69.72187315791192
531.0719809904265	-69.8477801048004
531.0908957659168	-69.95962672602381
531.1098105414071	-70.061012980602
531.1287253168974	-70.15417478610236
531.1611671371726	-70.29962235837041
531.1936089574477	-70.42991738822273
531.2468274356704	-70.61902645667519
531.3000459138931	-70.78510463839133
531.3844102164103	-71.01562475547148
531.4687745189275	-71.21931039846973
531.5531388214447	-71.40445610357986
531.6375031239619	-71.57524551168437
531.7218674264791	-71.73442855744283
531.8577851794446	-71.97142800634558
531.9937029324101	-72.19026536778401
532.1296206853756	-72.39542717153554
532.3374605787511	-72.68849550342009
532.5453004721267	-72.96192931368512
532.7531403655022	-73.21950353464362
533.153077933841	-73.67980482871066
533.5530155021798	-74.10132474905784
533.9529530705187	-74.48916777800596
534.3528906388575	-74.84833883635602
534.7528282071963	-75.18284217918018
535.3633851297806	-75.65185043044076
535.9739420523648	-76.07584662316376
536.584498974949	-76.45899204703213
537.1950558975333	-76.80538378513916
537.8056128201175	-77.1189182519731
538.8362073736856	-77.58195477046281
539.8668019272537	-77.97221800538026
540.8973964808218	-78.29939135096308
541.92799103439	-78.57159674437155
542.958585587958	-78.79601377552108
543.9891801415262	-78.97881369708251
545.0197746950943	-79.12531349524944
546.0503692486624	-79.24011440214642
547.0809638022305	-79.3272357464426
548.1115583557986	-79.39025950100387
549.1421529093667	-79.43238513957918
550.1727474629348	-79.45644560379303
551.2033420165029	-79.4649780075676
552.233936570071	-79.46023232898253
553.2645311236391	-79.44417109234311
554.2951256772072	-79.41855633739902
555.3257202307753	-79.3849580293126
556.3563147843435	-79.34471060508298
557.3869093379116	-79.29899379818202
558.4175038914797	-79.24889608230285
559.4480984450478	-79.19539211688151
560.4786929986159	-79.13934714205118
561.509287552184	-79.08151852474764
562.5398821057521	-79.02256168341424
563.5704766593202	-78.96304654166438
564.6010712128883	-78.90341544972847
565.6316657664564	-78.84401326430965
566.6622603200245	-78.7851746083812
567.6928548735926	-78.72719046751173
568.7234494271607	-78.67026052376097
569.7540439807289	-78.61449743919785
570.784638534297	-78.5599733951943
571.8152330878651	-78.50681149567347
572.8458276414332	-78.45517313177814
573.8764221950013	-78.40518481859068
574.9070167485694	-78.35696217763629
575.9376113021375	-78.31061573827522
576.9682058557056	-78.26616288746175
577.9988004092737	-78.22349650691847
579.0293949628418	-78.18247963228244
580.0599895164099	-78.14305005358632
581.090584069978	-78.1052162300495
582.1211786235461	-78.0689954454698
583.1517731771143	-78.03440281517017
584.1823677306824	-78.00143847452715
585.2129622842505	-77.97004832998215
586.2435568378186	-77.94017810907316
587.2741513913867	-77.91176158432793
587.9805324233862	-77.89304447505205
588.6869134553857	-77.87487240181936
589.3932944873852	-77.85724688158517
590.0996755193847	-77.84021300204766
590.8060565513842	-77.82380057013455
591.5124375833838	-77.80800357649214
592.2188186153833	-77.79277726390723
592.9251996473828	-77.77806720848595
593.6315806793823	-77.76384696116787
594.3379617113818	-77.75010600658092
595.0443427433813	-77.73683242598761
595.7507237753808	-77.72401843886398
596.4571048073803	-77.71164676379647
597.1634858393799	-77.69969206588144
597.8698668713794	-77.68814525198844
598.5762479033789	-77.67699581764147
599.2826289353784	-77.66622255088757
599.7732730341869	-77.6589592977037
600.2639171329954	-77.65188866215522
600.7545612318039	-77.64500860108075
601.2452053306124	-77.63829789892856
601.7358494294209	-77.63173388800455
602.2264935282294	-77.62530591604741
602.7171376270379	-77.61901543272043
603.2077817258464	-77.61286893047196
603.6984258246549	-77.60686964558151
604.1890699234634	-77.60101474497448
604.6797140222719	-77.59529887411834
605.1703581210804	-77.58971749604504
605.6610022198889	-77.58426746857313
606.5067982923775	-77.57517391635712
607.3525943648661	-77.56644956738123
608.1983904373548	-77.55807731019752
609.0441865098434	-77.55004219341734
610.5988894341098	-77.5361081270728
612.1535923583762	-77.523186003053
613.7082952826426	-77.5111946416401
615.262998206909	-77.50005457695687
618.0023615034635	-77.48221904113748
620.741724800018	-77.46647972427608
624.9594100667474	-77.44566543447783
629.1770953334768	-77.42834303727504
633.3947806002062	-77.41381271884497
637.6124658669356	-77.40146912612808
641.830151133665	-77.39118018895425
646.0478364003944	-77.38234914039897
650.2655216671238	-77.37456779823943
654.4832069338532	-77.36783950389244
658.7008922005826	-77.36198145285262
662.918577467312	-77.35676651764868
667.1362627340415	-77.35250578700239
671.3539480007709	-77.34869032016746
675.5716332675003	-77.34501794907312
679.7893185342297	-77.34165460737857
684.0070038009591	-77.33884094493439
688.2246890676885	-77.3365664160953
692.4423743344179	-77.33434490314238
696.6600596011473	-77.33229505064952
700.8777448678767	-77.33060185945736
705.0954301346061	-77.32873339102075
709.3131154013355	-77.3269943727426
713.5308006680649	-77.32572033642032
717.7484859347943	-77.32438217156005
721.9661712015237	-77.32308938489243
726.1838564682531	-77.3218868068508
729.0389116636557	-77.32115929453899
731.8939668590582	-77.3203992980077
734.7490220544607	-77.31964069341312
737.6040772498633	-77.31895728438177
742.6557144126045	-77.31783144300205
747.7073515753458	-77.31681762021404
765.7910656114394	-77.31470978825664
783.874779647533	-77.31219062716916
801.9584936836267	-77.3111910489314
820.0422077197203	-77.31101423901153
838.1259217558139	-77.30821078486409
844.0305320233139	-77.30854248557193
849.9351422908138	-77.30834244355823
855.8397525583138	-77.30839610155688
861.7443628258137	-77.30840322831831
867.6489730933137	-77.30790648366222
873.5535833608136	-77.30751874101442
879.4581936283136	-77.30772892786798
885.3628038958135	-77.30764298982389
891.2674141633134	-77.30696023055793
897.1720244308134	-77.30688332940755
903.0766346983133	-77.30736593637067
908.9812449658133	-77.3070074089597
914.8858552333132	-77.30697247929207
920.7904655008132	-77.30714479673136
929.7982470786932	-77.30655868036457
930.9999999999793	-77.30653164058148
931.0000000000103	-77.30653164058148
931.0006858675988	-77.29077599547234
931.0013717351873	-77.27728319195113
931.002750610178	-77.25451043762114
931.0048219387628	-77.2248525508638
931.0068932673476	-77.19778398156463
931.010612872143	-77.15394120728057
931.0143324769385	-77.11338355105765
931.018052081734	-77.07533741161342
931.0260971395791	-76.99898966748498
931.0341421974241	-76.92898191641224
931.0530811965988	-76.78262105955083
931.0720201957735	-76.65619950433116
931.0909591949481	-76.5438035641287
931.1098981941228	-76.44183512885134
931.1288371932975	-76.34806335425895
931.1613296944405	-76.20148364037262
931.1938221955835	-76.07002122422871
931.2471120405982	-75.87899643571407
931.3004018856128	-75.71097286623122
931.3848480599414	-75.47745966474945
931.46929423427	-75.27082465902485
931.5537404085986	-75.08281969072375
931.6381865829272	-74.9092649490204
931.7226327572558	-74.74741182843741
931.8587076421524	-74.50626279457646
931.9947825270489	-74.28350988258778
932.1308574119454	-74.07464976955389
932.3391916180096	-73.77595173865528
932.5475258240739	-73.49734458292757
932.7558600301381	-73.23500408406282
933.1559461496339	-72.76746238376779
933.5560322691297	-72.33978898326659
933.9561183886254	-71.94687441966569
934.3562045081212	-71.58358935398192
934.756290627617	-71.24594679734683
935.3598428879156	-70.77926114695804
935.9633951482143	-70.35848986520004
936.566947408513	-69.97951285051477
937.1704996688117	-69.63814333348219
937.7740519291103	-69.330305113647
938.7756767631083	-68.88523483730162
939.7773015971063	-68.51170353510989
940.7789264311043	-68.1997517205386
941.7805512651023	-67.94113677999735
942.7821760991003	-67.72834714613919
943.7838009330983	-67.55518716318895
944.7854257670963	-67.41628752403778
945.7870506010943	-67.30685708886799
946.7886754350923	-67.22299025258813
947.7903002690903	-67.16115325958346
948.7919251030883	-67.11821800458576
949.7935499370863	-67.09155225206166
950.7951747710842	-67.07869672510705
951.7967996050822	-67.07757538621483
952.7984244390802	-67.08646896785874
953.8000492730782	-67.10383388647578
954.8016741070762	-67.12830504635473
955.8032989410742	-67.15869939627154
956.8049237750722	-67.19383351858254
957.8065486090702	-67.23269693059167
958.4844674832436	-67.26084477085679
959.1623863574171	-67.29041331276132
959.8403052315905	-67.32115801783608
960.5182241057639	-67.35272421994598
961.1961429799373	-67.38482240437966
961.8740618541108	-67.41724930653538
962.5519807282842	-67.44993476828502
963.2298996024576	-67.48287503132941
963.9078184766311	-67.51598935456134
964.5857373508045	-67.549180879897
965.2636562249779	-67.58237075681532
965.9415750991514	-67.61543102978673
966.6194939733248	-67.6482475980342
967.2974128474982	-67.68078530169211
967.9753317216716	-67.7130359500305
968.6532505958451	-67.74500256158942
969.3311694700185	-67.77668443107527
970.0090883441919	-67.80802576322529
970.6870072183654	-67.83897354355548
971.3649260925388	-67.8695102025741
972.0428449667122	-67.89958111710499
972.7207638408856	-67.9291073806385
973.3986827150591	-67.95806037344917
974.0766015892325	-67.98646501188473
974.7545204634059	-68.01435486354958
975.4324393375794	-68.0417606085577
976.1103582117528	-68.06868487299009
976.7882770859262	-68.09510169606494
977.4661959600996	-68.12099766906286
978.1441148342731	-68.14636272944065
978.8220337084465	-68.1711787771457
979.4999525826199	-68.19545367566536
980.1778714567934	-68.21921182865161
980.8557903309668	-68.24245830916182
981.5337092051402	-68.26518854240135
982.2116280793136	-68.2873959601935
982.8895469534871	-68.3090602908826
983.5674658276605	-68.33018161135958
984.2453847018339	-68.35078170333337
984.9233035760074	-68.37085961333555
985.6012224501808	-68.39041355505267
986.2791413243542	-68.40947690002098
986.9570601985276	-68.42810170291372
987.6349790727011	-68.44631610291553
988.3128979468745	-68.4641100519948
989.4672498675021	-68.49338143629467
990.6216017881297	-68.52134599952136
991.7759537087574	-68.54816829715384
992.930305629385	-68.57398998569799
994.0846575500126	-68.59875926820597
995.2390094706402	-68.62232184204458
996.3933613912678	-68.64455246146973
997.5477133118954	-68.66546931658084
998.7020652325231	-68.68530493782436
999.8564171531507	-68.70428675560142
1000.6517295429489	-68.71684906126723
1001.4470419327472	-68.72889209844217
1002.2423543225455	-68.7404386279304
1003.0376667123437	-68.75159681213215
1003.832979102142	-68.76247549500312
1004.6282914919402	-68.7731593025865
1005.4236038817385	-68.78362630584154
1006.2189162715367	-68.79381119593909
1007.014228661335	-68.80371327664577
1007.8095410511332	-68.81330853363214
1008.6048534409315	-68.82259165345845
1009.4001658307297	-68.8316398630415
1010.195478220528	-68.84042876625173
1010.9907906103263	-68.84891446188033
1011.5252568072563	-68.85451255481591
1012.0597230041863	-68.8601249762906
1012.5941892011163	-68.86573498152818
1013.1286553980462	-68.87125153902572
1013.6631215949762	-68.87660389141666
1014.1975877919062	-68.88176620625865
1014.7320539888362	-68.88675611243077
1015.2665201857662	-68.89161490394515
1015.8009863826962	-68.89636580627091
1016.3354525796262	-68.9010109610138
1016.8699187765562	-68.90555277786184
1017.4043849734862	-68.90999230906776
1017.9388511704162	-68.91433053406753
1018.8011276704431	-68.92113526018319
1019.6634041704699	-68.92770849464232
1020.5256806704967	-68.93403273807598
1021.3879571705236	-68.94011825278476
1022.2502336705504	-68.9460081228576
1023.1125101705773	-68.95172881689435
1024.4389725051356	-68.9602270565273
1025.7654348396939	-68.9683888074863
1027.0918971742522	-68.97623218048383
1028.4183595088105	-68.9837608126474
1031.0718103644713	-68.99790297916675
1036.5022031010396	-69.0228748099352
1041.932595837608	-69.04413965284745
1047.3629885741764	-69.06189370069764
1052.7933813107447	-69.07661389936014
1058.223774047313	-69.08994146287311
1063.6541667838815	-69.10115459218824
1069.0845595204498	-69.11048668200277
1074.5149522570182	-69.11983978582933
1077.092080708405	-69.12387514540538
1079.669209159792	-69.12741510736443
1082.246337611179	-69.13057367703966
1086.3518556469326	-69.13466727766999
1090.4573736826862	-69.13868350513484
1094.56289171844	-69.14231739111963
1098.6684097541936	-69.14555798866296
1104.871090907066	-69.15009349417268
1111.0737720599384	-69.15445563946115
1117.2764532128108	-69.15815684188345
1123.4791343656832	-69.16168170276015
1129.6818155185556	-69.16497031152626
1130.999999999975	-69.16553910969363
1131.0000000000127	-69.16553910969363
