t	v
0.0	-80.0
0.0019195955929292878	-79.99166272405262
0.004856573907627145	-79.98050333213735
0.010244940706301655	-79.9628287217807
0.018422251050840395	-79.93954018587716
0.026599561395379136	-79.91850149800223
0.03477687173991788	-79.89904146284124
0.052703983195543126	-79.85985955521555
0.07063109465116837	-79.82412401186237
0.11381536905777932	-79.74728549354164
0.15699964346439027	-79.67994425520651
0.2001839178710012	-79.61869333855226
0.24336819227761214	-79.5617030659827
0.2865524666842231	-79.50797280968419
0.3641291021064496	-79.41756065479126
0.48787471251165315	-79.286078990756
0.6116203229168568	-79.16715401294888
0.7353659333220604	-79.05773456268398
0.9313009495792237	-78.89907040599633
1.127235965836387	-78.75398181349344
1.470563511171953	-78.52303890099144
1.813891056507519	-78.31213165334765
2.157218601843085	-78.11531453922223
2.500546147178651	-77.92990612269638
2.843873692514217	-77.75430039530973
3.411367541248519	-77.4825453568851
3.9788613899828214	-77.23011233097917
4.5463552387171235	-76.9939514297136
5.473807620862822	-76.63800447259949
6.401260003008521	-76.31379594123135
7.32871238515422	-76.01670498211887
8.99426705112906	-75.5407859668055
10.6598217171039	-75.12807967442471
12.32537638307874	-74.77012153293171
13.99093104905358	-74.45966457251139
15.65648571502842	-74.19125485571394
18.18682593686603	-73.85395256531147
20.717166158703638	-73.59074899724659
23.247506380541246	-73.39234125926616
25.777846602378855	-73.24995015733155
28.308186824216463	-73.15518467722661
32.20663122447282	-73.08700535203941
36.10507562472918	-73.09376456254377
40.00352002498554	-73.15644293740428
43.9019644252419	-73.26010437468223
47.80040882549826	-73.39184967264265
51.69885322575462	-73.5409606248093
55.59729762601098	-73.69949652961205
62.51824642235824	-73.98340332659525
69.43919521870549	-74.24933425449143
76.36014401505275	-74.48539721786817
83.28109281140001	-74.68116058542337
90.20204160774728	-74.83598228762611
97.12299040409454	-74.9567878427571
104.0439392004418	-75.04143731727862
110.96488799678906	-75.09749344046168
117.88583679313632	-75.13847211407737
124.80678558948358	-75.16018660754445
131.72773438583084	-75.16953453023142
138.6486831821781	-75.17222381431058
145.56963197852536	-75.16240471341517
152.49058077487263	-75.15373638562133
159.4115295712199	-75.15027590620059
166.33247836756715	-75.13473672042264
173.2534271639144	-75.12682760236791
180.17437596026167	-75.12975205767097
187.09532475660893	-75.11168427318313
191.7442456804016	-75.10311077758062
196.39316660419428	-75.10152890091629
201.04208752798695	-75.10243150003974
205.69100845177962	-75.10456362751586
210.3399293755723	-75.10515321757748
214.98885029936497	-75.10482316563406
219.63777122315764	-75.10604908522028
224.28669214695032	-75.10675343633228
228.935613070743	-75.10651885125263
233.58453399453566	-75.10768935596981
238.23345491832833	-75.1081161461759
242.882375842121	-75.10764386869361
247.53129676591368	-75.10909399557204
252.18021768970635	-75.10941324302159
256.829138613499	-75.1086931351077
261.4780595372917	-75.11028538858197
266.1269804610844	-75.11020086815475
270.77590138487705	-75.10931151476554
275.4248223086697	-75.11118459598423
280.0737432324624	-75.1106286524819
284.72266415625506	-75.10977903554304
289.37158508004774	-75.11026529155465
294.0205060038404	-75.10948228466397
298.6694269276331	-75.10925264155722
303.31834785142576	-75.11029188860674
307.96726877521843	-75.10956790347748
312.6161896990111	-75.10972759661459
317.2651106228038	-75.11105144540319
321.91403154659645	-75.1100956152116
326.5629524703891	-75.11041628943468
331.2118733941818	-75.11169149926815
335.86079431797447	-75.11032805583136
340.50971524176714	-75.11093275458592
345.1586361655598	-75.11215195986658
349.8075570893525	-75.11039320363743
354.45647801314516	-75.11138903120812
359.10539893693783	-75.1124285664961
363.7543198607305	-75.11029029737925
368.4032407845232	-75.11180816003586
373.05216170831585	-75.1125383747092
377.7010826321085	-75.11201597630014
382.3500035559012	-75.11339086426649
386.99892447969387	-75.11250739989782
391.64784540348654	-75.11045489621686
396.2967663272792	-75.11168333309031
400.9456872510719	-75.11092018751849
405.59460817486456	-75.10984185088944
410.24352909865723	-75.1120644720484
414.8924500224499	-75.11090658050966
419.5413709462426	-75.10999257042084
424.19029187003525	-75.11252640167801
428.8392127938279	-75.11076297717997
433.4881337176206	-75.10958398168397
438.1370546414133	-75.1100169628998
442.78597556520594	-75.10895993108248
447.4348964889986	-75.10969976982726
452.0838174127913	-75.11079850494458
456.73273833658396	-75.10949187778482
461.38165926037664	-75.1104380171193
466.0305801841693	-75.1114753177461
470.679501107962	-75.11004082555665
475.32842203175466	-75.10963248548327
479.97734295554733	-75.10915056028173
484.62626387934	-75.10908476424537
489.2751848031327	-75.1108481744364
493.92410572692535	-75.11093358077198
498.573026650718	-75.11060598530042
503.2219475745107	-75.11186738141603
507.87086849830337	-75.11133043586209
512.519789422096	-75.11110494847794
517.1687103458887	-75.11245394936118
521.8176312696814	-75.11151384625968
526.4665521934742	-75.11137837828493
530.9999999999882	-75.11267803127494
531.0000000000059	-75.11267803127494
531.0007987018064	-75.08601770972591
531.0015974036069	-75.06091093298676
531.0028933426452	-75.02298477789691
531.0041892816835	-74.98717556352675
531.0065270957436	-74.92745663652468
531.0088649098038	-74.87143841527553
531.0131022848357	-74.77608117582194
531.0173396598675	-74.68724067274732
531.0271319754875	-74.49960882517615
531.0369242911074	-74.3304327176745
531.0467166067274	-74.17373986687933
531.0565089223473	-74.02614293902539
531.0663012379673	-73.88571002390388
531.0829070471956	-73.66019994765433
531.0995128564239	-73.44839702645983
531.1268504864227	-73.12347019871058
531.1541881164214	-72.82241397452904
531.1986265475938	-72.37227159937186
531.2430649787661	-71.95918985869456
531.2875034099385	-71.57531163301002
531.3319418411108	-71.21601076164147
531.3763802722832	-70.87791641847923
531.4533162937918	-70.33523663934581
531.5302523153003	-69.83693496424222
531.6071883368089	-69.37468717821264
531.6841243583175	-68.94266276409512
531.7610603798261	-68.53651247595087
531.8930590049517	-67.89082932901957
532.0250576300774	-67.297825670635
532.2614180617691	-66.33853154026282
532.4977784934607	-65.47688515718767
532.7341389251524	-64.68676048733178
532.970499356844	-63.95361561794228
533.2068597885357	-63.26793474231642
533.4432202202273	-62.62178791262642
533.679580651919	-62.00861110319906
534.0733992641048	-61.04748888464011
534.6650879920616	-59.7135670731106
535.2567767200184	-58.48172226653417
535.8484654479752	-57.30963409019796
536.440154175932	-56.148520275994116
537.0318429038888	-54.945599458881844
537.6235316318456	-53.62294467922931
537.998433466719	-52.63980059725219
538.3733353015924	-51.36812986646037
538.4670607603108	-50.97285050010391
538.5607862190292	-50.52620431347429
538.6545116777476	-50.00795740024318
538.748237136466	-49.38382573832226
538.8419625951843	-48.58656264542261
538.8653939598639	-48.348020579017025
538.8888253245435	-48.08727802237778
538.9350515095016	-47.48579120804599
538.9466080557411	-47.312508444851886
538.9581646019806	-47.12748636791618
538.977571740907	-46.785121018060494
538.9969788798335	-46.39271625129121
539.0163860187599	-45.93306746281863
539.0357931576864	-45.37933371902682
539.04803076193	-44.96365660226292
539.0602683661737	-44.477540555088304
539.0685061900081	-44.09965645545854
539.0767440138425	-43.67122954563078
539.0849818376769	-43.18239687415865
539.0932196615113	-42.62225607665534
539.1014574853457	-41.97937150159807
539.1096953091801	-41.24279665006569
539.1179331330145	-40.40367691758768
539.1261709568489	-39.457292363764296
539.1344087806833	-38.40497038247219
539.1426466045177	-37.25464804891951
539.1508844283521	-36.018902094813974
539.1591222521865	-34.71085144150489
539.1673600760209	-33.340196752508504
539.1755978998553	-31.91135363664135
539.1838357236898	-30.423425036690983
539.1920735475242	-28.87072355826208
539.2003113713586	-27.243299687511488
539.208549195193	-25.52771327444112
539.2220957420624	-22.472663580274464
539.2356422889318	-19.05993995259716
539.2491888358012	-15.217663097257114
539.2627353826706	-10.907011328958133
539.27628192954	-6.1577817242844
539.2898284764094	-1.0818236517618796
539.3033750232788	4.109157887356323
539.3169215701482	9.151582960574945
539.3304681170176	13.801702374206123
539.344014663887	17.89488077453641
539.3575612107564	21.360379590537423
539.3711077576259	24.2043978238244
539.3846543044953	26.48204562225728
539.3982008513647	28.271108003071717
539.4117473982341	29.652577722317204
539.4252939451035	30.699314213763348
539.4388404919729	31.4718020584853
539.4523870388423	32.018422742698434
539.4659335857117	32.37758548377108
539.4794801325811	32.580015274543335
539.4930266794505	32.650538026763485
539.5065732263199	32.609332549232086
539.5201197731893	32.47283434833657
539.5336663200587	32.2544650329841
539.5472128669281	31.965262805042045
539.5607594137975	31.614412524096842
539.5813672085045	30.97971915186514
539.6019750032115	30.242701485943535
539.6225827979184	29.421165247569498
539.6431905926254	28.5301216590781
539.6637983873323	27.582329410271957
539.6844061820393	26.588465104004218
539.7050139767463	25.557298315347854
539.7256217714532	24.495910159096
539.7462295661602	23.409999904054278
539.7668373608672	22.304163700870305
539.7874451555741	21.182071906097285
539.8188036775143	19.449797990849056
539.8501621994545	17.694074705421023
539.8815207213947	15.92030929373883
539.9128792433349	14.13252932607451
539.9442377652751	12.334100832766461
539.9755962872154	10.527865738840395
540.0069548091556	8.716244340805218
540.0553398403404	5.915416207796973
540.1037248715252	3.113758930793765
540.15210990271	0.3173592144126698
540.2004949338948	-2.469023432790925
540.2488799650796	-5.242077782828269
540.2972649962644	-8.000068971712679
540.3456500274492	-10.743126422629091
540.394035058634	-13.473582684907422
540.4424200898188	-16.170162580889464
540.4908051210036	-18.816997876659723
540.5391901521884	-21.401400626828963
540.5875751833732	-23.92572760726612
540.635960214558	-26.397584404593385
540.6843452457429	-28.828091496855272
540.7327302769277	-31.225581237745388
540.7811153081125	-33.596908612748194
540.8295003392973	-35.94045681377022
540.8778853704821	-38.24444264723566
540.9262704016669	-40.48450570045375
540.9746554328517	-42.630068868842095
541.0230404640365	-44.65080395010558
541.0714254952213	-46.52288534228533
541.1198105264061	-48.22920047273204
541.1681955575909	-49.76157911723258
541.2165805887757	-51.12297603411194
541.2649656199605	-52.32597313115176
541.3133506511454	-53.387673180612516
541.3617356823302	-54.32522990715735
541.410120713515	-55.15445254818321
541.4585057446998	-55.89008940979922
541.5068907758846	-56.54576075130116
541.5552758070694	-57.13336678935016
541.6036608382542	-57.66279115571399
541.678474536376	-58.38454910388645
541.7532882344979	-59.009764488678684
541.8281019326197	-59.55731000269596
541.9029156307415	-60.041275255726774
541.9777293288633	-60.47219896812844
542.0525430269852	-60.85810630406167
542.127356725107	-61.20524819652123
542.2446229782205	-61.68200927720867
542.361889231334	-62.089847996210686
542.4791554844475	-62.44056026949971
542.596421737561	-62.742884760935766
542.7136879906744	-63.00342148603534
542.8976013720198	-63.339604886188546
543.0815147533652	-63.601390354036866
543.2654281347106	-63.801331695527864
543.5717045122748	-64.02255951072964
543.8779808898389	-64.13023281302075
544.184257267403	-64.14785731782085
544.4905336449672	-64.09262264079156
544.7968100225313	-63.9782757665653
545.1030864000954	-63.816492722018644
545.4093627776596	-63.61666452552287
545.8984280506623	-63.23661424082396
546.3874933236651	-62.80101249119672
546.8765585966679	-62.32665024035864
547.3656238696707	-61.82639674106648
547.8546891426735	-61.31006219694673
548.3437544156762	-60.78478012851656
549.1454325775501	-59.917452732722815
549.9471107394239	-59.05281370482091
550.7487889012978	-58.19297251095537
551.5504670631716	-57.33692585300581
552.3521452250454	-56.467592946304414
553.1538233869193	-55.57966039390557
553.9555015487931	-54.614652372234765
554.757179710667	-53.510431563331714
554.9575992511354	-53.19644088807255
555.1580187916039	-52.85779501111793
555.3584383320724	-52.487743617047016
555.5588578725409	-52.07615755460189
555.7592774130094	-51.607568097243
555.9596969534779	-51.06194718358376
556.1601164939464	-50.397391416952416
556.3605360344148	-49.527747763911705
556.490817787918	-48.77169260224877
556.6210995414211	-47.72712102626298
556.653669979797	-47.39547380140803
556.6862404181728	-47.019376625492995
556.7188108565487	-46.585991798168585
556.7513812949245	-46.0766447213734
556.7839517333003	-45.460714020388565
556.8165221716762	-44.68477762984817
556.8246647812701	-44.45665036497821
556.8328073908641	-44.21041356377016
556.8409500004581	-43.94305192853098
556.855952720232	-43.3820500220911
556.870955440006	-42.70561289422376
556.8805408155974	-42.194024160830715
556.8901261911889	-41.60290219796419
556.8997115667803	-40.914394423301516
556.9092969423717	-40.109724779041095
556.9188823179632	-39.17174630112424
556.9284676935546	-38.08841369892806
556.938053069146	-36.856494794011184
556.9476384447374	-35.483922753785464
556.9572238203289	-33.987354697128026
556.9668091959203	-32.384423170262345
556.9763945715117	-30.685774299562844
556.9859799471031	-28.89196856379087
556.9955653226946	-26.99499993357914
557.005150698286	-24.980351321491334
557.0147360738774	-22.82830041761629
557.0243214494689	-20.51591736555547
557.0339068250603	-18.020796790203555
557.0492841766874	-13.599204457948133
557.0646615283144	-8.65543462373375
557.0800388799415	-3.2802481194105972
557.0954162315686	2.299835968249224
557.1107935831957	7.761703591953402
557.1261709348228	12.786483507275944
557.1415482864498	17.160691408836804
557.1569256380769	20.803136126666413
557.172302989704	23.733510285941275
557.1876803413311	26.027886300620843
557.2030576929582	27.784475783320122
557.2184350445852	29.101224672696688
557.2338123962123	30.063127462383306
557.2491897478394	30.73797466101312
557.2645670994665	31.177956344230775
557.2799444510936	31.423548314795067
557.2953218027207	31.50698464635096
557.3106991543477	31.45438369414239
557.3260765059748	31.286901108736355
557.3414538576019	31.021598396198616
557.356831209229	30.672344922853792
557.372208560856	30.250661273399892
557.3875859124831	29.76633576028474
557.4029632641102	29.227801214579472
557.4183406157373	28.642373703210353
557.4419738730251	27.66569428027972
557.4656071303128	26.612711258560104
557.4892403876006	25.499224201547218
557.5128736448884	24.33799613547064
557.5365069021761	23.139161786884223
557.5601401594639	21.910579688339226
557.5837734167517	20.658242182181617
557.6074066740395	19.386718826320124
557.6310399313272	18.09956113449603
557.654673188615	16.799606707947767
557.6910600599714	14.778414912783912
557.7274469313278	12.73905745159541
557.7638338026842	10.686677158451744
557.8002206740406	8.625548426574428
557.836607545397	6.559392662173195
557.8729944167534	4.491474025331673
557.9093812881098	2.4246191805971042
557.9457681594662	0.3612238126650392
557.9821550308226	-1.6967388136311752
558.018541902179	-3.747717637928703
558.0746535941223	-6.894335061690567
558.1307652860656	-10.020015832623942
558.186876978009	-13.12238729554697
558.2429886699523	-16.1878849212915
558.2991003618956	-19.17974475209192
558.355212053839	-22.093541201432217
558.4113237457823	-24.94135054602099
558.4674354377256	-27.73206119790919
558.5235471296689	-30.4695044893607
558.5796588216123	-33.15822141911135
558.6357705135556	-35.798763725289064
558.6918822054989	-38.379250665887476
558.7479938974423	-40.868660782858626
558.8041055893856	-43.22436463761493
558.8602172813289	-45.40431933490154
558.9163289732722	-47.38613168697183
558.9724406652156	-49.1582389724312
559.0285523571589	-50.71947455227697
559.0846640491022	-52.08225692197032
559.1407757410456	-53.269710723165616
559.1968874329889	-54.30714575784675
559.2529991249322	-55.216722205602146
559.3091108168755	-56.01727310758662
559.3652225088189	-56.72546857346545
559.4213342007622	-57.35592167124474
559.4774458927055	-57.920785859261684
559.5335575846489	-58.4298173469325
559.5896692765922	-58.89088528866012
559.6777161810095	-59.53308850072577
559.7657630854268	-60.09279904069056
559.8538099898441	-60.58449459065975
559.9418568942614	-61.01921952152665
560.0299037986787	-61.40559007284355
560.163476448196	-61.91466719466737
560.2970490977133	-62.34643054402444
560.4306217472306	-62.71366897052949
560.5641943967479	-63.02597654059817
560.6977670462652	-63.29113440724334
560.9049721510676	-63.62446702476706
561.1121772558699	-63.87928196428101
561.3193823606723	-64.0691994754613
561.5265874654747	-64.20430370016568
561.733792570277	-64.29275336993784
562.0462364903661	-64.35320318070218
562.3586804104552	-64.34244595220338
562.6711243305443	-64.2749174361301
562.9835682506334	-64.16184407606794
563.2960121707225	-64.01212130326616
563.7821912121433	-63.72323843941069
564.2683702535641	-63.38479651599984
564.7545492949848	-63.01306336276432
565.2407283364056	-62.62041296566864
565.7269073778264	-62.21594660063953
566.2130864192471	-61.80628780751906
566.9772162098451	-61.164052825922205
567.7413460004431	-60.53482000850497
568.505475791041	-59.92523542941295
569.269605581639	-59.337821049896434
570.033735372237	-58.77300121205524
570.7978651628349	-58.23007800764393
571.9750684420897	-57.432830584086766
573.1522717213444	-56.67094520982871
574.3294750005991	-55.92595099732371
575.5066782798539	-55.16468669912856
576.6838815591086	-54.35051265325666
577.8610848383634	-53.40833889481072
579.0382881176181	-52.1440421972612
579.3325889374318	-51.7277447516574
579.6268897572454	-51.21511454750868
579.9211905770591	-50.55336865908525
580.2154913968727	-49.63860833126782
580.2890666018261	-49.34818863300099
580.3626418067795	-49.01670534732548
580.4362170117329	-48.632470479619045
580.5097922166863	-48.1788230399992
580.6218528725911	-47.28059451887501
580.6498680365673	-47.00146679626729
580.6778832005435	-46.690882544466994
580.7294378687022	-46.00887692083613
580.7637019821035	-45.44562238566063
580.7979660955048	-44.74956329433517
580.806532123855	-44.548012915905645
580.8150981522053	-44.332437033056735
580.8289443980295	-43.94906931368706
580.8522086917679	-43.177360125868155
580.8683509944935	-42.51211908947819
580.878782291461	-42.00426777291933
580.8892135884284	-41.41662155936954
580.8996448853959	-40.72919034901411
580.9100761823634	-39.919243896970194
580.9205074793308	-38.963951358340495
580.9309387762983	-37.84485344627561
580.9413700732657	-36.55325797884613
580.9518013702332	-35.09410436464695
580.9622326672006	-33.484787424226525
580.9726639641681	-31.746276175003025
580.9830952611355	-29.891668786837013
580.993526558103	-27.92069194620255
581.0039578550704	-25.821711537054142
581.0143891520379	-23.575899456970514
581.0248204490053	-21.159651289111252
581.0352517459728	-18.547568985062778
581.0456830429403	-15.718066727990504
581.0561143399077	-12.661046610386864
581.0665456368752	-9.385854107866987
581.0769769338426	-5.922290250382641
581.0874082308101	-2.3258002630302856
581.0978395277775	1.3233062495740529
581.108270824745	4.930448579924005
581.1187021217124	8.401516023135276
581.1291334186799	11.655758409705548
581.1395647156473	14.634277393456438
581.1499960126148	17.303474740667518
581.1604273095822	19.653514809216574
581.1761344227042	22.61168079546156
581.1918415358261	24.939193454249775
581.2075486489481	26.739002983817734
581.22325576207	28.10536521547211
581.238962875192	29.115047574560112
581.2546699883139	29.831678873338607
581.2703771014359	30.30807019929239
581.2860842145578	30.586539206319603
581.3017913276798	30.699976665116896
581.3174984408017	30.67408549935369
581.3332055539237	30.529620416829406
581.3489126670456	30.28376020930842
581.3646197801676	29.950786682486456
581.3803268932895	29.54259355205995
581.3960340064115	29.069216758073956
581.4117411195334	28.539293254063832
581.4274482326554	27.96036641836604
581.4518812000667	26.9778098771036
581.4763141674781	25.913574068827405
581.5007471348895	24.784620634880927
581.5251801023009	23.60458245895045
581.5496130697122	22.38424974791336
581.5740460371236	21.1319904725235
581.598479004535	19.85420737425247
581.6229119719463	18.555811735270357
581.6473449393577	17.24064932473035
581.6717779067691	15.911817423070712
581.7103301192707	13.793401022230189
581.7488823317723	11.655242816129121
581.7874345442739	9.503409578097045
581.8259867567755	7.342960261728174
581.8645389692771	5.178232580164375
581.9030911817787	3.0129499496628456
581.9416433942803	0.850271386077345
581.9801956067819	-1.3071986413550272
582.0187478192835	-3.4574161531642065
582.0573000317851	-5.5989114040135854
582.1170296107849	-8.897616948858179
582.1767591897848	-12.172120716586225
582.2364887687846	-15.419760272997308
582.2962183477845	-18.603708814193325
582.3559479267843	-21.693355981298705
582.4156775057842	-24.693543667100837
582.475407084784	-27.618456039862085
582.5351366637839	-30.484600712334167
582.5948662427837	-33.2952341188866
582.6545958217836	-36.0473502768168
582.7143254007834	-38.71955862357973
582.7740549797833	-41.27886546093962
582.8337845587831	-43.67839818441563
582.893514137783	-45.87973002692643
582.9532437167828	-47.86297797229033
583.0129732957827	-49.619569588044165
583.0727028747825	-51.154603876930764
583.1324324537824	-52.48799788018848
583.1921620327822	-53.647653067931394
583.2518916117821	-54.66052522252729
583.3116211907819	-55.54908121886156
583.3713507697818	-56.33223983196338
583.4310803487816	-57.026580960933984
583.4908099277815	-57.6463323534726
583.5505395067813	-58.203099605295286
583.6102690857812	-58.70612431662609
583.669998664781	-59.1628616878716
583.7605464364442	-59.780615417724285
583.8510942081074	-60.32298237286608
583.9416419797706	-60.80251184398463
584.0321897514337	-61.228874853952874
584.1227375230969	-61.609716390740786
584.2667089018418	-62.136664370899325
584.4106802805866	-62.58326150987833
584.5546516593314	-62.96289543426417
584.6986230380762	-63.285540813339864
584.842594416821	-63.559311998912094
585.0661318440827	-63.903639079800314
585.2896692713445	-64.16699282192666
585.5132066986062	-64.36384396585711
585.7367441258679	-64.50491205768239
585.9602815531296	-64.59879338401306
586.2961734584118	-64.6670593308614
586.632065363694	-64.66504688397632
586.9679572689762	-64.60785109236475
587.3038491742584	-64.50725547788214
587.6397410795406	-64.37252156719383
588.1559351822043	-64.11590283397433
588.672129284868	-63.81737485235229
589.1883233875317	-63.49258785584847
589.7045174901954	-63.153220369594166
590.2207115928591	-62.807699363403756
590.7369056955228	-62.462044636978014
591.5448195893099	-61.93149725489881
592.352733483097	-61.42295676012577
593.1606473768842	-60.94149603628461
593.9685612706713	-60.48878175963818
594.7764751644585	-60.065177630735036
595.5843890582456	-59.67047591433074
596.8236659402174	-59.11937088802918
598.0629428221893	-58.62778725968208
599.3022197041611	-58.18699686228704
600.5414965861329	-57.78609140368176
601.7807734681047	-57.41974607882313
603.0200503500765	-57.085668688018345
604.2593272320483	-56.77980626389356
605.4986041140202	-56.49820130032114
606.737880995992	-56.23255211149191
607.9771578779638	-55.984364567618215
609.2164347599356	-55.742811922645856
610.4557116419074	-55.51493153851108
611.6949885238793	-55.29906600711178
612.9342654058511	-55.08219436681919
614.1735422878229	-54.8953422658305
615.4128191697947	-54.691303758139014
615.7226383902877	-54.640211875696046
616.0324576107806	-54.59309256429326
616.3422768312736	-54.54798126751882
616.6520960517665	-54.496083167655584
616.9619152722595	-54.44771559881479
617.2717344927524	-54.399650352638766
617.5815537132454	-54.34532976650109
617.8913729337384	-54.295608778818114
618.2011921542313	-54.247280706423545
618.5110113747243	-54.19640705052407
618.8208305952172	-54.139352929517464
619.2916142979225	-54.05276432588161
619.7623980006277	-53.97162494820855
620.233181703333	-53.89313545015749
620.7039654060383	-53.810018977979446
621.1747491087435	-53.71879329725629
621.4874058607265	-53.65654601922858
621.8000626127096	-53.59048552177735
622.1127193646926	-53.52523080177771
622.4253761166756	-53.460952803348036
622.7380328686586	-53.394005406916506
623.0506896206416	-53.324418615727545
623.3633463726246	-53.245279075915015
623.6760031246076	-53.162932374057284
623.9886598765906	-53.08370664848625
624.3013166285737	-52.994471549722405
624.6139733805567	-52.89622523183961
624.9266301325397	-52.80067316750429
625.2392868845227	-52.69242177343557
625.4530715659656	-52.61292680635587
625.6668562474085	-52.53752581889345
625.8806409288514	-52.45721536382573
626.0944256102944	-52.36798366727652
626.3082102917373	-52.27211762493804
626.5219949731802	-52.1680241871239
626.7357796546231	-52.06386056833484
626.949564336066	-51.95359856318726
627.163349017509	-51.82799030848633
627.3771336989519	-51.69201861091603
627.5909183803948	-51.54504584435521
627.8047030618377	-51.38066093980402
628.0184877432806	-51.19437431030276
628.2322724247235	-50.97559640565961
628.4460571061664	-50.72933032918367
628.6598417876094	-50.44493146840736
628.8736264690523	-50.09437381459029
629.0874111504952	-49.658602360683965
629.140857320856	-49.53025096526031
629.1943034912167	-49.3898321558812
629.2477496615775	-49.238394985686924
629.328623630752	-48.98733186381952
629.4094975999265	-48.70179310822054
629.490371569101	-48.374625392732526
629.5712455382754	-47.989697461537844
629.6521195074499	-47.524830665910045
629.7329934766244	-46.94727964166894
629.7823465099518	-46.51627213649237
629.8316995432792	-45.99930210615679
629.8810525766066	-45.3601754501606
629.8933908349385	-45.176194096243854
629.9057290932703	-44.97983599047724
629.9468695200848	-44.20801757951549
629.9571546267883	-43.981206019549134
629.9674397334919	-43.736888078891134
629.9852929588493	-43.262282987272094
630.0031461842067	-42.706534600741435
630.0209994095641	-42.04123418325358
630.0388526349215	-41.224068779522824
630.0463439964891	-40.82308240424909
630.0538353580567	-40.37838282798347
630.0613267196244	-39.88268225973858
630.068818081192	-39.328361091785276
630.0763094427597	-38.70770997352724
630.0838008043273	-38.01352426112829
630.091292165895	-37.2399567842804
630.0987835274626	-36.38346046061849
630.1062748890303	-35.44352627800352
630.1137662505979	-34.42286549529411
630.1212576121656	-33.32674787047903
630.1287489737332	-32.16160670376167
630.1362403353008	-30.933329945962814
630.1437316968685	-29.645979868316626
630.1512230584361	-28.301090107999883
630.1587144200038	-26.897533507815247
630.1699596176543	-24.671261805190316
630.1812048153048	-22.285935027702028
630.1924500129553	-19.718454947909166
630.2036952106058	-16.94908523578241
630.2149404082563	-13.966247085090524
630.2261856059068	-10.775918566555585
630.2374308035573	-7.406216158470497
630.2486760012079	-3.906688083450668
630.2599211988584	-0.35237953566519636
630.2711663965089	3.166769253706867
630.2824115941594	6.55940122079415
630.2936567918099	9.74624096058541
630.3049019894604	12.669151331139265
630.3161471871109	15.294498312703134
630.3273923847614	17.611388301301123
630.3386375824119	19.62674840484946
630.3498827800624	21.359369402364642
630.361127977713	22.83445487900541
630.3723731753635	24.079441308299764
630.383618373014	25.121237756900335
630.3948635706645	25.984680521693367
630.406108768315	26.691865498756947
630.4173539659655	27.262029742569176
630.4354512407779	27.932628491259415
630.4535485155902	28.347500217033797
630.4716457904026	28.55101443141836
630.489743065215	28.577282117319943
630.5078403400273	28.453616549418037
630.5259376148397	28.202606853981298
630.544034889652	27.8429603691607
630.5621321644644	27.390128073350883
630.5802294392768	26.85709031816995
630.5983267140891	26.25506372806896
630.6164239889015	25.593898296169083
630.6345212637139	24.88221685509604
630.6639242425705	23.637033969961458
630.6933272214271	22.30407192559545
630.7227302002838	20.903705684410134
630.7521331791404	19.45112221102874
630.781536157997	17.958016972164923
630.8109391368537	16.433347656969147
630.8403421157103	14.883956733455456
630.869745094567	13.315250546258063
630.8991480734236	11.731632307360405
630.9444583960432	9.27040726405729
630.9897687186627	6.793120349795963
631.0350790412823	4.308100730877083
631.0803893639019	1.8221268093173193
631.1256996865214	-0.6592312791846117
631.171010009141	-3.1315547261630985
631.2163203317606	-5.591601449768157
631.2616306543802	-8.037338394764047
631.3069409769997	-10.467969710095621
631.3522512996193	-12.883844128215147
631.3975616222389	-15.274166581791855
631.4428719448584	-17.619552553002837
631.488182267478	-19.914490885551462
631.5334925900976	-22.1602605115589
631.5788029127172	-24.35849307480177
631.6241132353367	-26.50921203550848
631.6694235579563	-28.615426752632523
631.7147338805759	-30.682300160378308
631.7600442031954	-32.71351496508345
631.805354525815	-34.70659316906859
631.8506648484346	-36.65344869613428
631.8959751710541	-38.542650012743124
631.9412854936737	-40.36119555195633
631.9865958162933	-42.09478991475087
632.0319061389129	-43.72903629039525
632.0772164615324	-45.25451620139338
632.122526784152	-46.667018548249864
632.1678371067716	-47.965268806011146
632.2131474293911	-49.15061441133523
632.2584577520107	-50.228022714642066
632.3037680746303	-51.205486421140456
632.3490783972499	-52.092112516521105
632.3943887198694	-52.89684274242955
632.439699042489	-53.628236596503264
632.5117937369811	-54.66061796695222
632.5838884314732	-55.55721587656976
632.6559831259652	-56.34268346963196
632.7280778204573	-57.03671027580703
632.8001725149494	-57.65476461788426
632.8722672094415	-58.208988438841985
632.9443619039336	-58.70899416628978
633.0164565984256	-59.16247511856218
633.0885512929177	-59.57564589587311
633.2024856312927	-60.15755586666756
633.3164199696677	-60.666375940404805
633.4303543080426	-61.114534139378954
633.5442886464176	-61.51133682809861
633.6582229847926	-61.863883837320024
633.8352458458011	-62.33622890684164
634.0122687068096	-62.73154408762072
634.189291567818	-63.062901393850595
634.4980299408821	-63.51701252666001
634.8067683139462	-63.843574018027866
635.1155066870103	-64.07072325912058
635.4242450600744	-64.21752305862968
635.7329834331385	-64.29906570471778
636.0417218062026	-64.32878089911446
636.3504601792667	-64.31748502734112
636.8147516138519	-64.24069943759508
637.279043048437	-64.10994863481457
637.7433344830221	-63.94057843415409
638.2076259176072	-63.744603549972126
638.6719173521923	-63.53142470960767
639.1362087867774	-63.30814629769534
639.9433937165758	-62.911518964406696
640.7505786463742	-62.51907429135754
641.5577635761725	-62.14200111996203
642.3649485059709	-61.785355451924225
643.1721334357693	-61.452625766268596
643.9793183655677	-61.143705779182234
644.7865032953661	-60.85959050852142
645.5936882251644	-60.59832669426172
646.4008731549628	-60.3601175849848
647.2080580847612	-60.14044348575991
648.0152430145596	-59.940928870679805
648.822427944358	-59.755257660990814
649.6296128741564	-59.58904906751962
650.4367978039547	-59.435816558301205
651.2439827337531	-59.29651225642219
652.0511676635515	-59.16082380634097
652.8583525933499	-59.039868335797586
653.6655375231483	-58.928108732015886
654.4727224529466	-58.82996344749049
655.279907382745	-58.7260008525501
656.0870923125434	-58.625220124025894
656.8942772423418	-58.537145237363696
657.7014621721402	-58.459263040999225
658.5086471019385	-58.39082955142827
659.3158320317369	-58.30964171791624
660.1230169615353	-58.23061035888475
660.9302018913337	-58.15754597487672
661.7373868211321	-58.104997447098704
662.5445717509305	-58.03550878705271
663.0983384045122	-57.98663882863826
663.652105058094	-57.95061545062132
664.2058717116757	-57.92003819781739
664.7596383652575	-57.89293776653846
665.3134050188393	-57.85193115817798
665.867171672421	-57.81491735767573
666.4209383260028	-57.769336564647844
666.9747049795845	-57.7302537675815
667.5284716331663	-57.70227439673963
668.0822382867481	-57.6732729992044
668.6360049403298	-57.65117898519266
669.1897715939116	-57.62543444729552
669.7435382474933	-57.597828230961404
670.2973049010751	-57.561004380050264
670.8510715546569	-57.53533837475388
671.4048382082386	-57.51270387832193
671.9586048618204	-57.49343806767181
672.5123715154022	-57.46024828331396
673.0661381689839	-57.42492919894163
673.6199048225657	-57.39858014352828
674.1736714761474	-57.375148110532855
674.7274381297292	-57.357969548306016
675.281204783311	-57.33668892717864
675.8349714368927	-57.31234276186092
676.3887380904745	-57.2797044227317
676.9425047440562	-57.260278011280846
677.496271397638	-57.244063212060496
678.0500380512198	-57.21889051299408
678.6038047048015	-57.19410819568928
679.1575713583833	-57.161057331485736
679.711338011965	-57.14647701053913
680.2651046655468	-57.13384800722843
680.8188713191286	-57.11031244030506
681.3726379727103	-57.08655074204875
681.9264046262921	-57.06566787501762
682.4801712798738	-57.050578657881665
683.0339379334556	-57.03707961308389
683.5877045870374	-57.016038570205325
684.1414712406191	-56.9868677798525
684.6952378942009	-56.960600028510854
685.2490045477826	-56.94720051140438
685.8027712013644	-56.93498707619231
686.3565378549462	-56.91469891603063
686.9103045085279	-56.893141816234696
687.4640711621097	-56.874292640743725
688.0178378156915	-56.86214553601714
688.5716044692732	-56.83795851123198
689.125371122855	-56.820443360222136
689.6791377764367	-56.79004454451105
690.2329044300185	-56.76435167515524
690.7866710836003	-56.7521812780727
691.340437737182	-56.73472909626642
691.8942043907638	-56.714738160266556
692.4479710443455	-56.691759436688024
693.0017376979273	-56.66863971573753
693.5555043515091	-56.650682778593065
694.1092710050908	-56.64748397331955
694.6630376586726	-56.64173684667217
695.2168043122543	-56.62312195097052
695.7705709658361	-56.59420454840965
696.3243376194179	-56.573882818392214
696.8781042729996	-56.56489861587651
697.4318709265814	-56.548539757603265
697.9856375801631	-56.53509955346843
698.5394042337449	-56.513119460440834
699.0931708873267	-56.52001457533338
699.4707461781688	-56.522995359585956
699.848321469011	-56.5076273712794
700.2258967598532	-56.49128864908096
700.6034720506954	-56.46992281972901
700.9810473415375	-56.45486515500717
701.3586226323797	-56.44242220961318
701.7361979232219	-56.44033291723888
702.113773214064	-56.42862483900522
702.4913485049062	-56.413399888527586
702.8689237957484	-56.40476748143937
703.2464990865906	-56.39659862273557
703.6240743774327	-56.39545965684239
704.0016496682749	-56.38241169401189
704.3792249591171	-56.36662757446916
704.7568002499593	-56.3579356235537
705.1343755408014	-56.35031771591962
705.5119508316436	-56.34934375765317
705.8895261224858	-56.33700671456833
706.267101413328	-56.321722023460474
706.6446767041701	-56.30319356051224
707.0222519950123	-56.291008589325656
707.3998272858545	-56.286057512159864
707.7774025766967	-56.282629212974165
708.1549778675388	-56.27620901337071
708.532553158381	-56.26544818109706
709.1123653388047	-56.24964365012993
709.6921775192284	-56.235242502927626
710.2719896996521	-56.22970210094422
710.8518018800758	-56.222392628337154
711.4316140604994	-56.213911731828595
712.0114262409231	-56.19376541161022
712.5912384213468	-56.17272385729136
713.1710506017705	-56.16089042470593
713.7508627821942	-56.14580400680936
714.3306749626179	-56.1282537352931
714.9104871430416	-56.10930527959713
715.4902993234653	-56.09316416445476
716.0701115038889	-56.07852478098576
716.6499236843126	-56.07072550127843
717.2297358647363	-56.0591543056978
717.80954804516	-56.05534887590074
718.3893602255837	-56.02201696679351
718.9691724060074	-55.98921263321335
719.3552736458895	-55.986890919076785
719.7413748857716	-55.98582101898093
720.1274761256537	-55.98517787532465
720.5135773655359	-55.971179811700175
720.899678605418	-55.967666088857726
721.2857798453001	-55.9463540893773
721.5329515261542	-55.93146239427412
721.7801232070083	-55.929374313738954
722.0272948878624	-55.930722983662676
722.2744665687164	-55.93345124524478
722.5216382495705	-55.92711481774065
722.7688099304246	-55.9207847103366
723.0159816112787	-55.90961672733204
723.2631532921328	-55.907043168804556
723.5103249729868	-55.90671542118304
723.7574966538409	-55.906644948049035
724.004668334695	-55.89970580970981
724.2518400155491	-55.893425341782326
724.4990116964032	-55.888819329138364
724.7461833772572	-55.88603577012895
724.9933550581113	-55.881061776869885
725.2405267389654	-55.87530083473952
725.4876984198195	-55.865377381784384
725.7348701006736	-55.859748755143855
725.9820417815276	-55.85690486231036
726.2292134623817	-55.85531171267156
726.4763851432358	-55.85073989388577
726.7235568240899	-55.84426032663757
726.970728504944	-55.83512602153095
727.217900185798	-55.82655164308196
727.4650718666521	-55.81898971687028
727.7122435475062	-55.8142103985654
727.9594152283603	-55.80808158302055
728.2065869092144	-55.80390159899386
728.4537585900684	-55.79584947041944
728.7009302709225	-55.79238546004259
728.9481019517766	-55.79059360538898
729.1952736326307	-55.784512836087615
729.4424453134848	-55.77773730087467
729.6896169943388	-55.76829122731462
729.9367886751929	-55.7630514270717
730.183960356047	-55.7546672919744
730.4311320369011	-55.752124390895986
730.6783037177552	-55.751008877048925
730.9254753986093	-55.74957594577118
731.1726470794633	-55.74114761061879
731.4198187603174	-55.73020955792857
731.6669904411715	-55.7232056125615
731.9141621220256	-55.717653605974334
732.1613338028797	-55.713984811250114
732.4085054837337	-55.706921210639955
732.6556771645878	-55.702145402307934
732.9028488454419	-55.69323353315393
733.150020526296	-55.688749687368016
733.39719220715	-55.68580466011622
733.6443638880041	-55.684478604507426
733.8915355688582	-55.67794331364146
734.1387072497123	-55.67130421607023
734.3858789305664	-55.66581130198889
734.6330506114205	-55.662468261067666
734.8802222922745	-55.65706585708021
735.1273939731286	-55.650815577674784
735.3745656539827	-55.63966924556089
735.6217373348368	-55.628562337036726
735.8689090156909	-55.619545449558444
736.1160806965449	-55.61572115424327
736.363252377399	-55.61296602837233
736.6104240582531	-55.60675297398041
736.8575957391072	-55.59982965128174
737.1047674199613	-55.59159388548935
737.3519391008153	-55.58587806747294
737.5991107816694	-55.577703112863404
737.8462824625235	-55.57318837402487
738.0934541433776	-55.564724049432705
738.3406258242317	-55.55504128565492
738.5877975050857	-55.54380913465116
738.8349691859398	-55.53761391130283
739.0821408667939	-55.53089487088709
739.329312547648	-55.52300469588876
739.5764842285021	-55.51321973783669
739.8236559093561	-55.50624253767653
740.0708275902102	-55.49929949116802
740.3179992710643	-55.49176724949984
740.5651709519184	-55.48345466153191
740.8123426327725	-55.47733919600468
741.0595143136266	-55.47056562696113
741.3066859944806	-55.46269266136221
741.5538576753347	-55.45661754291759
741.8010293561888	-55.45063008853145
742.0482010370429	-55.44557171889942
742.295372717897	-55.438012803830034
742.542544398751	-55.43300627538924
742.7897160796051	-55.42507653811981
743.0368877604592	-55.42093078009086
743.2840594413133	-55.409367921382405
743.5312311221674	-55.396558620010694
743.7784028030214	-55.39052361750261
744.0255744838755	-55.38536409236899
744.2727461647296	-55.383202970894324
744.5199178455837	-55.374525207777694
744.7670895264378	-55.37097964720883
745.0142612072918	-55.36910805127301
745.2614328881459	-55.361949151863975
745.508604569	-55.35447397857604
745.7557762498541	-55.34390167135554
746.0029479307082	-55.338756148952285
746.2501196115622	-55.33478307825952
746.4972912924163	-55.32724157874093
746.7444629732704	-55.320009143243475
746.9916346541245	-55.31001133867385
747.2388063349786	-55.30335925501453
747.4859780158326	-55.2980072572421
747.7331496966867	-55.294547761281166
747.9803213775408	-55.288044755424124
748.2274930583949	-55.28122799574483
748.474664739249	-55.26846237541457
748.721836420103	-55.25591275151367
748.9690081009571	-55.245894876250965
749.2161797818112	-55.241752322415074
749.4633514626653	-55.2336279607233
749.7105231435194	-55.22247319932399
749.9576948243734	-55.211819276264535
750.2048665052275	-55.2066102164915
750.4520381860816	-55.199260291261396
750.6992098669357	-55.18871740866766
750.9463815477898	-55.17838306473272
751.1935532286439	-55.17173781684944
751.4407249094979	-55.164349119790295
751.687896590352	-55.155078347541995
751.9350682712061	-55.1471956796471
752.1822399520602	-55.143038459261355
752.4294116329143	-55.13680522872465
752.6765833137683	-55.12772316899783
752.9237549946224	-55.115617057559994
753.1709266754765	-55.112757177240944
753.4180983563306	-55.10380864050232
753.5750291132348	-55.09319423505311
753.6845331169061	-55.08973323341068
753.7940371205774	-55.08889392994297
753.9035411242487	-55.08767936215873
754.01304512792	-55.08434664903648
754.1225491315913	-55.0799725748023
754.2320531352626	-55.07600772553699
754.3415571389339	-55.07266443503343
754.550345897495	-55.066273735357136
754.7591346560562	-55.06023315164344
754.9679234146173	-55.053902408076354
755.1767121731784	-55.047684578866956
755.5190329127358	-55.036654022346674
755.8613536522932	-55.024787492949834
756.6376003889259	-54.99827937017726
757.4138471255585	-54.972264035565374
758.7841642387724	-54.923302354543054
760.1544813519863	-54.8769840019602
761.5247984652002	-54.82795028156378
762.8951155784141	-54.77583145559818
765.4006442586783	-54.67925339628317
767.9061729389425	-54.569370570089504
770.4117016192067	-54.45823564513618
771.0380837892728	-54.42621134147454
771.6644659593389	-54.39458875054523
772.290848129405	-54.363237386206485
773.7860608089226	-54.28291152874725
775.2812734884401	-54.200300547135846
776.7764861679576	-54.107638289443535
778.2716988474751	-54.01339009371234
779.7669115269927	-53.90596327575155
781.2621242065102	-53.79264688267141
782.7573368860277	-53.66177889437326
784.2525495655452	-53.51836507094414
785.7477622450627	-53.35366178351773
787.2429749245803	-53.157862519724695
788.7381876040978	-52.92239602372301
790.2334002836153	-52.63682500748981
791.0054682102638	-52.446970034475406
791.7775361369122	-52.20831139673824
792.5496040635607	-51.92026312569074
793.3216719902091	-51.53854964830286
793.6930592484292	-51.30007801762244
794.0644465066493	-51.01143676880142
794.4358337648695	-50.647078553053184
794.8072210230896	-50.166547947940195
794.9789647235453	-49.8869087940868
795.1507084240011	-49.552520862558566
795.3224521244568	-49.14033521252635
795.4941958249126	-48.61348523592392
795.5371317500266	-48.46003468749883
795.5800676751405	-48.29422233802794
795.6588033648792	-47.95033046169435
795.7375390546179	-47.54517156879919
795.8162747443565	-47.05450153964277
795.8552647781303	-46.77253820324613
795.894254811904	-46.45636845659876
795.9332448456778	-46.098171931676504
795.9722348794515	-45.68549364323509
796.0112249132253	-45.20232172667586
796.0296716537933	-44.94506717645923
796.0481183943614	-44.664536772787294
796.0665651349294	-44.356604669175695
796.0850118754975	-44.01566880918249
796.1034586160655	-43.63491290349438
796.1219053566335	-43.205206745922595
796.1305183682846	-42.98576951645661
796.1391313799356	-42.751918337883794
796.1477443915867	-42.501769655685194
796.1563574032377	-42.23313506295023
796.1649704148888	-41.94330971094165
796.1735834265398	-41.62922365457907
796.1821964381909	-41.28706503451744
796.1908094498419	-40.911921095260396
796.199422461493	-40.49813774017708
796.208035473144	-40.03867166494468
796.2166484847951	-39.52492744963388
796.2207237081151	-39.260992243039944
796.2247989314351	-38.98156830127133
796.2288741547551	-38.685317041219065
796.2329493780751	-38.37089865072382
796.2370246013951	-38.03697033999399
796.2432243284765	-37.488599072644256
796.2494240555578	-36.887982102034634
796.2556237826392	-36.23122469366903
796.2618235097206	-35.5153697891159
796.2680232368019	-34.7389657758049
796.2742229638833	-33.90226225665488
796.2804226909647	-33.00707475492062
796.286622418046	-32.05636661579965
796.2928221451274	-31.053627535486967
796.2990218722088	-30.002198967700846
796.3088533459298	-28.240890335154894
796.3186848196509	-26.368198788179026
796.328516293372	-24.382432722620408
796.3383477670931	-22.275020318836635
796.3481792408141	-20.03365794123219
796.3580107145352	-17.646862606955374
796.3678421882563	-15.107904177251632
796.3776736619774	-12.418131943049659
796.3875051356985	-9.590585036086138
796.3973366094195	-6.649162645799956
796.4132768919341	-1.739915949724934
796.4292171744486	3.1481454969073934
796.4451574569631	7.765331870121751
796.4610977394776	11.923631000150078
796.4770380219921	15.515174530272809
796.4929783045067	18.51530274891466
796.5089185870212	20.958513205230105
796.5248588695357	22.90985278320239
796.5407991520502	24.442869618583693
796.5567394345647	25.62645972284995
796.5726797170793	26.51927120075116
796.5886199995938	27.168953815924315
796.6045602821083	27.613688924453367
796.6205005646228	27.884285358142296
796.6364408471374	28.005952226811647
796.6523811296519	27.999508214734306
796.6683214121664	27.88220796738455
796.6922422615831	27.529348493275503
796.7161631109999	26.998801425565116
796.7400839604167	26.321933265294167
796.7640048098334	25.525011849003512
796.7879256592502	24.630231843301836
796.8118465086669	23.656064649370336
796.8357673580837	22.617555985308826
796.8596882075004	21.526785797483438
796.8836090569172	20.393497430848477
796.9075299063339	19.225612026153616
796.9314507557507	18.029536322264082
796.9679201884611	16.163199058867647
797.0043896211715	14.25733651618679
797.040859053882	12.322188350294162
797.0773284865924	10.365950775287637
797.1137979193028	8.3953158354164
797.1502673520132	6.415693522138498
797.1867367847236	4.43150350147631
797.223206217434	2.4464179168385067
797.2596756501445	0.46351519047239903
797.3160911825397	-2.593666668576387
797.372506714935	-5.632525724323983
797.4289222473302	-8.648361211088227
797.4853377797255	-11.639742454932057
797.5417533121207	-14.606804038551306
797.598168844516	-17.518777728506443
797.6545843769112	-20.344630611673008
797.7109999093065	-23.08630120405545
797.7674154417017	-25.751181392120067
797.823830974097	-28.351840284499485
797.8802465064922	-30.89237106991309
797.9366620388874	-33.37332689700652
797.9930775712827	-35.78691336553796
798.049493103678	-38.118691225799935
798.1059086360732	-40.34480093728631
798.1623241684684	-42.43818559908958
798.2187397008637	-44.37369013554943
798.2751552332589	-46.14025131617445
798.3315707656542	-47.735707884340776
798.3879862980494	-49.16313518872144
798.4444018304447	-50.43133686104269
798.5008173628399	-51.555437465257185
798.5572328952352	-52.55345988960312
798.6136484276304	-53.44231854559676
798.6700639600257	-54.23654302791677
798.7264794924209	-54.94891157385275
798.7828950248162	-55.5909203742901
798.8393105572114	-56.172582348722216
798.9245537409074	-56.95417780935967
799.0097969246034	-57.63868005481658
799.0950401082994	-58.2438780992012
799.1802832919954	-58.78329414765998
799.2655264756913	-59.26730651678802
799.3507696593873	-59.70398689810253
799.4360128430833	-60.09970846508901
799.5676635655115	-60.64112839692981
799.6993142879396	-61.11122800434574
799.8309650103678	-61.52191126289091
799.9626157327959	-61.882156418328265
800.0942664552241	-62.19885240039274
800.3037466265065	-62.62576337977697
800.5132267977889	-62.973464895711196
800.7227069690713	-63.2556937001066
801.0728756604326	-63.60950050050989
801.4230443517939	-63.84506697163145
801.7732130431552	-63.98844988036761
802.1233817345166	-64.05908378101397
802.4735504258779	-64.07241896775892
802.8237191172392	-64.04098600673149
803.1738878086005	-63.974686466278015
803.710649852957	-63.82294152187306
804.2474118973134	-63.62871755103148
804.7841739416699	-63.40716557718838
805.3209359860264	-63.169557539595644
805.8576980303828	-62.92427748011165
806.3944600747393	-62.67734784581863
807.2926539191715	-62.27222960940759
808.1908477636036	-61.88658115681293
809.0890416080358	-61.52727459855831
809.987235452468	-61.19493386278685
810.8854292969002	-60.890865024274916
811.7836231413323	-60.61178297516712
812.6818169857645	-60.35916916454783
813.5800108301967	-60.12764786131155
814.4782046746288	-59.920146379068385
815.376398519061	-59.72584385770607
816.2745923634932	-59.54858527196941
817.1727862079254	-59.38369270036602
818.0709800523575	-59.24005519278504
818.9691738967897	-59.10096320304757
819.8673677412219	-58.97175603930742
820.765561585654	-58.84289862168798
821.6637554300862	-58.73011859467378
822.5619492745184	-58.62748130853676
823.4601431189506	-58.544422502450615
824.3583369633827	-58.46062428123694
825.2565308078149	-58.369595697267144
826.1547246522471	-58.2838016621824
827.0529184966792	-58.19256086783132
827.9511123411114	-58.1116372472022
828.8493061855436	-58.03537834948889
829.7475000299758	-57.97773612444369
830.6456938744079	-57.91802245862521
831.5438877188401	-57.84892951885984
832.4420815632723	-57.78276156003168
833.3402754077044	-57.72183342844129
834.2384692521366	-57.667341268708824
835.1366630965688	-57.61425972449758
836.034856941001	-57.5548442275603
836.9330507854331	-57.487350560711896
837.8312446298653	-57.42851418189035
838.7294384742975	-57.378402680706444
839.6276323187296	-57.33167569252268
840.5258261631618	-57.27116933025941
841.424020007594	-57.2199170745069
842.3222138520262	-57.17605046259887
843.2204076964583	-57.1263906095404
844.1186015408905	-57.073952837618165
845.0167953853227	-57.021443682101925
845.9149892297548	-56.996869284426346
846.813183074187	-56.96456692815313
847.7113769186192	-56.914346299260465
848.6095707630514	-56.82732224310526
849.5077646074835	-56.77002842186489
850.0844534472355	-56.75636547795487
850.6611422869876	-56.73273197092111
851.2378311267396	-56.709466787197314
851.8145199664916	-56.684828146123834
852.3912088062436	-56.66504570710131
852.9678976459957	-56.63800567439771
853.5445864857477	-56.61350124184097
854.1212753254997	-56.58728181433136
854.6979641652517	-56.555239671946886
855.2746530050038	-56.530556570978426
855.8513418447558	-56.50721579764728
856.4280306845078	-56.481414720451404
857.0047195242598	-56.45177129388461
857.5814083640118	-56.42703271151409
858.1580972037639	-56.395727448253616
858.7347860435159	-56.362520727112454
859.3114748832679	-56.32572603187886
859.8881637230199	-56.30708283669895
860.464852562772	-56.27359528138863
860.8270019724554	-56.248729855956846
861.0743236357155	-56.240999174752005
861.3216452989756	-56.23317561635362
861.5689669622357	-56.22571816954273
861.8162886254958	-56.212780132653236
862.0636102887559	-56.20120805875839
862.310931952016	-56.18642414539461
862.558253615276	-56.17815295545483
862.8055752785361	-56.164796003415674
863.0528969417962	-56.149625301809984
863.3002186050563	-56.13292803340928
863.5475402683164	-56.12236998282212
863.7948619315765	-56.1116506832224
864.0421835948366	-56.09966048764314
864.2895052580967	-56.08587277980144
864.5368269213568	-56.074632893963354
864.7841485846169	-56.063758486461325
865.031470247877	-56.05674683574447
865.2787919111371	-56.04991209872793
865.5261135743972	-56.041641771651676
865.7734352376573	-56.02884757872809
866.0207569009174	-56.01490008499876
866.2680785641775	-56.003769122950104
866.5154002274376	-55.993584528465774
866.7627218906977	-55.984145883203595
867.0100435539578	-55.972816628888424
867.2573652172179	-55.962730813981636
867.504686880478	-55.95075333052313
867.752008543738	-55.94060342244742
867.9993302069981	-55.92766390135868
868.2466518702582	-55.91925713978926
868.4939735335183	-55.90606523050945
868.7412951967784	-55.89821754439007
868.9886168600385	-55.891783204849624
869.2359385232986	-55.8805831017195
869.4832601865587	-55.868819522460704
869.7305818498188	-55.85365722588616
869.9779035130789	-55.84300069665465
870.225225176339	-55.82986992958939
870.4725468395991	-55.8162863728281
870.7198685028592	-55.802119759658645
870.9671901661193	-55.79064375771937
871.2145118293794	-55.78043860558181
871.4618334926395	-55.77262106219363
871.7091551558996	-55.7619448343194
871.9564768191597	-55.7496930065534
872.2037984824198	-55.736635416974764
872.4511201456799	-55.726079460417
872.69844180894	-55.71540432061426
872.9457634722	-55.707392549062824
873.1930851354601	-55.69520451367687
873.4404067987202	-55.6863135513316
873.6877284619803	-55.67883279501924
873.9350501252404	-55.67247498832169
874.1823717885005	-55.661149507609025
874.4296934517606	-55.65005945497737
874.6770151150207	-55.640412314266754
874.9243367782808	-55.63224673749024
875.1716584415409	-55.621523299578996
875.418980104801	-55.61045667919034
875.6663017680611	-55.595671564345785
875.9136234313212	-55.58075296918363
876.1609450945813	-55.5697208351937
876.4082667578414	-55.560012287359235
876.6555884211015	-55.551557885036004
876.9029100843616	-55.53972147378433
877.1502317476217	-55.52910638497625
877.3975534108818	-55.51548804808242
877.6448750741419	-55.50674547161381
877.892196737402	-55.49236448986089
878.139518400662	-55.47651227735551
878.3868400639221	-55.465811576028
878.6341617271822	-55.4559180318678
878.8814833904423	-55.4490541952334
879.1288050537024	-55.43676804002602
879.3761267169625	-55.427992848977944
879.6234483802226	-55.42038450497531
879.8707700434827	-55.413180909796544
880.1180917067428	-55.401263939196674
880.3654133700029	-55.39012044482551
880.612735033263	-55.38042910144649
880.8600566965231	-55.3687122872859
881.1073783597832	-55.3572920250562
881.3547000230433	-55.344116497601924
881.6020216863034	-55.33384029760479
881.8493433495635	-55.319900413445815
882.0966650128236	-55.30498729812025
882.3439866760837	-55.2908924941845
882.5913083393438	-55.28123446539402
882.8386300026038	-55.26978791858107
883.085951665864	-55.26055145090161
883.333273329124	-55.251910016875954
883.5805949923841	-55.244357101035796
883.8279166556442	-55.231839629001776
884.0752383189043	-55.219919878835235
884.3225599821644	-55.2099440541464
884.5698816454245	-55.20216365125309
884.8172033086846	-55.190933470265826
885.0645249719447	-55.17914785199271
885.3118466352048	-55.1684826191659
885.5591682984649	-55.15914846737409
885.806489961725	-55.1477342888921
886.0538116249851	-55.13533304604733
886.3011332882452	-55.12116447921991
886.5484549515053	-55.10723140742834
886.7957766147654	-55.09340867699777
887.0430982780255	-55.08235091690288
887.2904199412856	-55.070207762844284
887.5377416045457	-55.06094274793614
887.7850632678058	-55.04526739845811
888.0323849310658	-55.03638915790089
888.1970293007639	-55.03338556843321
888.361673670462	-55.02514764049324
888.52631804016	-55.014471554829605
888.6909624098581	-55.00273054516717
888.8556067795562	-54.99439580600507
889.0202511492542	-54.986400385674
889.1848955189523	-54.9799127879763
889.3495398886504	-54.97128898855856
889.5141842583485	-54.963967894333436
889.6788286280465	-54.954095943122645
889.8434729977446	-54.94648559542303
890.0081173674427	-54.93646032729087
890.1727617371407	-54.93015477928761
890.3374061068388	-54.92541294657895
890.5020504765369	-54.92024441353472
890.6666948462349	-54.91133685100114
890.831339215933	-54.90195452962136
890.995983585631	-54.89118561025409
891.1606279553291	-54.8831310564556
891.3252723250272	-54.87319473560893
891.4899166947253	-54.86210873230076
891.6545610644233	-54.85322052110516
891.8192054341214	-54.84528616736236
891.9838498038195	-54.83819289030958
892.1484941735175	-54.82947931236115
892.3131385432156	-54.82136716309788
892.4777829129137	-54.81212434344792
892.6424272826117	-54.80403069640616
892.8070716523098	-54.79416106382365
892.9717160220079	-54.786405698540754
893.1363603917059	-54.77676033934164
893.301004761404	-54.769569108641875
893.465649131102	-54.758534278708254
893.6302935008001	-54.751106165936456
893.7949378704982	-54.7459756876382
893.9595822401963	-54.74113395830748
894.1242266098943	-54.73184158913087
894.2888709795924	-54.72158767088436
894.4535153492905	-54.70938587480226
894.6181597189885	-54.70110327393946
894.7828040886866	-54.69482498347569
894.9474484583847	-54.686136644947446
895.1120928280827	-54.67638022646859
895.2767371977808	-54.66523798271764
895.4413815674789	-54.65592810610388
895.6060259371769	-54.64588753036495
895.770670306875	-54.63776489477348
895.9353146765731	-54.62782647572511
896.0999590462711	-54.619943851384534
896.2646034159692	-54.60856178814705
896.4292477856673	-54.59569592243949
896.5938921553653	-54.58337635541141
896.7585365250634	-54.57482991402981
896.9231808947615	-54.566258922202394
897.0878252644595	-54.558644266617655
897.2524696341576	-54.54782829118241
897.4171140038557	-54.539640285441195
897.5817583735537	-54.53311522348183
897.7464027432518	-54.52626837177741
897.9110471129499	-54.516003388379204
898.0756914826479	-54.50380789520975
898.240335852346	-54.491537170979825
898.4049802220441	-54.48123228257626
898.5696245917421	-54.47123257539438
898.7342689614402	-54.46243790485974
898.8989133311383	-54.45382809288628
899.0635577008363	-54.44470697172532
899.2282020705344	-54.43374805349167
899.3928464402325	-54.42289664374925
899.5574908099305	-54.411782183724604
899.7221351796286	-54.402319087542764
899.8867795493267	-54.39118003989588
900.0514239190247	-54.38140224109
900.2160682887228	-54.369343523182216
900.3807126584209	-54.36048168067928
900.5453570281189	-54.34753101274005
900.710001397817	-54.33249395928735
900.8746457675151	-54.31763673040855
901.0392901372131	-54.3077520154661
901.2039345069112	-54.29788222139957
901.3685788766093	-54.28573698966898
901.5332232463073	-54.27427180812896
901.6978676160054	-54.26327389741358
901.8625119857035	-54.25359073082346
902.0271563554015	-54.24204898768627
902.1918007250996	-54.23137504820599
902.3564450947977	-54.219027757876034
902.5210894644957	-54.20893163298986
902.6857338341938	-54.1954067281195
902.8503782038919	-54.18518870384407
902.9638683518989	-54.180118464852676
903.0773584999059	-54.172496427486514
903.190848647913	-54.16303924652346
903.30433879592	-54.15282810454181
903.417828943927	-54.144012169647944
903.5978315914163	-54.13074775347218
903.7778342389055	-54.1171914527896
903.9578368863947	-54.10410623046337
904.137839533884	-54.090209086176046
904.4775153642832	-54.06407037902573
904.8171911946826	-54.038208266697694
905.4552862607934	-53.9876312203335
906.0933813269043	-53.93371778995666
907.2917170304935	-53.82644254896203
908.4900527340827	-53.71458047370014
909.688388437672	-53.59076561600683
910.8867241412612	-53.44895081072544
912.0850598448504	-53.299517787792
912.3846437707477	-53.25643652589439
912.684227696645	-53.21214780872389
912.9838116225424	-53.16465668888451
913.4383852400343	-53.08942773593372
913.8929588575263	-53.010060335025656
915.0904844850254	-52.77139789537232
916.2880101125245	-52.472983544790665
917.4855357400236	-52.0766747445878
917.7849171468984	-51.952217982134094
918.0842985537731	-51.812671398122596
918.3836799606479	-51.654730400514275
918.6830613675227	-51.47798170360039
918.9824427743974	-51.273476340603416
919.2818241812722	-51.03915660589431
919.581205588147	-50.75586368980767
919.8805869950218	-50.40545804139965
920.1799684018965	-49.97116314478192
920.3221778355891	-49.714657203907116
920.4643872692816	-49.41082713364119
920.6065967029741	-49.04922124426604
920.7488061366666	-48.60278276446229
920.8910155703592	-48.0318726095532
920.9265679287823	-47.86554206405528
920.9621202872055	-47.68600839431001
921.0345855396802	-47.268373998268295
921.1070507921548	-46.76379707843029
921.1425581353956	-46.477906575858206
921.1780654786363	-46.15855186973798
921.213572821877	-45.7981939161409
921.2490801651178	-45.38516599754389
921.2845875083585	-44.90464168012897
921.3017543649154	-44.64420828923794
921.3189212214722	-44.360802047814516
921.3360880780291	-44.05046023122007
921.353254934586	-43.707863888010905
921.3704217911428	-43.32658249161799
921.3875886476997	-42.898091030557396
921.3959413173841	-42.67046181500695
921.4042939870685	-42.42782522422859
921.4126466567529	-42.16822497938721
921.4209993264374	-41.889300068599844
921.4293519961218	-41.588412669501174
921.4377046658062	-41.262316895766645
921.4460573354907	-40.907044719386434
921.4544100051751	-40.51754018322124
921.4627626748595	-40.0880155957973
921.4711153445439	-39.61132156211499
921.4794680142284	-39.07883812654092
921.4833067142768	-38.81359742850144
921.4871454143251	-38.533503548939024
921.4909841143735	-38.237372130838494
921.4948228144219	-37.92403674875691
921.4986615144703	-37.59234578521153
921.5049238585042	-37.00891463495959
921.511186202538	-36.36956614982043
921.5174485465719	-35.67053830825511
921.5237108906058	-34.90918970592442
921.5299732346397	-34.08460844711241
921.5362355786735	-33.197718077069325
921.5424979227074	-32.25097415043754
921.5487602667413	-31.247779100360415
921.5550226107752	-30.19172573206678
921.561284954809	-29.08594832213863
921.5675472988429	-27.932635583544748
921.5738096428768	-26.73275169750069
921.5800719869106	-25.48597782186441
921.5901507941439	-23.376159070626922
921.6002296013772	-21.130894743396265
921.6103084086105	-18.737874705911384
921.6203872158438	-16.187825549688476
921.6304660230771	-13.477571309473165
921.6405448303104	-10.615742925774672
921.6506236375437	-7.624295813501178
921.660702444777	-4.538232059678062
921.6707812520103	-1.4079619338450937
921.6808600592436	1.7063332583187487
921.6909388664769	4.741864044752196
921.7010176737102	7.640703897935894
921.7110964809435	10.355697664867398
921.7211752881768	12.853906406493842
921.7312540954101	15.11728016355425
921.7413329026434	17.141064598410473
921.7514117098767	18.930889030373752
921.76149051711	20.49947800387335
921.7715693243433	21.863655166735885
921.7816481315766	23.04197790980862
921.7917269388099	24.0530811577135
921.8072083680312	25.32067379161743
921.8226897972525	26.29090332812914
921.8381712264737	27.013349378977377
921.853652655695	27.52690191479665
921.8691340849163	27.862832736170027
921.8846155141375	28.046884546822945
921.9000969433588	28.100330373937407
921.9155783725801	28.040768265049923
921.9310598018013	27.882832223438765
921.9465412310226	27.638835153942722
921.9620226602439	27.31930208515333
921.9775040894651	26.933365806290553
921.9929855186864	26.489040622089547
922.016570666215	25.715329522527473
922.0401558137436	24.84355622429499
922.0637409612722	23.89230646170203
922.0873261088008	22.87632296695089
922.1109112563294	21.807675370965054
922.134496403858	20.69621682337527
922.1580815513865	19.54988780064068
922.1816666989151	18.375075189344454
922.2052518464437	17.176933825504694
922.2407052824229	15.340864685186254
922.2761587184021	13.472637358036096
922.3116121543814	11.580967711934539
922.3470655903606	9.672526785148898
922.3825190263398	7.752630068686064
922.417972462319	5.825718892971442
922.4738280817771	2.7848653529531053
922.5296837012353	-0.2520295038165968
922.5855393206934	-3.2757431341736405
922.6413949401516	-6.280114663866213
922.6972505596098	-9.261770238534252
922.7531061790679	-12.219994943467926
922.8089617985261	-15.14313122047242
922.8648174179842	-17.999194294514478
922.9206730374424	-20.781891183194677
922.9765286569005	-23.493798524800308
923.0323842763587	-26.137308355205743
923.0882398958169	-28.71282996483928
923.144095515275	-31.224295887542077
923.1999511347332	-33.674669890203425
923.2558067541913	-36.06039301394339
923.3116623736495	-38.36538573224818
923.3675179931076	-40.56485266917469
923.4233736125658	-42.63058017607283
923.479229232024	-44.53891705728497
923.5350848514821	-46.280434198804386
923.5909404709403	-47.85197564057859
923.6467960903984	-49.258185166287305
923.7026517098566	-50.50958931377002
923.7585073293147	-51.62075942690114
923.8143629487729	-52.6081795572347
923.870218568231	-53.487984767511946
923.9260741876892	-54.27460963448565
923.9819298071474	-54.980751556844936
924.0377854266055	-55.617662624312516
924.0936410460637	-56.1950863868651
924.1494966655218	-56.72113628708838
924.2373336966941	-57.45944504549352
924.3251707278664	-58.10710185650128
924.4130077590387	-58.680541707683425
924.500844790211	-59.19225892300953
924.5886818213833	-59.65178974253718
924.6765188525555	-60.06652921179327
924.7643558837278	-60.44233283454981
924.9024233452574	-60.964623232846705
925.0404908067869	-61.416316901835266
925.1785582683165	-61.80915324486905
925.316625729846	-62.15200760906971
925.4546931913756	-62.45170068710885
925.6763620276702	-62.85552307240563
925.8980308639648	-63.17964403785195
926.1196997002594	-63.43805386230166
926.4833797901621	-63.74738293975306
926.8470598800648	-63.943225418251735
927.2107399699674	-64.050757236763
927.5744200598701	-64.08924897263414
927.9381001497728	-64.0740046000428
928.3017802396755	-64.01714118357725
928.6654603295782	-63.92818325769239
929.2289292017568	-63.744486978135875
929.7923980739355	-63.523184125591044
930.3558669461141	-63.27916848165615
930.9193358182928	-63.02329353056551
930.9999999999793	-62.98616709076131
931.0000000000103	-62.98616709076131
931.000798709751	-63.0124513774221
931.0015974194918	-63.037175628279236
931.0028942591414	-63.07448989569251
931.004191098791	-63.10967096066297
931.0065334412939	-63.168280357820635
931.0088757837967	-63.223143035445034
931.0131172147634	-63.316234405000635
931.01735864573	-63.40272036571959
931.0271966541375	-63.585239394630484
931.0370346625449	-63.74878969356037
931.0468726709523	-63.89943320688161
931.0567106793598	-64.04060894738136
931.0665486877672	-64.17428068909496
931.0832045944758	-64.3872835993726
931.0998605011844	-64.58579560214626
931.1271781633397	-64.88620704612762
931.1544958254951	-65.16116849296829
931.2000655199071	-65.57591431055582
931.245635214319	-65.9486414924996
931.291204908731	-66.28838837537099
931.3367746031429	-66.60058087634307
931.3823442975548	-66.88919734711875
931.4584932172025	-67.32706163805888
931.5346421368503	-67.71966533702731
931.610791056498	-68.07580269785103
931.6869399761457	-68.40166058059727
931.8020185351879	-68.846108011854
931.9170970942301	-69.24387792562925
932.0321756532724	-69.60426701742232
932.2096319298527	-70.10154064166782
932.387088206433	-70.54347465585947
932.5645444830133	-70.94250418738946
932.8806591440447	-71.57354747732509
933.1967738050761	-72.12703742752439
933.5128884661075	-72.62037802180973
933.8290031271389	-73.06662351872609
934.1451177881703	-73.47587639676321
934.4612324492017	-73.8550916817051
935.0032546302167	-74.44829454030778
935.5452768112317	-74.98164733405585
936.0872989922467	-75.46540629765667
936.6293211732617	-75.90836348108226
937.1713433542767	-76.31750700158037
938.0007462663309	-76.88911853603882
938.8301491783851	-77.40509519048956
939.6595520904393	-77.87313948571284
940.4889550024935	-78.29902811903534
941.3183579145477	-78.68751034808706
942.5988276822696	-79.22238347967097
943.8792974499916	-79.68717726620868
945.8438921156264	-80.28046831832171
947.8084867812613	-80.74979295340079
949.7730814468962	-81.11056318567064
951.7376761125311	-81.37225700076422
953.7022707781659	-81.54969881453717
955.6668654438008	-81.658155785741
957.6314601094357	-81.70744367089385
959.5960547750706	-81.70457765116602
961.5606494407054	-81.65533003039023
963.5252441063403	-81.56642221263904
965.4898387719752	-81.4454037573093
967.4544334376101	-81.29749566441963
969.419028103245	-81.12656907785598
971.3836227688798	-80.93687865514478
973.3482174345147	-80.73243569766134
975.3128121001496	-80.51700456878426
978.8072629427129	-80.11635429421803
982.3017137852762	-79.7048247639077
985.7961646278395	-79.29302878639392
989.2906154704028	-78.88977455099443
992.7850663129661	-78.50241990239975
996.2795171555294	-78.13646841325597
1001.6103540617773	-77.62646593712896
1006.9411909680252	-77.17935857929942
1012.2720278742731	-76.79577101069165
1017.602864780521	-76.4727013067789
1022.9337016867689	-76.20555247294389
1028.2645385930168	-75.98867552794626
1033.5953754992647	-75.81522673354074
1038.9262124055126	-75.6787104870586
1044.2570493117605	-75.57311738355196
1052.7927111307204	-75.45350352873086
1061.3283729496802	-75.38047499970976
1069.86403476864	-75.33538084018407
1078.3996965876	-75.30808832254687
1086.9353584065598	-75.29343822494738
1095.4710202255196	-75.2824472058051
1104.0066820444795	-75.27189194529076
1112.5423438634393	-75.26376695321125
1121.0780056823992	-75.25388746300892
1129.613667501359	-75.24114171300967
1130.999999999975	-75.23929998384565
1131.0000000000127	-75.23929998384565
