t	v
0.0	-80.0
0.0010640353759113245	-79.99235606298669
0.0027530454938975305	-79.98141079136643
0.005940251662024632	-79.96275932373591
0.011033425915868618	-79.93592981029104
0.016126600169712603	-79.91115094565984
0.024221042096342647	-79.87516298061661
0.036549982305803995	-79.82404427084808
0.04887892251526534	-79.77662304833146
0.07761640921297504	-79.67581324186415
0.10635389591068474	-79.58524004281985
0.13509138260839443	-79.50169944452178
0.16382886930610413	-79.42337282596515
0.20777236278247507	-79.31095168494797
0.251715856258846	-79.20585098690161
0.29565934973521696	-79.10652033696195
0.3683527463555498	-78.95209010683922
0.4410461429758827	-78.80747656235197
0.5834520472835891	-78.54551737265788
0.7258579515912955	-78.30386527344884
0.8682638558990019	-78.07728252637659
1.0106697602067083	-77.86319594817546
1.1530756645144147	-77.65986931496978
1.391395048696156	-77.34005368314054
1.6297144328778972	-77.04132537670236
1.8680338170596384	-76.75994733584538
2.25442672141555	-76.33467559276875
2.640819625771462	-75.94147182770695
3.0272125301273736	-75.57549169481311
3.77511875923443	-74.93214766743503
4.523024988341486	-74.3626388167878
5.270931217448543	-73.85795468664321
6.018837446555599	-73.40938018797651
6.7667436756626556	-73.01049416909332
7.514649904769712	-72.65593053652023
8.703293533127574	-72.17264279630649
10.495053951709552	-71.60705406475466
12.28681437029153	-71.20401396538209
14.078574788873508	-70.9295181832233
15.870335207455486	-70.76087527701755
17.662095626037463	-70.67869376606893
19.45385604461944	-70.65807921433075
21.245616463201415	-70.687908717405
23.03737688178339	-70.75922335832203
24.829137300365367	-70.85585572591405
26.620897718947344	-70.97745307716325
28.41265813752932	-71.11711866234671
30.204418556111296	-71.2647707026625
31.996178974693272	-71.42023794417459
33.78793939327525	-71.57477763334471
35.57969981185723	-71.72735453432031
37.37146023043921	-71.88574945673307
39.16322064902119	-72.03936167092836
40.95498106760317	-72.18604398322685
42.74674148618515	-72.32884033064636
44.53850190476713	-72.46603600588514
46.33026232334911	-72.59623338276961
48.12202274193109	-72.71966405221369
49.91378316051307	-72.8346495073642
51.70554357909505	-72.94234144431894
53.49730399767703	-73.04451935992537
55.28906441625901	-73.13835509654483
57.08082483484099	-73.22512297325022
58.87258525342297	-73.30648620346076
60.66434567200495	-73.37921876819212
62.45610609058693	-73.44583401506536
64.2478665091689	-73.5078636503114
66.03962692775087	-73.56346744942338
67.83138734633285	-73.61435461614755
69.62314776491482	-73.66053247110182
71.41490818349679	-73.70026487606034
73.20666860207876	-73.73718003229206
74.99842902066074	-73.77041700087766
76.79018943924271	-73.79782660370657
78.58194985782468	-73.82418020523568
80.37371027640665	-73.84700459709777
82.16547069498863	-73.86597155443987
83.9572311135706	-73.88422612250673
85.74899153215257	-73.89907556162315
87.54075195073455	-73.91051371411808
89.33251236931652	-73.92109966558039
91.12427278789849	-73.9295552248259
92.91603320648046	-73.93711734935903
94.70779362506244	-73.94483139450635
96.49955404364441	-73.94941832672957
98.29131446222638	-73.9535302069916
100.08307488080835	-73.95832773678767
101.87483529939033	-73.95991694719135
103.6665957179723	-73.96239509965547
105.45835613655427	-73.96544258476656
107.25011655513624	-73.96461731506156
109.04187697371822	-73.96633880387452
110.83363739230019	-73.96820991888276
112.62539781088216	-73.96570208280222
114.41715822946414	-73.96767332609888
116.20891864804611	-73.96849491156432
118.00067906662808	-73.96708937904174
119.79243948521005	-73.96917799942348
121.58419990379203	-73.96932201455029
123.375960322374	-73.96700784089941
125.16772074095597	-73.9663317069004
126.95948115953794	-73.96442962142214
128.75124157811993	-73.96337171369302
130.54300199670192	-73.96493298746621
132.3347624152839	-73.96290981372891
134.1265228338659	-73.96187697216685
135.91828325244788	-73.96370159552119
137.71004367102987	-73.96100390191518
139.50180408961185	-73.96104743534381
141.29356450819384	-73.96329767722922
143.08532492677583	-73.95932084896539
144.30893019515733	-73.95674137369986
145.53253546353884	-73.95736567330881
146.75614073192034	-73.95929522869864
147.97974600030184	-73.96083393860118
149.20335126868335	-73.96136872069468
150.42695653706485	-73.9608394803176
151.65056180544636	-73.96040320502797
152.87416707382786	-73.9604411237718
154.09777234220937	-73.96038962982422
155.32137761059087	-73.96042274600943
156.54498287897238	-73.96045604300492
158.771686152727	-73.96053464514368
160.99838942648162	-73.96048042280411
163.22509270023625	-73.96069314875797
165.45179597399087	-73.96100175378295
167.6784992477455	-73.96110718832253
169.90520252150012	-73.96120312781493
174.79715903057118	-73.96123758583991
179.68911553964224	-73.9611431371377
187.28684458485986	-73.96126845425827
200.31456903799452	-73.96228787802865
213.34229349112917	-73.96254521405946
226.37001794426382	-73.96303553889348
251.5312207895551	-73.96412023215788
296.0988731594704	-73.96378578345964
340.66652552938564	-73.96694347656418
385.2341778993009	-73.96174715448738
398.256081810078	-73.96646825749445
411.2779857208551	-73.9649936661266
424.2998896316322	-73.96597097277855
437.3217935424093	-73.96745440867154
458.45423232900606	-73.96486830344946
479.5866711156028	-73.96751503619382
500.7191099021996	-73.96459188401684
506.0022195988488	-73.96531831820778
511.285329295498	-73.96572667094998
525.638601876013	-73.96557246864964
530.9999999999882	-73.96574257190748
531.0000000000059	-73.96574257190748
531.0004875561841	-73.98218219623206
531.0009751123623	-73.99760989624143
531.0018647123518	-74.02392798215651
531.0032056311549	-74.06111196936672
531.0045465499579	-74.0964906402298
531.0068236643781	-74.15274944651951
531.0102692904051	-74.23324353658565
531.013714916432	-74.30863687043934
531.0217756591975	-74.46998374140308
531.0298364019629	-74.61526590603391
531.0378971447284	-74.74952652048694
531.0459578874938	-74.87584698648713
531.0540186302593	-74.99602767398292
531.0682528154409	-75.19687748101478
531.0824870006226	-75.38515027345157
531.1057151826723	-75.6708020212416
531.128943364722	-75.93476397088638
531.1669604828113	-76.3308015386655
531.2049776009006	-76.69312404200421
531.24299471899	-77.02945770791116
531.2810118370793	-77.34442687895223
531.3190289551686	-77.64133205902795
531.3804166765696	-78.0887582314683
531.4418043979705	-78.50411791540112
531.5031921193714	-78.89354988260497
531.5993415438215	-79.46079757819817
531.6954909682717	-79.98563179706856
531.7916403927218	-80.4756977463235
531.9673269251713	-81.29904343570398
532.1430134576208	-82.046537303656
532.3186999900703	-82.7317969813176
532.4943865225198	-83.36608781844573
532.6700730549693	-83.95859271447596
532.9391346044731	-84.79910579906142
533.2081961539769	-85.571965300513
533.4772577034807	-86.28780326819958
533.7463192529846	-86.95492330601425
534.0153808024884	-87.58008033142461
534.4474309959711	-88.50894634862506
534.8794811894538	-89.35849143852184
535.3115313829366	-90.1393687356001
535.7435815764193	-90.85971150876938
536.175631769902	-91.52619474356383
536.8803283399224	-92.51140674834531
537.5850249099427	-93.3851444613726
538.2897214799631	-94.16015363550142
539.3559849196037	-95.16774612999227
540.4222483592442	-96.000916751765
541.4885117988848	-96.68076412138116
542.5547752385254	-97.22494284764555
543.621038678166	-97.64891034987852
544.6873021178066	-97.96580955177365
546.490970498572	-98.2896705287639
548.2946388793374	-98.38766337910357
550.0983072601028	-98.30130051602873
551.9019756408683	-98.06816115210113
553.7056440216337	-97.72125753399699
555.5093124023991	-97.28895092612458
557.3129807831646	-96.79559332293077
560.1464167138411	-95.94616232449624
562.9798526445176	-95.06157647700253
565.8132885751941	-94.18892046013603
568.6467245058706	-93.36217915245275
571.4801604365471	-92.60348633509288
574.3135963672236	-91.92483127319053
577.1470322979001	-91.33112471335477
579.9804682285766	-90.8220919362731
582.8139041592531	-90.3937363877567
585.6473400899296	-90.03980668207019
588.4807760206061	-89.75270397452046
591.3142119512826	-89.52417659861658
594.1476478819591	-89.34595427474522
596.9810838126356	-89.21015724205837
599.8145197433121	-89.10953279895615
602.6479556739886	-89.03754858633837
605.4813916046651	-88.98847270568571
608.3148275353416	-88.95739178570703
611.1482634660181	-88.94009851357345
613.9816993966946	-88.93310363787461
616.8151353273711	-88.93358736107669
619.6485712580476	-88.93928500649837
622.4820071887241	-88.94833428912173
625.3154431194006	-88.95926287348814
628.1488790500771	-88.97095865160107
630.9823149807536	-88.9826619873149
633.8157509114301	-88.99386610764512
636.6491868421066	-89.0041963604079
639.4826227727831	-89.01343524002316
642.3160587034596	-89.02148314282837
645.1494946341361	-89.02829913211103
647.9829305648126	-89.03393185960815
650.8163664954891	-89.03844143504246
653.6498024261656	-89.0418892565711
656.4832383568421	-89.04442800725167
659.3166742875186	-89.04617385755009
662.1501102181951	-89.04721438303162
664.9835461488716	-89.04772821393448
667.8169820795481	-89.047794305243
670.6504180102246	-89.04746283770898
673.4838539409011	-89.04693333091929
676.3172898715776	-89.04635151830054
679.1507258022541	-89.04568693878443
681.9841617329306	-89.04482338615693
684.8175976636071	-89.0437377587628
687.6510335942836	-89.04253613332455
690.4844695249601	-89.04137603297374
693.3179054556366	-89.0403287267429
696.1513413863131	-89.03938239035968
698.9847773169896	-89.03851567373091
701.8182132476661	-89.03770340295657
704.6516491783426	-89.03693918172206
707.4850851090191	-89.03624959260424
710.3185210396956	-89.03565572176925
713.1519569703721	-89.03515730049081
715.9853929010486	-89.03473589089329
718.8188288317251	-89.03435255539107
721.6522647624016	-89.0339965864928
724.4857006930781	-89.03368875681805
727.3191366237546	-89.03342226390012
730.1525725544311	-89.0331781711475
732.9860084851076	-89.03294029355165
735.8194444157841	-89.03270531670495
738.6528803464606	-89.03249708016192
741.4863162771371	-89.03233498089162
744.3197522078136	-89.03221417537613
747.1531881384901	-89.03213621154833
749.9866240691666	-89.03209148471959
752.8200599998431	-89.0320494042464
755.6534959305196	-89.03201993792122
758.4869318611961	-89.03200136201174
761.3203677918726	-89.03195564210802
763.2700532876357	-89.03192073532011
765.2197387833988	-89.03192986452848
767.169424279162	-89.03199792881215
769.119109774925	-89.03208881888008
771.0687952706882	-89.03214615444278
774.3309808656351	-89.03212782596613
777.593166460582	-89.03199789829763
780.8553520555289	-89.03188180107799
784.1175376504758	-89.03180365643279
789.1519744179643	-89.03170478495373
794.1864111854528	-89.03159424439566
801.7420825003645	-89.03141737613151
809.2977538152762	-89.0312619597123
824.0968933356256	-89.03123503941158
847.9951009412501	-89.03096407760795
871.8933085468747	-89.03089542506667
895.7915161524992	-89.03160528269945
919.6897237581237	-89.03143352383448
930.9999999999793	-89.03096044365358
931.0000000000103	-89.03096044365358
931.0004875555852	-89.01452187010648
931.0009751111601	-88.99909610434129
931.0018647734156	-88.9727823133352
931.0032059094982	-88.93560686112579
931.0045470455808	-88.90024170583875
931.006824539288	-88.84401780812283
931.0102703022174	-88.76360257659667
931.0137160651467	-88.68830625245121
931.0217744327022	-88.52730106996384
931.0298328002576	-88.3824276951199
931.0378911678131	-88.2486337466892
931.0459495353685	-88.12283028386203
931.054007902924	-88.00321101520744
931.0682374726562	-87.80344958641876
931.0824670423883	-87.61636853293719
931.1056843460342	-87.33288494951992
931.1289016496801	-87.07127529515992
931.1668766209979	-86.67963474835581
931.2048515923157	-86.32196106907534
931.2428265636335	-85.99047409544433
931.2808015349513	-85.68051344441164
931.318776506269	-85.3887568635879
931.3800270007806	-84.95038373059256
931.4412774952922	-84.54430014714792
931.5025279898038	-84.16435676762588
931.5984677507498	-83.6123534124255
931.6944075116959	-83.10324970090512
931.790347272642	-82.62937867783154
931.9653089549644	-81.83822758680819
932.1402706372868	-81.12404273364838
932.3152323196092	-80.47316747883443
932.4901940019316	-79.87428511946294
932.665155684254	-79.3181870997042
932.9337975648507	-78.53333867875445
933.2024394454473	-77.81849550890426
933.471081326044	-77.1627523029583
933.7397232066406	-76.55758839013075
934.0083650872373	-75.99605795599207
934.4374664641621	-75.17651039049983
934.8665678410869	-74.43859017606103
935.2956692180117	-73.77117801320294
935.7247705949364	-73.16562482073024
936.1538719718612	-72.61466935242285
936.8479631290285	-71.82409553753777
937.5420542861957	-71.14126795911244
938.236145443363	-70.55157710754595
939.2903685820427	-69.8074005377159
940.3445917207224	-69.21625974826154
941.3988148594021	-68.75263555651459
942.4530379980819	-68.39427439627374
943.5072611367616	-68.1243213935855
944.5614842754413	-67.93007080627208
945.6157074141211	-67.79659165685564
946.6699305528008	-67.71591863119096
947.7241536914805	-67.68295328152254
948.7783768301603	-67.68337230184655
949.83259996884	-67.71347512039922
950.8868231075197	-67.77366353150535
951.9410462461994	-67.85509354638486
952.9952693848792	-67.95863933613923
954.0494925235589	-68.07859451597668
955.1037156622386	-68.19932172666562
956.1579388009184	-68.33930642922009
956.8868412630401	-68.45015008118226
957.6157437251618	-68.55473190893281
958.3446461872835	-68.65572388440967
959.0735486494052	-68.76054079156552
959.8024511115269	-68.86657563679385
960.5313535736486	-68.97814476928762
961.2602560357703	-69.09237539538618
961.989158497892	-69.20064503746923
962.7180609600138	-69.31280017057509
963.4469634221355	-69.42843367140857
964.1758658842572	-69.5376439571
964.9047683463789	-69.65047540229025
965.6336708085006	-69.76409702829497
966.3625732706223	-69.8705608234037
967.091475732744	-69.9832446910548
967.6209209492903	-70.06964913370923
968.1503661658365	-70.14945401090019
968.6798113823828	-70.22445632438134
969.2092565989291	-70.29924418656972
969.7387018154753	-70.3742140316981
970.2681470320216	-70.45072473466607
970.7975922485679	-70.52745744351567
971.3270374651141	-70.60122437913083
971.8564826816604	-70.67368068123177
972.3859278982067	-70.74663986580012
972.9153731147529	-70.81883414206796
973.4448183312992	-70.89002754982818
973.9742635478455	-70.96020216259403
974.5037087643917	-71.02894278768375
975.033153980938	-71.09721817822076
975.5625991974842	-71.16509959623272
976.0920444140305	-71.23146886279868
976.6214896305768	-71.29662886664259
977.150934847123	-71.36115475420925
977.6803800636693	-71.4247455257715
978.2098252802156	-71.48734395963035
978.7392704967618	-71.54890447926128
979.2687157133081	-71.60929268980198
980.0973695176683	-71.70196897012545
980.9260233220285	-71.79299584664693
981.7546771263887	-71.88158966541793
982.583330930749	-71.96690153744393
983.4119847351092	-72.04937765806694
984.2406385394694	-72.12950898779727
985.0692923438296	-72.2074029922898
986.3398610620002	-72.32270689168008
987.6104297801708	-72.43253272330277
989.7822375701883	-72.60716376579147
991.9540453602058	-72.76634128856702
995.2820597266052	-72.98214160781934
998.6100740930046	-73.16786904165208
1001.9380884594041	-73.3240343496238
1005.2661028258035	-73.45479832667476
1008.5941171922029	-73.56350039643578
1011.9221315586024	-73.65214682903925
1015.2501459250018	-73.72375642030515
1018.5781602914012	-73.78116087078799
1021.9061746578006	-73.82627197482888
1025.2341890242	-73.86118907557736
1028.5622033905995	-73.8879563467113
1035.983663918062	-73.92701660981744
1043.4051244455243	-73.9439991013566
1050.8265849729867	-73.95098273846699
1058.248045500449	-73.95332278912548
1065.6695060279114	-73.94958240955518
1073.0909665553738	-73.95018333523693
1080.5124270828362	-73.95581003510473
1087.9338876102986	-73.95744178115686
1095.355348137761	-73.96302606916147
1102.7768086652234	-73.96413323023184
1110.1982691926858	-73.95022885351256
1114.885725037268	-73.94831003474513
1119.5731808818502	-73.94973520777341
1124.2606367264325	-73.95434031200028
1130.999999999975	-73.9570981583669
1131.0000000000127	-73.9570981583669
