t	v
0.0	-80.0
0.0027891128280238624	-79.99620028130896
0.00834809195814862	-79.98839669552515
0.01852865384482339	-79.97377875674037
0.02870921573149816	-79.95897243680447
0.048174148448974025	-79.93029938405174
0.0676390811664499	-79.90116569818795
0.12784311619004046	-79.80815830788889
0.18804715121363103	-79.71148695819289
0.2482511862372216	-79.61213685502634
0.30845522126081215	-79.51099318737509
0.40575088206818666	-79.34552375070575
0.5656862643638814	-79.0711471741641
0.7256216466595761	-78.79595620559178
0.9755913495503549	-78.36857415310712
1.2255610524411336	-77.94785531043323
1.6819484454032685	-77.20311582340797
2.1383358383654034	-76.49449765062913
2.594723231327538	-75.82418013495224
3.051110624289673	-75.19197203937081
3.5074980172518075	-74.5974301448117
4.385031527663812	-73.55762444707409
5.262565038075816	-72.6487819394881
6.14009854848782	-71.86334097292719
7.486005597968268	-70.87713089354365
8.831912647448716	-70.12355387685297
10.177819696929165	-69.5672080339947
11.523726746409613	-69.17434954336768
13.617863657801635	-68.81735426709297
15.712000569193656	-68.68946597915462
17.806137480585676	-68.71824351151265
19.900274391977696	-68.85356514029802
21.994411303369716	-69.05777840957516
24.088548214761737	-69.30033009901837
26.182685126153757	-69.56905701243065
28.276822037545777	-69.84984519249089
30.370958948937798	-70.12749646957704
32.46509586032982	-70.40481146476506
34.55923277172184	-70.67592623196401
36.65336968311386	-70.92456779166281
38.04746771138691	-71.08178197078404
39.44156573965996	-71.23789402706356
40.835663767933006	-71.39167483024657
42.229761796206056	-71.53899938274418
43.623859824479105	-71.67653474344968
45.81772773519288	-71.87697198816328
48.01159564590666	-72.05960597064416
50.20546355662044	-72.22685345964415
52.399331467334214	-72.37722103630024
54.59319937804799	-72.51132237766427
56.78706728876177	-72.63160487535201
58.980935199475546	-72.73808506830426
61.17480311018932	-72.83170848234744
63.3686710209031	-72.91467566867047
65.56253893161687	-72.98703726041056
67.75640684233065	-73.04927350316214
69.95027475304443	-73.10347915835446
72.1441426637582	-73.14998518609976
74.33801057447198	-73.18899563411226
76.53187848518576	-73.2224424277396
78.72574639589953	-73.25070938550502
80.91961430661331	-73.27366486859023
83.11348221732709	-73.29302610684643
85.30735012804087	-73.30916856562678
87.50121803875464	-73.32167686796681
89.69508594946842	-73.33173088455919
91.8889538601822	-73.33982783781285
94.08282177089598	-73.34618699651415
96.27668968160975	-73.35133830181165
99.73360147766175	-73.35716510486472
103.19051327371375	-73.36074116777294
106.64742506976575	-73.36291897671781
110.10433686581774	-73.36406521021331
117.50456484841088	-73.36416702946619
124.90479283100402	-73.36393502035084
132.30502081359714	-73.36282479816647
139.7052487961903	-73.36209336227878
147.10547677878344	-73.36269295450494
154.5057047613766	-73.36279535447409
161.90593274396974	-73.36197353523353
169.3061607265629	-73.36302173786703
176.70638870915604	-73.36499084584861
184.1066166917492	-73.3650838718813
191.50684467434235	-73.36634880225542
198.9070726569355	-73.36730734871551
206.30730063952865	-73.36544318906908
213.7075286221218	-73.36532867092667
221.10775660471495	-73.36867800445063
228.5079845873081	-73.36813645892721
235.90821256990125	-73.36780302145036
243.3084405524944	-73.36737609020304
254.60298114467633	-73.367803126177
265.89752173685827	-73.36804016194749
277.1920623290402	-73.36763591564728
295.0033746595378	-73.36913117589233
312.81468699003545	-73.36804055384512
322.05199646145024	-73.36866849855453
331.28930593286503	-73.36876881593882
340.5266154042798	-73.36863796397826
349.7639248756946	-73.36943926969784
359.0012343471094	-73.37003829320557
368.2385438185242	-73.36888254224935
377.475853289939	-73.3688244270738
382.4693910098056	-73.36914291604614
387.46292872967217	-73.3693980512678
392.45646644953877	-73.37006603623988
400.42479915962184	-73.36965637668492
408.3931318697049	-73.36972737227592
416.361464579788	-73.3700854565649
431.856847566198	-73.36954486965307
447.352230552608	-73.36973710252366
462.84761353901797	-73.37050311937624
492.6103440465609	-73.3697545595082
522.3730745541038	-73.36651004183756
530.9999999999882	-73.36841542588482
531.0000000000059	-73.36841542588482
531.0006486505374	-73.34674247463587
531.0012973010689	-73.3262989890262
531.0024559683286	-73.29241879222874
531.0036146355883	-73.26051142016121
531.0057548651997	-73.20630012737047
531.0078950948111	-73.15564526002213
531.0118499813717	-73.06811684318997
531.0158048679323	-72.98689294920787
531.0247236068569	-72.81963475287974
531.0336423457816	-72.66850029811752
531.0425610847062	-72.52790977327366
531.0514798236309	-72.39480385744093
531.0603985625555	-72.26750857289366
531.0750665647768	-72.06831983643433
531.089734566998	-71.87965116409289
531.1206423659034	-71.50954545211258
531.1515501648089	-71.16807209473068
531.1824579637143	-70.84914414947127
531.2133657626198	-70.54939119059144
531.2442735615252	-70.26629357534027
531.2988617282405	-69.80088192576898
531.3534498949557	-69.37171135045034
531.4080380616709	-68.97202643561549
531.4626262283862	-68.59719513409037
531.5472781703061	-68.05780758392712
531.631930112226	-67.56056911419263
531.7165820541459	-67.09811337330092
531.8465594218766	-66.44406590334115
531.9765367896073	-65.84538190658286
532.106514157338	-65.29173671009153
532.3406303122919	-64.384411055458
532.5747464672457	-63.568706283361166
532.8088626221996	-62.82623302347058
533.0429787771535	-62.14344584200055
533.2770949321074	-61.509369907361425
533.5112110870613	-60.916346921382605
533.8657681223216	-60.08431017642163
534.2203251575819	-59.31978801792289
534.5748821928422	-58.609472210534406
534.9294392281025	-57.94117463655749
535.2839962633628	-57.30299247886759
535.6385532986232	-56.688277732398795
535.9931103338835	-56.084528044464875
536.3476673691438	-55.47759818534009
536.7022244044041	-54.845546813130674
537.0567814396644	-54.16771006888286
537.4113384749247	-53.413473974637846
537.765895510185	-52.501757580930246
538.1204525454453	-51.25387540508101
538.2090918042604	-50.84310250804591
538.2977310630755	-50.35024969276227
538.3863703218906	-49.74733736974201
538.4750095807057	-48.9868830291472
538.5636488395207	-47.96191493487918
538.6522880983358	-46.431284929142436
538.6744479130396	-45.91171975104868
538.6899280476125	-45.48787627318854
538.7054081821855	-45.00101873851785
538.7208883167584	-44.436423671773206
538.7363684513314	-43.77253166058801
538.7518485859043	-42.97609907727659
538.7673287204773	-41.99580137676522
538.7771526366025	-41.24483509750115
538.7869765527278	-40.36263670840954
538.796800468853	-39.316846894069215
538.8066243849782	-38.07064282829904
538.8164483011035	-36.58605376059315
538.8262722172287	-34.829630873166835
538.836096133354	-32.77866614920973
538.8459200494792	-30.42646351536351
538.8557439656045	-27.77971396837247
538.8655678817297	-24.84431453931686
538.875391797855	-21.60961301751604
538.8852157139802	-18.044017814522395
538.8950396301054	-14.108858549367971
538.9048635462307	-9.782642829688413
538.9146874623559	-5.086295672762213
538.9245113784812	-0.10639457229224014
538.9343352946064	4.986701498730935
538.9441592107316	9.966446044976019
538.9539831268569	14.605327650722025
538.9638070429821	18.730533410190752
538.9736309591074	22.249052773967378
538.9834548752326	25.14827510690012
538.9932787913579	27.468358406252797
539.0031027074831	29.278350870489376
539.0129266236083	30.65701150073883
539.0227505397336	31.67959315041337
539.0325744558588	32.41142691268645
539.0423983719841	32.90671066505998
539.0522222881093	33.209612807018566
539.0674078209194	33.38062497289159
539.0825933537294	33.27611415214149
539.0977788865395	32.966939547602024
539.1129644193495	32.504203539292526
539.1281499521596	31.924155994897173
539.1433354849696	31.25204595483861
539.1585210177797	30.506108787961388
539.1737065505897	29.700391755608702
539.1888920833998	28.84599092272996
539.2117865709595	27.484345772821577
539.2346810585192	26.052654479676832
539.2575755460789	24.566264710634723
539.2804700336386	23.03665424784662
539.3033645211983	21.473543726974768
539.326259008758	19.88517207306154
539.3491534963177	18.278376807858372
539.3720479838775	16.658855683582235
539.3949424714372	15.031380377875166
539.4324810299387	12.356002750702261
539.4700195884402	9.683664758182113
539.5075581469417	7.023991194498291
539.5450967054433	4.383545154062516
539.5826352639448	1.7671074271026197
539.6201738224463	-0.8214849999966973
539.6577123809478	-3.37999457273543
539.6952509394494	-5.908026623276677
539.7327894979509	-8.406271047052325
539.7703280564524	-10.876108659539522
539.8078666149539	-13.318561953845398
539.8454051734554	-15.710338405592044
539.882943731957	-18.04264104290562
539.9204822904585	-20.32207199138493
539.95802084896	-22.555804388767314
539.9955594074615	-24.744423367948855
540.0330979659631	-26.887741375574986
540.0706365244646	-28.990754188903573
540.1081750829661	-31.06060750367541
540.1457136414676	-33.10311355695467
540.1832521999692	-35.117015079402535
540.2207907584707	-37.09815878909655
540.2583293169722	-39.0418507070564
540.2958678754737	-40.94545981070937
540.3334064339753	-42.80745067621699
540.3709449924768	-44.64056667184814
540.4084835509783	-46.44427345026987
540.4460221094798	-48.19697320807827
540.4835606679814	-49.8699802863911
540.5210992264829	-51.43496978840657
540.5586377849844	-52.86729653330551
540.5961763434859	-54.151368521211836
540.6337149019874	-55.28446994524269
540.671253460489	-56.2750816004916
540.7087920189905	-57.137545356422216
540.746330577492	-57.88766581071183
540.7838691359935	-58.540822313021536
540.8482717659066	-59.4757704466715
540.9126743958196	-60.228813431817095
540.9770770257327	-60.848928565440474
541.0414796556457	-61.37110585311258
541.1058822855588	-61.819207856829074
541.1702849154718	-62.20978000062471
541.2346875453849	-62.554755063502334
541.3376280658523	-63.03350781438153
541.4405685863197	-63.44300242837984
541.5435091067872	-63.797098100409464
541.6464496272546	-64.10474779077512
541.749390147722	-64.37275523929341
541.8523306681894	-64.60672215635132
542.0249271500074	-64.93494913531636
542.1975236318254	-65.19586839414671
542.3701201136435	-65.39863522276355
542.5427165954615	-65.54923133838551
542.7153130772795	-65.65408061478617
542.8879095590975	-65.72047967081188
543.1852043237254	-65.76083489399579
543.4824990883534	-65.72682001230247
543.9401047188516	-65.5577632722799
544.3977103493497	-65.29029752600727
544.8553159798479	-64.94927455582078
545.312921610346	-64.55962673097689
545.7705272408442	-64.1331663357133
546.2281328713424	-63.68073754540822
546.6857385018405	-63.21983158139873
547.1433441323387	-62.76113460302553
547.6009497628369	-62.302659361140265
548.058555393335	-61.845775218864105
548.5161610238332	-61.399956776027146
548.9737666543314	-60.97015598531334
549.4313722848295	-60.549465848616705
549.8889779153277	-60.13633194628439
550.3465835458259	-59.739006825798214
550.804189176324	-59.364939666665464
551.2617948068222	-58.993230217167536
551.7194004373204	-58.624253290942484
552.1770060678185	-58.27806096621123
552.6346116983167	-57.970230994156644
553.0922173288149	-57.65722515390614
553.4138998967048	-57.41407609988438
553.6498366205583	-57.24475454102198
553.8857733444117	-57.08347268026836
554.1217100682652	-56.923218841601745
554.3576467921187	-56.75739712032328
554.5935835159721	-56.60242113913469
554.8295202398256	-56.45450347575309
555.0000235772449	-56.33622652288822
555.1705269146642	-56.21393250376216
555.3410302520834	-56.09298066907537
555.4653794015169	-56.00592945254034
555.5897285509503	-55.92226412297738
555.7140777003838	-55.84175144065803
555.8384268498172	-55.759995377652054
555.9627759992507	-55.67189958367454
556.0871251486841	-55.582713522188406
556.2114742981175	-55.496958415795575
556.335823447551	-55.4138877085376
556.4601725969844	-55.322729092460754
556.5845217464179	-55.233098341081806
556.670125819243	-55.1794446395612
556.7299813830832	-55.13768499766505
556.7898369469234	-55.090935002312406
556.8496925107636	-55.044387297573664
556.9095480746038	-55.001590087551506
556.969403638444	-54.95916845918314
557.0292592022842	-54.914001282790366
557.0891147661243	-54.86749016578543
557.1489703299645	-54.822585696159955
557.2088258938047	-54.77768036909909
557.2686814576449	-54.731123364993515
557.3285370214851	-54.68406404715858
557.3883925853253	-54.63870384543782
557.4482481491655	-54.59247737935086
557.5081037130057	-54.543568436355045
557.5679592768458	-54.49374696459107
557.627814840686	-54.446655554908645
557.6876704045262	-54.39933928028498
557.7475259683664	-54.34868044011154
557.8073815322066	-54.29559481086653
557.8672370960468	-54.24560307194096
557.927092659887	-54.19870977125991
557.9869482237272	-54.148946502272054
558.0468037875673	-54.094396813128526
558.1066593514075	-54.03871959435718
558.1665149152477	-53.985167104981464
558.2263704790879	-53.93051385938732
558.2862260429281	-53.872731451820925
558.3460816067683	-53.81422450894217
558.4059371706085	-53.7577879091079
558.4657927344487	-53.6990432034693
558.5256482982888	-53.63564822270301
558.585503862129	-53.570734425947954
558.6453594259692	-53.509978843123754
558.7052149898094	-53.447447387818194
558.74883235877	-53.394831630240546
558.7809324107186	-53.35598188106146
558.8130324626673	-53.31995542866933
558.8451325146159	-53.2848103706238
558.8772325665645	-53.24747136386324
558.9093326185132	-53.20802299299413
558.9414326704618	-53.168661781429776
558.9735327224105	-53.12998921236887
559.0056327743591	-53.09052077273708
559.0377328263078	-53.04946872440906
559.0882012792407	-52.98254858368134
559.1386697321736	-52.914026510529986
559.1891381851066	-52.84451339943033
559.2396066380395	-52.77319913929619
559.2900750909724	-52.69991851936019
559.3812211318847	-52.56164931248826
559.4723671727969	-52.41370147477763
559.5635132137091	-52.25418500659921
559.7025231654683	-51.985240563764805
559.9684081226483	-51.35470749551094
560.125200312152	-50.87503571583213
560.2819925016556	-50.25792343134607
560.4387846911593	-49.396700623111826
560.4779827385353	-49.12402641282821
560.5171807859113	-48.81483970875602
560.5563788332872	-48.460855121599316
560.5955768806632	-48.05075777510451
560.6553083810118	-47.27034176308748
560.6702412560988	-47.03814997751773
560.6851741311859	-46.78581236873917
560.700107006273	-46.50993473634364
560.7150398813601	-46.20651394641003
560.7426317002868	-45.553431502645616
560.7600255285178	-45.06389366019438
560.7774193567487	-44.49370741792075
560.7948131849797	-43.81620543972132
560.8122070132107	-42.99164467079786
560.8296008414417	-41.95945093872694
560.839844282875	-41.22194274505016
560.8500877243083	-40.35725980344612
560.8603311657416	-39.33415091968492
560.870574607175	-38.117485501137786
560.8808180486083	-36.6706255843508
560.8870646270211	-35.65998373547077
560.893311205434	-34.54469302730266
560.8995577838468	-33.32090839664042
560.9058043622597	-31.986725891444074
560.9120509406725	-30.54205044172436
560.921998974341	-28.016229624227588
560.9319470080095	-25.214675879285537
560.941895041678	-22.129776025080666
560.9518430753465	-18.74124301287911
560.9617911090149	-15.017846095337475
560.9717391426834	-10.943755592053806
560.9816871763519	-6.5335140428233105
560.9916352100204	-1.8514741229357776
561.0015832436889	2.9659226519789845
561.0115312773573	7.729536832034359
561.0214793110258	12.237921189521366
561.0314273446943	16.32431789945001
561.0413753783628	19.885423566581412
561.0513234120313	22.88543477890884
561.0612714456997	25.34178975546815
561.0712194793682	27.30461894129803
561.0811675130367	28.838492925761283
561.0911155467052	30.00985285956264
561.1010635803736	30.879981282528803
561.1110116140421	31.50201045999066
561.1209596477106	31.92037954773602
561.1309076813791	32.17149110645126
561.1408557150476	32.28482354960851
561.150803748716	32.28411503504023
561.1667478535933	32.09123916121319
561.1826919584705	31.71304496545306
561.1986360633477	31.19318483417237
561.214580168225	30.561748419897555
561.2305242731022	29.840907148000603
561.2464683779795	29.048074210825412
561.2624124828567	28.196723344811687
561.2875943826953	26.757079348719515
561.3127762825338	25.22581126161514
561.3379581823724	23.62271500711233
561.363140082211	21.96403654399038
561.3883219820495	20.26361720112063
561.4135038818881	18.532590741609976
561.4386857817267	16.779675059153437
561.4638676815653	15.01189961268877
561.4890495814038	13.235225697290941
561.5142314812424	11.454732447928668
561.539413381081	9.674548094936837
561.5645952809195	7.897860449420773
561.5897771807581	6.127097977908461
561.6281705307179	3.443159221798498
561.6665638806776	0.7830600813497723
561.7049572306373	-1.8492680211768011
561.743350580597	-4.451728946328689
561.7817439305568	-7.023638557082162
561.8201372805165	-9.565761988240508
561.8585306304763	-12.078634300796443
561.896923980436	-14.5573979359789
561.9353173303957	-16.97472938477017
561.9737106803555	-19.336906552260796
562.0121040303152	-21.65016224920791
562.0504973802749	-23.918198781259843
562.0888907302347	-26.138289384202558
562.1272840801944	-28.315190541695664
562.1656774301541	-30.454595172901865
562.2040707801139	-32.564316194636326
562.2424641300736	-34.642781710141215
562.2808574800333	-36.687007835373215
562.319250829993	-38.689450943251074
562.3576441799528	-40.64711830122424
562.3960375299125	-42.559287655873376
562.4344308798723	-44.43076586256384
562.472824229832	-46.26229390433803
562.5112175797917	-48.03494586939262
562.5496109297515	-49.71970288851474
562.5880042797112	-51.29003610710148
562.6263976296709	-52.72495353104062
562.6647909796307	-54.01111112178504
562.7031843295904	-55.14678764226899
562.7415776795501	-56.141305668019875
562.7799710295099	-57.00968664357769
562.8183643794696	-57.767951020929836
562.8567577294293	-58.431324574933996
562.9190464850944	-59.34032442845314
562.9813352407596	-60.086955778951705
563.0436239964247	-60.71186841525946
563.1059127520898	-61.24493500924917
563.1682015077549	-61.70757652388714
563.23049026342	-62.11511969316257
563.2927790190852	-62.47862020492908
563.3550677747503	-62.80613581173317
563.455675697319	-63.27266884591482
563.5562836198876	-63.67765867831413
563.6568915424563	-64.03391249637114
563.8274035503795	-64.5493818450233
563.9979155583027	-64.96895913235201
564.1684275662259	-65.31328175331771
564.3389395741491	-65.59082454680006
564.5094515820723	-65.80766171209785
564.6799635899955	-65.97417970498468
564.8504755979187	-66.10059359577416
565.1080412414376	-66.22820779311142
565.3656068849565	-66.2915178542028
565.6231725284754	-66.29965094519999
566.0375685548207	-66.22050695111973
566.4519645811661	-66.0519671770721
566.8663606075114	-65.82041239803574
567.2807566338568	-65.54520903687674
567.6951526602021	-65.23761106077828
568.1095486865474	-64.90669016721367
568.5239447128928	-64.56111514409838
569.16282172062	-64.01469374318171
569.8016987283471	-63.4664453296103
570.4405757360743	-62.92750306708992
571.0794527438014	-62.404775016184736
571.7183297515286	-61.90276033075749
572.3572067592557	-61.42364572419421
572.9960837669829	-60.96918825102205
573.6349607747101	-60.539906257766134
574.2738377824372	-60.13553768158107
574.9127147901644	-59.75430789922874
575.5515917978915	-59.39624487183823
576.1904688056187	-59.05863479703734
576.8293458133459	-58.74321675321047
577.468222821073	-58.442448352183845
578.1070998288002	-58.16604867491191
578.7459768365273	-57.905543697492696
579.3848538442545	-57.652834807941
580.0237308519817	-57.41655199622237
580.6626078597088	-57.179438757900655
581.301484867436	-56.958012876336745
581.9403618751631	-56.763161769314536
582.5792388828903	-56.573175729391984
583.2181158906175	-56.386626233327874
583.8569928983446	-56.215612684102474
584.4958699060718	-56.05596951078237
585.134746913799	-55.896376255351676
585.7736239215261	-55.742263509553936
586.4125009292533	-55.59600375481707
587.0513779369804	-55.44982642988561
587.6902549447076	-55.32209980427402
588.3291319524348	-55.20347428433155
588.9680089601619	-55.09757891262259
589.6068859678891	-54.95345058697171
589.7666052198209	-54.91751106095112
589.9263244717528	-54.89257660293244
590.0860437236846	-54.869504950245776
590.2457629756165	-54.841573116799566
590.4054822275483	-54.810723443950025
590.5652014794802	-54.77894421071654
590.724920731412	-54.75148973490931
590.8846399833438	-54.72028576224054
591.0443592352757	-54.68663806297399
591.2040784872075	-54.65818443283777
591.3637977391394	-54.63131048501683
591.5235169910712	-54.60612370671218
591.6832362430031	-54.57400943309123
591.8429554949349	-54.54866145817507
591.9509911841392	-54.53525356327032
592.0590268733434	-54.51678968557631
592.1670625625477	-54.495533977713414
592.275098251752	-54.47408187283543
592.3831339409562	-54.45655460397687
592.4911696301605	-54.43843529202657
592.5992053193647	-54.420465207820314
592.707241008569	-54.40040081001998
592.8152766977732	-54.38365050643201
592.9233123869775	-54.36407370724402
592.9975873253134	-54.348146041897344
593.0718622636492	-54.33453926461462
593.1461372019851	-54.323290137284005
593.220412140321	-54.31264918016281
593.2946870786568	-54.300263364833334
593.4087504281563	-54.28025005089504
593.5228137776558	-54.26085461816333
593.6368771271552	-54.24176167697761
593.7509404766547	-54.222944302865955
593.9652135248012	-54.1864172212595
594.1794865729478	-54.1485566975492
594.5468524662681	-54.083954360337714
594.9142183595884	-54.01993829855192
595.5493632662714	-53.90750336198699
596.1845081729543	-53.79475464913423
596.5197701344156	-53.731554895978974
596.8550320958768	-53.667882265672525
597.1902940573381	-53.59879820028698
597.5255560187993	-53.52797004442722
597.8608179802605	-53.45502074515659
598.5298358920121	-53.29782320446857
599.1988538037637	-53.11441323184086
599.8678717155152	-52.914602888583715
600.0351261934532	-52.85464163717467
600.2023806713911	-52.790486116956664
600.369635149329	-52.72064704900419
600.536889627267	-52.647799182742105
600.7041441052049	-52.56829428902558
600.8713985831429	-52.48482294522398
601.0386530610808	-52.39177129447312
601.2059075390188	-52.29326978430296
601.3731620169567	-52.18362390912308
601.5404164948947	-52.06055170919857
601.7917476829256	-51.848848343602306
602.0430788709565	-51.589067594930455
602.2944100589874	-51.25982171514713
602.5457412470183	-50.82367289267563
602.608574044026	-50.6925651535201
602.6714068410337	-50.54833373803709
602.7807034826844	-50.2586204057059
602.8900001243352	-49.908644887516964
602.999296765986	-49.4698494607427
603.0541806303556	-49.20594670847517
603.1090644947253	-48.90163364241503
603.163948359095	-48.54572477721112
603.2188322234647	-48.11790083062602
603.2737160878344	-47.58863114193185
603.2986039362228	-47.30845792194304
603.3234917846112	-46.994608400289394
603.3483796329996	-46.638336184931134
603.373267481388	-46.22988986402753
603.3981553297764	-45.75319367465779
603.4106101981856	-45.48480484010057
603.4230650665949	-45.19148315371869
603.4355199350041	-44.86889360079674
603.4479748034133	-44.51131157510741
603.4604296718226	-44.112276945368954
603.4728845402318	-43.66250717163954
603.485339408641	-43.15030750408159
603.4918937070396	-42.85234511948365
603.4984480054381	-42.5308172343398
603.5050023038367	-42.18247007724871
603.5115566022353	-41.80358761760846
603.5181109006338	-41.38988938332151
603.5246651990324	-40.93644757783552
603.5312194974309	-40.43763563115479
603.5377737958295	-39.88711271680338
603.544328094228	-39.277558301669686
603.5508823926266	-38.60178455588034
603.5574366910251	-37.85153564794496
603.5639909894237	-37.01934353009242
603.5705452878223	-36.09719634821594
603.5770995862208	-35.07892907360419
603.5836538846194	-33.95851489028285
603.5902081830179	-32.73267969422868
603.5967624814165	-31.39866101589584
603.603316779815	-29.95648515912668
603.6098710782136	-28.405698350598907
603.6164253766121	-26.74707688418918
603.6229796750107	-24.979255178376945
603.6295339734093	-23.10002692992269
603.6360882718078	-21.105186222764583
603.6426425702064	-18.99035849747913
603.6491968686049	-16.748690460879192
603.6557511670035	-14.377595941533498
603.662305465402	-11.87756807754237
603.6688597638006	-9.255547289946321
603.6754140621991	-6.523341537592675
603.6819683605977	-3.703229329331081
603.6885226589962	-0.8267697355554254
603.6950769573948	2.0666544571429095
603.7016312557934	4.9327667849804175
603.7081855541919	7.726256192347653
603.7147398525905	10.404883235926729
603.721294150989	12.9329265893137
603.7278484493876	15.283416120691852
603.7344027477861	17.43894367293904
603.7409570461847	19.39122162335787
603.7475113445832	21.139786397003466
603.7540656429818	22.692425167775415
603.7606199413804	24.054984628598604
603.7671742397789	25.24158550158493
603.7737285381775	26.26678899047834
603.780282836576	27.14522441912854
603.790301842447	28.234492496998044
603.8003208483179	29.05927168434479
603.8103398541889	29.663814329160587
603.8203588600599	30.084828580279538
603.8303778659308	30.352013491997102
603.8403968718018	30.48978168681235
603.8561839015118	30.491930656251792
603.8719709312219	30.284740234843696
603.8877579609319	29.91384355886746
603.903544990642	29.412224720875518
603.919332020352	28.804993918795603
603.9351190500621	28.111950903427005
603.9509060797722	27.34853264750557
603.9760813412853	26.014266053095177
604.0012566027984	24.56632771464298
604.0264318643116	23.02901972722482
604.0516071258247	21.421983138513898
604.0767823873379	19.7616587668106
604.101957648851	18.061220276842008
604.1271329103641	16.33105084507308
604.1523081718773	14.579592295051931
604.1774834333904	12.814024673786461
604.2026586949036	11.04047882776231
604.2278339564167	9.263990283677526
604.266152453612	6.563161154944751
604.3044709508073	3.8749809437573064
604.3427894480026	1.2067833660129472
604.3811079451979	-1.436201156739015
604.4194264423932	-4.050211155001416
604.4577449395885	-6.633447198845205
604.4960634367837	-9.185352962983913
604.534381933979	-11.70648415231484
604.5727004311743	-14.197332417868283
604.6110189283696	-16.627375476706334
604.6493374255649	-18.999591908164188
604.6876559227602	-21.321200424929433
604.7259744199555	-23.599570464369442
604.7642929171508	-25.82920084561193
604.8026114143461	-28.01242522695645
604.8409299115414	-30.153648614423755
604.8792484087367	-32.26129858937506
604.917566905932	-34.333015421640546
604.9558854031272	-36.364375786700855
604.9942039003225	-38.34664818325399
605.0325223975178	-40.27582645121413
605.0708408947131	-42.147550066051444
605.1091593919084	-43.9661303030372
605.1474778891037	-45.737604099684205
605.185796386299	-47.448833715391295
605.2241148834943	-49.073643416671146
605.2624333806896	-50.58883523885293
605.3007518778849	-51.97826956113929
605.3390703750802	-53.231519748369685
605.3773888722754	-54.346312033780315
605.4157073694707	-55.3297143872298
605.454025866666	-56.194590161185886
605.513382664239	-57.33177840878824
605.5727394618119	-58.26794835310839
605.6320962593849	-59.048679951622944
605.6914530569578	-59.70957517045272
605.7508098545308	-60.277133461918545
605.8101666521037	-60.771315734386455
605.8695234496766	-61.207412514287284
605.9621456250543	-61.79895923074843
606.0547678004319	-62.30791031184338
606.1473899758096	-62.75315935648645
606.2400121511872	-63.14708319729425
606.3326343265649	-63.49848609538578
606.4730905209047	-63.9654919538596
606.6135467152446	-64.36679539106524
606.7540029095845	-64.71174032267321
606.8944591039244	-65.00664953017844
607.0349152982643	-65.25753646051304
607.2560720594344	-65.57746164681565
607.6624762207259	-65.97292203290091
608.0688803820175	-66.18240096356638
608.475284543309	-66.25438898969625
608.8816887046006	-66.22685147631385
609.2880928658922	-66.12618862396133
609.6944970271837	-65.96955880282242
610.1009011884753	-65.77077462712501
610.5073053497669	-65.54152938488728
610.9137095110584	-65.2909306183344
611.5622277635358	-64.8632973748625
612.2107460160132	-64.41880432268874
612.8592642684906	-63.97223727987865
613.507782520968	-63.5337635161597
614.1563007734454	-63.10944944316121
615.1646275957415	-62.48478979243182
616.1729544180376	-61.90762506093329
617.1812812403338	-61.38223282699
618.1896080626299	-60.90662147707756
619.197934884926	-60.480192618372186
620.2062617072221	-60.09275368745233
621.2145885295182	-59.74966044799208
622.2229153518143	-59.443280882255515
623.2312421741104	-59.17452506523995
624.2395689964065	-58.9207036892619
625.2478958187027	-58.693965125384324
626.2562226409988	-58.50348067532366
627.2645494632949	-58.33776516821518
628.272876285591	-58.187570442855254
629.2812031078871	-58.042264223370225
630.2895299301832	-57.91628028993474
631.2978567524793	-57.81436332618835
632.3061835747754	-57.75413518962926
633.3145103970716	-57.69218654575971
634.3228372193677	-57.61195811902609
635.3311640416638	-57.545316166745046
636.3394908639599	-57.50442108580428
637.347817686256	-57.4617439092193
638.3561445085521	-57.42021788205748
639.3644713308482	-57.38968197656529
640.3727981531443	-57.38153006112034
641.3811249754405	-57.359505752763596
642.3894517977366	-57.33206387125844
643.3977786200327	-57.329140483677676
644.4061054423288	-57.32504673081646
645.4144322646249	-57.317974438435755
646.422759086921	-57.32698257860181
647.4310859092171	-57.326104367080575
648.1257404933058	-57.32638004171325
648.8203950773944	-57.341399095360046
649.5150496614831	-57.350543548556985
650.2097042455717	-57.35315236970887
650.9043588296604	-57.363518262653294
651.599013413749	-57.36221685226885
652.2936679978377	-57.38610561065521
652.7498905483168	-57.40135865151923
653.2061130987959	-57.40226439577101
653.662335649275	-57.39923566563961
654.118558199754	-57.38663962689919
654.5747807502331	-57.38658690297824
655.0310033007122	-57.40138994725811
655.4872258511913	-57.41533325597521
655.9434484016704	-57.42226498176067
656.3996709521494	-57.42368617362208
656.8558935026285	-57.43596699896521
657.3121160531076	-57.44474895377931
657.7683386035867	-57.455954679990796
658.2245611540658	-57.44582340074112
658.6807837045449	-57.468841501266155
658.976147336764	-57.487405430589845
659.1825453730925	-57.484977136992505
659.3889434094209	-57.48301304147646
659.5953414457493	-57.48198823739702
659.8017394820778	-57.486197376734324
660.0081375184062	-57.488813802526856
660.2145355547347	-57.49427765783416
660.4209335910631	-57.49480820506544
660.6273316273915	-57.49852897038762
660.83372966372	-57.496720592401545
660.9765975022617	-57.494368128924755
661.1194653408035	-57.4968237059237
661.2623331793452	-57.50117805623383
661.405201017887	-57.50508368658756
661.5480688564287	-57.507102159424825
661.6909366949704	-57.50914174781492
661.8338045335122	-57.510785965523546
661.9766723720539	-57.512424776185476
662.1195402105957	-57.51388137379437
662.2624080491374	-57.51636535453683
662.4052758876792	-57.51866351495099
662.5481437262209	-57.52064472129546
662.6910115647627	-57.52187952799395
662.8338794033044	-57.523835987437614
662.9767472418462	-57.5258222470586
663.1196150803879	-57.52797418221379
663.2624829189297	-57.52941100658581
663.4053507574714	-57.531300250433745
663.5482185960132	-57.53303603993678
663.6910864345549	-57.535141916050364
663.8339542730967	-57.53734965926878
663.9768221116384	-57.53948895343985
664.1196899501801	-57.54122026702646
664.3810198351682	-57.544270821258166
664.6423497201563	-57.54749046708114
665.0447249964258	-57.55176807006944
665.7311016019671	-57.559058105475565
666.4174782075085	-57.56829222861717
667.1038548130498	-57.57475495319476
667.7902314185911	-57.58509353210265
668.4766080241325	-57.59385831278458
669.1629846296738	-57.60319884273739
669.8493612352152	-57.6077790248184
670.5357378407565	-57.61671854314723
671.2221144462978	-57.624299028790006
671.9084910518392	-57.63279609339212
672.5948676573805	-57.636472959569744
673.2812442629219	-57.64450717460627
673.9676208684632	-57.651027218726206
674.6539974740045	-57.658448054013384
675.3403740795459	-57.66112454071822
676.0267506850872	-57.66839437948098
676.7131272906286	-57.6740925228271
677.3995038961699	-57.68057929483517
678.0858805017112	-57.68229332677793
678.7722571072526	-57.68885292790025
679.4586337127939	-57.69387864195956
680.1450103183353	-57.6996390326033
680.8313869238766	-57.70054210963226
681.517763529418	-57.7064586337133
682.2041401349593	-57.710890862262055
682.8905167405006	-57.7160722783641
683.576893346042	-57.716310126545984
684.2632699515833	-57.7216672059597
684.9496465571247	-57.72556589604606
685.636023162666	-57.730256825369544
686.3223997682073	-57.72993388603556
687.0087763737487	-57.7348091116395
687.69515297929	-57.73823267535534
688.3815295848314	-57.74249322113117
689.0679061903727	-57.74168629467089
689.754282795914	-57.746142359307164
690.4406594014554	-57.749145115276825
691.1270360069967	-57.7530224591253
691.8134126125381	-57.75179314410804
692.4997892180794	-57.75588012468725
693.1861658236207	-57.758510852016634
693.8725424291621	-57.76204607386538
694.5589190347034	-57.76044733270778
695.2452956402448	-57.76420675056717
695.9316722457861	-57.76650854458518
696.6180488513274	-57.76973866428771
697.3044254568688	-57.7678173649447
697.9908020624101	-57.77128493187092
698.6771786679515	-57.77329556908842
699.3635552734928	-57.77625377349356
700.0499318790341	-57.77405138792257
700.7363084845755	-57.77725844851153
701.4226850901168	-57.779011025456846
702.1090616956582	-57.78172676100982
702.7954383011995	-57.77927970650038
703.4818149067409	-57.78225503914479
704.1681915122822	-57.78378034623734
704.8545681178235	-57.786282080578275
705.5409447233649	-57.78362481059204
706.2273213289062	-57.78639413715701
706.9136979344476	-57.78771804476856
707.6000745399889	-57.79002816382878
708.2864511455302	-57.787187670073
708.9728277510716	-57.78977224472005
709.6592043566129	-57.79091681195679
710.3455809621543	-57.793055080028985
711.0319575676956	-57.79005493212985
711.7183341732369	-57.79247380029996
712.4047107787783	-57.7934587712674
713.0910873843196	-57.79544302517589
713.777463989861	-57.792303952754416
714.4638405954023	-57.79457411655906
715.1502172009436	-57.79541692442696
715.836593806485	-57.79726300261947
716.5229704120263	-57.794003021862
717.2093470175677	-57.79613965187203
717.895723623109	-57.796855715237925
718.5821002286503	-57.79857769106039
719.2684768341917	-57.795212405027634
719.954853439733	-57.7972290408939
720.6412300452744	-57.7978320066896
721.3276066508157	-57.799442402600796
722.013983256357	-57.79598529422081
722.7003598618984	-57.79789403068737
723.3867364674397	-57.798395987520976
724.0731130729811	-57.79990596887011
724.7594896785224	-57.79636867081131
725.4458662840638	-57.798180330694365
726.1322428896051	-57.798591999109824
726.8186194951464	-57.80001154423821
727.5049961006878	-57.79640407932857
728.1913727062291	-57.798128371854666
728.8777493117705	-57.798459276914976
729.5641259173118	-57.79979732908915
730.2505025228531	-57.79612832501638
730.9368791283945	-57.797773989949576
731.6232557339358	-57.798032618412044
732.3096323394772	-57.799297223480735
732.9960089450185	-57.79557410577743
733.6823855505598	-57.79714904500146
734.3687621561012	-57.79734298888637
735.0551387616425	-57.79854142121327
735.7415153671839	-57.79477058754553
736.4278919727252	-57.796281985549776
737.1142685782665	-57.79641807330507
737.8006451838079	-57.79755695123434
738.4870217893492	-57.793743928912384
739.1733983948906	-57.795198362950465
739.8597750004319	-57.795282778798565
740.5461516059733	-57.79636816999254
741.2325282115146	-57.792517757729264
741.9189048170559	-57.79392129772747
742.6052814225973	-57.79395968925646
743.2916580281386	-57.79499720565598
743.97803463368	-57.79111359999204
744.6644112392213	-57.792471897783315
745.3507878447626	-57.79246947144242
746.037164450304	-57.793464353241006
746.7235410558453	-57.789551259673715
747.4099176613867	-57.79086962684474
748.096294266928	-57.79083123078004
748.7826708724693	-57.791788418645304
749.4690474780107	-57.787849147304726
750.155424083552	-57.78913262085745
750.8418006890934	-57.789062814465375
751.5281772946347	-57.78998700925913
752.214553900176	-57.786024554977985
752.9009305057174	-57.787277950141146
753.5873071112587	-57.78718105987745
754.2736837168001	-57.788076769334474
754.9600603223414	-57.78409387611258
755.6464369278827	-57.78532182591401
756.3328135334241	-57.78520198717567
757.0191901389654	-57.7860735593428
757.7055667445068	-57.782072769506826
758.3919433500481	-57.78327975115387
759.0783199555894	-57.7831409364983
759.7646965611308	-57.783992580203176
760.4510731666721	-57.77997626897663
761.1374497722135	-57.78116661757077
761.8238263777548	-57.781012652005906
762.5102029832962	-57.781848445128475
763.1965795888375	-57.77781884175417
763.8829561943788	-57.77899675240901
764.5693327999202	-57.778831317005285
765.2557094054615	-57.779655203850744
765.9420860110029	-57.775614400866694
766.6284626165442	-57.776783920793584
767.3148392220855	-57.77661054634498
768.0012158276269	-57.777426325879304
768.6875924331682	-57.77337627853621
769.3739690387096	-57.77454129107841
770.0603456442509	-57.77436334390971
770.7467222497922	-57.77517465099834
771.4330988553336	-57.771117169096804
772.1194754608749	-57.77228137201896
772.8058520664163	-57.772102034318756
773.4922286719576	-57.772912316346094
774.178605277499	-57.76884905095744
774.8649818830403	-57.77001593145019
775.5513584885816	-57.76983817862294
776.237735094123	-57.770650669965654
776.9241116996643	-57.7665830975069
777.6104883052056	-57.76775590637389
778.296864910747	-57.76758248385868
778.9832415162883	-57.768400180622606
779.6696181218297	-57.764329586659684
780.355994727371	-57.765511314029695
781.0423713329124	-57.7653447158746
781.7287479384537	-57.76617035309752
782.415124543995	-57.76209781798745
783.1015011495364	-57.76329117258489
783.7878777550777	-57.76313362372977
784.474254360619	-57.763969656919976
785.1606309661604	-57.759896045052656
785.8470075717017	-57.76110343869476
786.5333841772431	-57.760956882513156
787.2197607827844	-57.76180547495085
787.9061373883258	-57.75773142890624
788.5925139938671	-57.75895496740596
789.2788905994084	-57.758821059573876
789.9652672049498	-57.75968407632565
790.6516438104911	-57.75561001677318
791.3380204160325	-57.75685149792554
792.0243970215738	-57.75673160717826
792.7107736271151	-57.75761061626952
793.3971502326565	-57.75353674796666
794.0835268381978	-57.75479766679593
794.7699034437392	-57.75469288263463
795.4562800492805	-57.755589163322824
796.1426566548218	-57.75151548708573
796.8290332603632	-57.75279704804966
797.5154098659045	-57.752708195011444
798.2017864714459	-57.75362275267738
798.8881630769872	-57.74954908281886
799.5745396825286	-57.750852218276854
800.2609162880699	-57.750779876000905
800.9472928936112	-57.751713462802314
801.6336694991526	-57.747639449185044
802.3200461046939	-57.74896484310409
803.0064227102353	-57.74890937113267
803.6927993157766	-57.749862511306674
804.3791759213179	-57.74578766494964
805.0655525268593	-57.74713578061946
805.7519291324006	-57.747097346693884
806.438305737942	-57.74807036521735
807.1246823434833	-57.74399408624982
807.8110589490246	-57.745365196647256
808.497435554566	-57.74534380715367
809.1838121601073	-57.746336860401385
809.8701887656487	-57.74225846712691
810.55656537119	-57.74365268655879
811.2429419767313	-57.74364821778772
811.9293185822727	-57.7446613248538
812.615695187814	-57.740580082724456
813.3020717933554	-57.741997398450074
813.9884483988967	-57.74200962743398
814.674825004438	-57.743042700880025
815.3612016099794	-57.73895785029845
816.0475782155207	-57.74039815294612
816.7339548210621	-57.740426786757006
817.4203314266034	-57.741479661708404
818.1067080321448	-57.737390443746165
818.7930846376861	-57.738853555549824
819.4794612432274	-57.738898258163125
820.1658378487688	-57.73997071887699
820.8522144543101	-57.735876398187266
821.5385910598515	-57.73736209826762
822.2249676653928	-57.73742251429469
822.9113442709341	-57.73851431753734
823.5977208764755	-57.73441420195279
824.2840974820168	-57.73592224810005
824.9704740875582	-57.73599802292806
825.6568506930995	-57.73710891774034
826.3432272986408	-57.73300237426404
827.0296039041822	-57.73453252091356
827.7159805097235	-57.73462331701317
828.4023571152649	-57.7357530606434
829.0887337208062	-57.73163952773084
829.7751103263475	-57.73319154001678
830.4614869318889	-57.73329704936515
831.1478635374302	-57.734445419351765
831.8342401429716	-57.73032441555506
832.5206167485129	-57.731898079520406
833.2069933540542	-57.73201803227167
833.8933699595956	-57.733184834821984
834.5797465651369	-57.72905596401266
835.2661231706783	-57.73065109320147
835.9524997762196	-57.73078526286318
836.638876381761	-57.73197033780286
837.3252529873023	-57.727833291290686
838.0116295928436	-57.72944973005555
838.698006198385	-57.729597935536994
839.3843828039263	-57.730801158206674
840.0707594094677	-57.72665571415415
840.757136015009	-57.72829333810632
841.4435126205503	-57.728455443073486
842.1298892260917	-57.72967672360574
842.816265831633	-57.72552274417243
843.5026424371744	-57.72718145823307
844.1890190427157	-57.72735736824194
844.875395648257	-57.72859664869066
845.5617722537984	-57.72443407536696
846.2481488593397	-57.726113809899964
846.9345254648811	-57.726303467777356
847.6209020704224	-57.72756071756835
848.3072786759637	-57.723389565138596
848.9936552815051	-57.72509027064468
849.6800318870464	-57.72529365058762
850.3664084925878	-57.726568860748884
851.0527850981291	-57.7223892103062
851.7391617036704	-57.724110851127826
852.4255383092118	-57.72432795195295
853.1119149147531	-57.72562112854866
853.7982915202945	-57.721433119936286
854.4846681258358	-57.72317566737668
855.1710447313772	-57.723406505306876
855.8574213369185	-57.724717662454744
856.5437979424598	-57.72052148646808
857.2301745480012	-57.72228491168562
857.9165511535425	-57.72252951300952
858.6029277590839	-57.7238586658076
859.2893043646252	-57.719654556433085
859.9756809701665	-57.72143882341793
860.6620575757079	-57.72169721730595
861.3484341812492	-57.7230443749426
862.0348107867906	-57.71883260185227
862.7211873923319	-57.7206376607316
863.4075639978732	-57.720909872436586
864.0939406034146	-57.722275031705955
864.7803172089559	-57.71805589318644
865.4666938144973	-57.71988167405188
866.1530704200386	-57.720167718664385
866.83944702558	-57.721550858051486
867.5258236311213	-57.71732467448991
868.2122002366626	-57.719171081894395
868.898576842204	-57.719470958776235
869.5849534477453	-57.720872033227515
870.2713300532866	-57.7166391412271
870.957706658828	-57.7185060494455
871.6440832643693	-57.7188197374306
872.3304598699107	-57.7202386738947
873.016836475452	-57.71599942107366
873.7032130809934	-57.7178866701798
874.3895896865347	-57.718214123569524
875.075966292076	-57.719650817340295
875.7623428976174	-57.715405557825704
876.4487195031587	-57.71731295061945
877.1350961087	-57.71765409599799
877.8214727142414	-57.7191084078705
878.5078493197827	-57.714857498465484
879.1942259253241	-57.71678479823216
879.8806025308654	-57.71713953207837
880.5669791364068	-57.718611286306356
881.2533557419481	-57.71435508331297
881.9397323474894	-57.71630201239231
882.6261089530308	-57.71667019945438
883.3124855585721	-57.71815918246769
883.9988621641135	-57.71389803911375
884.6852387696548	-57.71586427823416
885.3716153751961	-57.71624575061953
886.0579919807375	-57.717751710453605
886.7443685862788	-57.713485974870316
887.4307451918202	-57.71547116318592
888.1171217973615	-57.71586572010221
888.8034984029028	-57.7173883664807
889.4898750084442	-57.71311838017068
890.1762516139855	-57.71512211593718
890.8626282195269	-57.715529524021186
891.5490048250682	-57.7170685290257
892.2353814306096	-57.712794625765454
892.9217580361509	-57.71481646758308
893.6081346416922	-57.71523646174193
894.2945112472336	-57.71679146099498
894.9808878527749	-57.712513966102264
895.6672644583163	-57.714553434651314
896.3536410638576	-57.714985719351034
897.0400176693989	-57.7165563136467
897.7263942749403	-57.712275543560835
898.4127708804816	-57.7143321237555
899.099147486023	-57.7147763746805
899.7855240915643	-57.716362131988156
900.4719006971056	-57.712078394104346
901.158277302647	-57.71415153759626
901.8446539081883	-57.71460740361536
902.5310305137297	-57.716207861391275
903.217407119271	-57.71192145409601
903.9037837248123	-57.714010582054854
904.5901603303537	-57.71447768743262
905.276536935895	-57.71609235517867
905.9629135414364	-57.7118035680457
906.6492901469777	-57.713908074155334
907.335666752519	-57.714386020942484
908.0220433580604	-57.716014382944635
908.7084199636017	-57.71172349704304
909.3947965691431	-57.71384275065177
910.0811731746844	-57.714331121211075
910.7675497802257	-57.71597263941444
911.4539263857671	-57.71167992770196
912.1403029913084	-57.713813277070344
912.8266795968498	-57.71431163667464
913.5130562023911	-57.715965753633505
914.1994328079325	-57.711671481398966
914.8858094134738	-57.707466948146156
915.5721860190151	-57.701382883207806
916.2585626245565	-57.701378233484
916.9449392300978	-57.69742657091467
917.6313158356392	-57.695457079142344
918.3176924411805	-57.69137454114936
919.0040690467218	-57.692982008448624
919.6904456522632	-57.68928945198492
920.3768222578045	-57.68786629120389
921.0631988633459	-57.68475594567051
921.7495754688872	-57.68767359187208
922.4359520744285	-57.68417463291233
923.1223286799699	-57.682922612669934
923.8087052855112	-57.680240325707054
924.4950818910526	-57.68414594987847
925.1814584965939	-57.688107381961856
925.8678351021352	-57.69417248829677
926.5542117076766	-57.696166251949094
927.2405883132179	-57.696588259662185
927.9269649187593	-57.692626668226204
928.6133415243006	-57.6958392282116
929.299718129842	-57.69854347606692
929.9860947353833	-57.70170892386398
930.6724713409246	-57.6991473958516
930.9999999999793	-57.69888505315562
931.0000000000103	-57.69888505315562
931.0006485617963	-57.7205546332294
931.0012971235823	-57.74099338219573
931.0024558337929	-57.77486673974787
931.0036145440034	-57.80676330853994
931.0057556476165	-57.86096280531837
931.0078967512296	-57.91159411934549
931.0118516494235	-57.9990252038004
931.0158065476174	-58.080136153244716
931.0247404321086	-58.24736598678396
931.0336743165998	-58.39838715552594
931.042608201091	-58.538818112366414
931.0515420855821	-58.671747043532314
931.0604759700733	-58.798867276709146
931.0751508601026	-58.99757483266231
931.0898257501318	-59.185872127611134
931.1209834946483	-59.55834627526445
931.1521412391647	-59.902507042507416
931.1832989836812	-60.2245702593068
931.2144567281977	-60.527848476157196
931.2456144727141	-60.81473515215112
931.3000000753099	-61.281718617378274
931.3543856779056	-61.712897615343735
931.4087712805014	-62.11432953871283
931.4631568830971	-62.49020488817468
931.5495692983046	-63.04200600322728
931.6359817135121	-63.547075397067374
931.7223941287197	-64.01329446828957
931.8559728464205	-64.67073729751078
931.9895515641214	-65.26578348984565
932.1231302818222	-65.81051987412708
932.356554997366	-66.66763169687812
932.5899797129097	-67.43043923144384
932.8234044284534	-68.11888696378655
933.0568291439971	-68.74763013044593
933.2902538595408	-69.32762209935068
933.5236785750845	-69.8664958224601
933.9194185988216	-70.70120502141792
934.3151586225587	-71.45145935620484
934.7108986462957	-72.12982725648482
935.1066386700328	-72.7467775301603
935.5023786937699	-73.31084333947302
936.1910498914345	-74.18587103639832
936.8797210890992	-74.9470803760459
937.5683922867639	-75.61212714231552
938.2570634844286	-76.19469942706503
938.9457346820933	-76.70633648370816
939.634405879758	-77.15618451810708
940.6993686962845	-77.74618028145652
941.764331512811	-78.22482230616001
942.8292943293376	-78.60698773045674
944.4866710294239	-79.03853884624537
946.1440477295101	-79.30311742602524
947.8014244295964	-79.42965816623123
949.4588011296827	-79.44143470633844
951.116177829769	-79.36013964260961
952.7735545298552	-79.20648399177061
955.3178248315149	-78.86478425624048
957.8620951331746	-78.43622002401726
960.4063654348344	-77.96326368832312
962.9506357364941	-77.48178069073505
965.4949060381538	-77.01217420671604
968.0391763398135	-76.56801860494582
970.5834466414732	-76.16092618349103
973.1277169431329	-75.79437366071839
975.6719872447926	-75.47004623650841
978.2162575464523	-75.18800369950418
980.760527848112	-74.94394700099986
983.3047981497717	-74.73672864616525
985.8490684514314	-74.56232476643932
988.3933387530911	-74.41412260538824
990.9376090547509	-74.29184568023439
993.4818793564106	-74.19067641780686
996.0261496580703	-74.10458198003464
998.57041995973	-74.03455540334392
1000.2457760770983	-73.99571095550182
1001.9211321944666	-73.96031908502522
1003.596488311835	-73.92872632303252
1005.2718444292033	-73.90049126398158
1006.9472005465716	-73.87490957643294
1008.6225566639399	-73.85264252600906
1010.2979127813082	-73.83283523867969
1011.9732688986766	-73.81458501758509
1013.6486250160449	-73.79807504124379
1015.3239811334132	-73.7828591757752
1016.9993372507815	-73.76865915479165
1018.6746933681499	-73.756003961772
1020.3500494855182	-73.7441618100445
1022.0254056028865	-73.73282082783334
1023.7007617202548	-73.72274059049302
1024.8554284158943	-73.71631812002835
1026.0100951115337	-73.70986005484133
1027.1647618071731	-73.70337451320526
1028.3194285028126	-73.69699673946471
1029.474095198452	-73.69083322031177
1031.4805654575537	-73.68077872751905
1033.4870357166553	-73.67163274472084
1035.493505975757	-73.66294722400319
1037.4999762348587	-73.65417790087258
1039.5064464939603	-73.64540080215076
1041.512916753062	-73.63687967696015
1043.5193870121636	-73.62892958390462
1045.5258572712653	-73.62157120465163
1047.532327530367	-73.61442801842232
1049.5387977894686	-73.60738515535974
1051.5452680485703	-73.6005401650746
1053.551738307672	-73.5937391130112
1055.5582085667736	-73.58711491310237
1057.5646788258753	-73.5808713480739
1058.9062475156231	-73.57681792746519
1060.247816205371	-73.57271513133404
1061.5893848951189	-73.56852354178548
1062.9309535848668	-73.5643357259497
1064.2725222746146	-73.5602564384492
1066.2905926861692	-73.55435861936935
1068.3086630977239	-73.54877580513629
1070.3267335092785	-73.54340365833873
1072.344803920833	-73.5381978697578
1074.3628743323877	-73.53315226338214
1076.3809447439423	-73.52822084816174
1080.3644082815508	-73.51895183139067
1084.3478718191593	-73.51022480895347
1092.1443840514025	-73.49450310209784
1099.9408962836458	-73.48059536707825
1113.8139171842984	-73.4593085424065
1127.686938084951	-73.44262115031849
1130.999999999975	-73.4387630419374
1131.0000000000127	-73.4387630419374
