t	v
0.0	-80.0
0.0027891128280238624	-79.99620028130896
0.00834809195814862	-79.98839669552515
0.01852865384482339	-79.97377875674037
0.02870921573149816	-79.95897243680447
0.048174148448974025	-79.93029938405174
0.0676390811664499	-79.90116569818795
0.12784311619004046	-79.80815830788889
0.18804715121363103	-79.71148695819289
0.2482511862372216	-79.61213685502634
0.30845522126081215	-79.51099318737509
0.40575088206818666	-79.34552375070575
0.5656862643638814	-79.0711471741641
0.7256216466595761	-78.79595620559178
0.9755913495503549	-78.36857415310712
1.2255610524411336	-77.94785531043323
1.6819484454032685	-77.20311582340797
2.1383358383654034	-76.49449765062913
2.594723231327538	-75.82418013495224
3.051110624289673	-75.19197203937081
3.5074980172518075	-74.5974301448117
4.385031527663812	-73.55762444707409
5.262565038075816	-72.6487819394881
6.14009854848782	-71.86334097292719
7.486005597968268	-70.87713089354365
8.831912647448716	-70.12355387685297
10.177819696929165	-69.5672080339947
11.523726746409613	-69.17434954336768
13.617863657801635	-68.81735426709297
15.712000569193656	-68.68946597915462
17.806137480585676	-68.71824351151265
19.900274391977696	-68.85356514029802
21.994411303369716	-69.05777840957516
24.088548214761737	-69.30033009901837
26.182685126153757	-69.56905701243065
28.276822037545777	-69.84984519249089
30.370958948937798	-70.12749646957704
32.46509586032982	-70.40481146476506
34.55923277172184	-70.67592623196401
36.65336968311386	-70.92456779166281
38.04746771138691	-71.08178197078404
39.44156573965996	-71.23789402706356
40.835663767933006	-71.39167483024657
42.229761796206056	-71.53899938274418
43.623859824479105	-71.67653474344968
45.81772773519288	-71.87697198816328
48.01159564590666	-72.05960597064416
50.20546355662044	-72.22685345964415
52.399331467334214	-72.37722103630024
54.59319937804799	-72.51132237766427
56.78706728876177	-72.63160487535201
58.980935199475546	-72.73808506830426
61.17480311018932	-72.83170848234744
63.3686710209031	-72.91467566867047
65.56253893161687	-72.98703726041056
67.75640684233065	-73.04927350316214
69.95027475304443	-73.10347915835446
72.1441426637582	-73.14998518609976
74.33801057447198	-73.18899563411226
76.53187848518576	-73.2224424277396
78.72574639589953	-73.25070938550502
80.91961430661331	-73.27366486859023
83.11348221732709	-73.29302610684643
85.30735012804087	-73.30916856562678
87.50121803875464	-73.32167686796681
89.69508594946842	-73.33173088455919
91.8889538601822	-73.33982783781285
94.08282177089598	-73.34618699651415
96.27668968160975	-73.35133830181165
99.73360147766175	-73.35716510486472
103.19051327371375	-73.36074116777294
106.64742506976575	-73.36291897671781
110.10433686581774	-73.36406521021331
117.50456484841088	-73.36416702946619
124.90479283100402	-73.36393502035084
132.30502081359714	-73.36282479816647
139.7052487961903	-73.36209336227878
147.10547677878344	-73.36269295450494
154.5057047613766	-73.36279535447409
161.90593274396974	-73.36197353523353
169.3061607265629	-73.36302173786703
176.70638870915604	-73.36499084584861
184.1066166917492	-73.3650838718813
191.50684467434235	-73.36634880225542
198.9070726569355	-73.36730734871551
206.30730063952865	-73.36544318906908
213.7075286221218	-73.36532867092667
221.10775660471495	-73.36867800445063
228.5079845873081	-73.36813645892721
235.90821256990125	-73.36780302145036
243.3084405524944	-73.36737609020304
254.60298114467633	-73.367803126177
265.89752173685827	-73.36804016194749
277.1920623290402	-73.36763591564728
295.0033746595378	-73.36913117589233
312.81468699003545	-73.36804055384512
322.05199646145024	-73.36866849855453
331.28930593286503	-73.36876881593882
340.5266154042798	-73.36863796397826
349.7639248756946	-73.36943926969784
359.0012343471094	-73.37003829320557
368.2385438185242	-73.36888254224935
377.475853289939	-73.3688244270738
382.4693910098056	-73.36914291604614
387.46292872967217	-73.3693980512678
392.45646644953877	-73.37006603623988
400.42479915962184	-73.36965637668492
408.3931318697049	-73.36972737227592
416.361464579788	-73.3700854565649
431.856847566198	-73.36954486965307
447.352230552608	-73.36973710252366
462.84761353901797	-73.37050311937624
492.6103440465609	-73.3697545595082
522.3730745541038	-73.36651004183756
530.9999999999882	-73.36841542588482
531.0000000000059	-73.36841542588482
531.0009173310843	-73.38341132012496
531.0018346621628	-73.3973724140186
531.0037656016555	-73.42394290827421
531.0067293707069	-73.46054665878883
531.0096931397584	-73.49422614540866
531.0126569088098	-73.52573523670996
531.0191537214594	-73.5898784550077
531.0256505341089	-73.64911796294608
531.0409370422469	-73.77592421211499
531.056223550385	-73.88988770917568
531.071510058523	-73.99545280336699
531.0867965666611	-74.09491338563728
531.1020830747991	-74.18950579323601
531.1286912083691	-74.34503317207334
531.1552993419391	-74.49041990208843
531.1982100778151	-74.70817274219807
531.2411208136912	-74.90839086230899
531.3086264339415	-75.19528877329329
531.3761320541919	-75.45486916508078
531.4833164267194	-75.82470142210809
531.5905007992469	-76.15608155394655
531.6976851717744	-76.45831505306364
531.8048695443019	-76.73689787684648
531.9120539168294	-76.99576705267728
532.0863847865111	-77.38217608731163
532.2607156561927	-77.73478759370967
532.4350465258743	-78.06100904300224
532.7013687711813	-78.51883364810207
532.9676910164882	-78.93768864015084
533.2340132617951	-79.32490823012769
533.7386698571189	-79.98945400263064
534.2433264524427	-80.57902696019632
534.7479830477665	-81.10492223268467
535.2526396430903	-81.57713240561819
535.7572962384141	-82.00455727832832
536.5219952267072	-82.5796963381315
537.2866942150002	-83.07908447889308
538.0513932032933	-83.51196274900902
538.8160921915863	-83.88622019857611
539.5807911798794	-84.20896360865737
540.7765762467691	-84.62355270656356
541.9723613136588	-84.9424710709112
543.1681463805485	-85.17831088918155
544.3639314474382	-85.34176755352753
545.5597165143279	-85.44251924539104
547.4766343202981	-85.49427769479551
549.3935521262683	-85.43662212257671
551.3104699322386	-85.29463771428749
553.2273877382088	-85.09002756698803
555.144305544179	-84.8416869722644
557.0612233501492	-84.56563546107402
560.8208566596894	-83.99188957007648
564.5804899692296	-83.43316996844167
568.3401232787697	-82.9304772676387
572.0997565883099	-82.50458371958386
575.8593898978501	-82.16188649608905
579.6190232073902	-81.89610318369041
583.3786565169304	-81.69725017371135
587.1382898264706	-81.55350350401794
590.8979231360107	-81.45125314079426
594.6575564455509	-81.3835940875028
597.2725552070312	-81.35290461851376
599.8875539685116	-81.33138919285524
602.502552729992	-81.31748033350485
605.1175514914723	-81.30885031092055
607.7325502529527	-81.30269301391719
610.3475490144331	-81.29959667950872
612.9625477759134	-81.29925768788624
615.5775465373938	-81.30001367908747
618.1925452988742	-81.30158410998818
620.8075440603545	-81.30307997661707
623.4225428218349	-81.30322167468896
626.0375415833153	-81.30417273545302
628.6525403447956	-81.30654627352537
631.267539106276	-81.30861919822766
633.8825378677564	-81.30891743607084
636.4975366292367	-81.3076456708771
639.1125353907171	-81.30589290279727
641.7275341521974	-81.3046339674113
644.3425329136778	-81.30381408112146
646.9575316751582	-81.3029909639081
649.5725304366385	-81.30190307594393
652.1875291981189	-81.3005698310243
654.8025279595993	-81.29921376114935
657.4175267210796	-81.29790273240016
660.03252548256	-81.29656187296042
662.6475242440404	-81.2952179586677
665.2625230055207	-81.29399584077035
667.8775217670011	-81.29288718320007
670.4925205284815	-81.29186634216995
673.1075192899618	-81.29092870989507
675.7225180514422	-81.28995917820305
678.3375168129226	-81.28898071086793
680.9525155744029	-81.2881613868222
683.5675143358833	-81.28735615669726
686.1825130973637	-81.28647137043522
687.9393428766377	-81.28592888159697
689.6961726559118	-81.28554291701134
691.4530024351859	-81.2853860873253
693.20983221446	-81.28536204118842
694.9666619937341	-81.28521674822736
696.7234917730082	-81.284844631317
698.4803215522822	-81.28433697820033
700.2371513315563	-81.28374554620453
701.9939811108304	-81.2831960846269
703.7508108901045	-81.28282661711413
705.5076406693786	-81.28257656055965
707.2644704486527	-81.28235534315814
709.0213002279268	-81.2821500577245
710.7781300072008	-81.28183564008378
712.5349597864749	-81.28143301001599
714.291789565749	-81.28110337052814
716.0486193450231	-81.2807471374677
717.8054491242972	-81.2803874511425
719.5622789035713	-81.28016744160259
720.7190502335733	-81.28003834778161
721.8758215635753	-81.27979533023242
723.0325928935773	-81.27944101789681
724.1893642235793	-81.2790641917116
725.3461355535813	-81.27876516456917
726.5029068835834	-81.278592079871
727.6596782135854	-81.2785037552922
728.8164495435874	-81.27843910511204
729.9732208735894	-81.2783741631053
731.1299922035914	-81.27830341291272
732.2867635335934	-81.27823708810897
734.1606845620304	-81.27814055009996
736.0346055904673	-81.27803476037074
737.9085266189043	-81.2778832050278
739.7824476473412	-81.27772954838836
741.6563686757781	-81.27761290410552
743.5302897042151	-81.27752530358813
746.7425280304989	-81.27742252600271
749.9547663567827	-81.27732976661964
755.3604280164705	-81.27715185376965
765.5965641386216	-81.27670597236114
775.8327002607728	-81.27629164947116
791.4753811382973	-81.27577747908018
822.6155748295811	-81.2753767227101
853.7557685208649	-81.27495115538723
884.8959622121487	-81.27443315143088
916.0361559034325	-81.27466813918647
930.9999999999793	-81.27445128047252
931.0000000000103	-81.27445128047252
931.0009173306098	-81.25945565030982
931.0018346612093	-81.2454948141867
931.003765568795	-81.21892523161017
931.0067292148085	-81.18232357075416
931.009692860822	-81.148645993408
931.0126565068356	-81.11713866857596
931.0191532622672	-81.05299701713398
931.0256500176988	-80.99375878306957
931.0409309361316	-80.86699619918429
931.0562118545645	-80.75306345430046
931.0714927729973	-80.64751807530457
931.0867736914302	-80.54806656433571
931.102054609863	-80.45347283090788
931.1286315497265	-80.2980417965743
931.15520848959	-80.15270971196485
931.198105970105	-79.93479518859549
931.2410034506199	-79.73437624216488
931.3084562791703	-79.4472400725223
931.3759091077206	-79.18735947139602
931.4830655995289	-78.81682402127235
931.5902220913372	-78.48478762355414
931.6973785831455	-78.18199950022523
931.8045350749537	-77.90299298353875
931.911691566762	-77.64385464120525
932.0861365918732	-77.25704531386238
932.2605816169845	-76.90460362566135
932.4350266420957	-76.579146759373
932.7020948780659	-76.12273953843325
932.969163114036	-75.70691204075612
933.236231350006	-75.32429888843772
933.7416469309685	-74.67351529033857
934.247062511931	-74.10291592611132
934.7524780928934	-73.60063925633979
935.2578936738558	-73.15632214136821
935.7633092548183	-72.76055444332063
936.524457459587	-72.24177070054982
937.2856056643557	-71.80260334467624
938.0467538691244	-71.43248863887614
938.807902073893	-71.12182761556957
939.5690502786617	-70.86171607281837
940.711248547603	-70.55122969284479
941.8534468165442	-70.32060050059208
942.9956450854854	-70.15639095754457
944.1378433544266	-70.04742623797522
945.2800416233679	-69.98348468166141
946.4222398923091	-69.95638726863699
948.1551557515545	-69.97074945426328
949.8880716107999	-70.0358842929837
951.6209874700453	-70.1391708781283
953.3539033292907	-70.26905035790413
955.0868191885361	-70.41599030872426
956.8197350477815	-70.57517152456609
958.5526509070269	-70.73957900121486
960.2855667662723	-70.9052813775077
962.0184826255177	-71.07115523324472
963.7513984847631	-71.23282024581863
965.4843143440085	-71.3907709429484
967.2172302032538	-71.54519486139476
968.9501460624992	-71.68966063552487
970.6830619217446	-71.82780766965557
972.41597778099	-71.96065545747528
974.1488936402354	-72.0801278847797
975.8818094994808	-72.1913057226107
977.6147253587262	-72.29604559878123
979.3476412179716	-72.39310600073662
981.080557077217	-72.48739804004244
982.8134729364624	-72.57512204506132
984.5463887957078	-72.65303281747833
986.2793046549532	-72.72450760000922
988.0122205141986	-72.7877293981467
989.745136373444	-72.84399391842308
991.4780522326894	-72.89854770415815
993.2109680919348	-72.94818176927534
994.9438839511802	-72.99245004239906
996.6767998104256	-73.03161658223607
998.409715669671	-73.06367707287899
1000.1426315289164	-73.09339845105009
1001.8755473881617	-73.12163199080061
1003.6084632474071	-73.14431894780434
1005.3413791066525	-73.16648544728135
1007.0742949658979	-73.18679470518246
1008.8072108251433	-73.20402974307879
1010.5401266843887	-73.22237990128212
1012.2730425436341	-73.23662424706298
1014.0059584028795	-73.24556539083478
1015.7388742621249	-73.2566658797544
1017.4717901213703	-73.26670124817606
1019.2047059806157	-73.27370507479642
1020.9376218398611	-73.27944488439198
1022.6705376991065	-73.28521899260495
1024.4034535583519	-73.29048291933799
1026.1363694175973	-73.29576961882043
1027.8692852768427	-73.30047060034167
1029.602201136088	-73.30403740074922
1032.3932811022291	-73.30939645869472
1035.1843610683702	-73.31454608807394
1037.9754410345113	-73.31935543267133
1040.7665210006523	-73.32260700061282
1043.5576009667934	-73.32461712620345
1046.3486809329345	-73.32700461712763
1049.1397608990756	-73.32929056784694
1051.9308408652166	-73.33130983491857
1056.5533586283884	-73.33432934456376
1061.1758763915602	-73.33657710110673
1065.798394154732	-73.33928967635262
1070.4209119179038	-73.34222204545797
1075.0434296810756	-73.34416174947386
1079.6659474442474	-73.3461085354358
1084.2884652074192	-73.34870150740906
1092.0782302831954	-73.35138518908373
1099.8679953589715	-73.35418676041594
1107.6577604347476	-73.3569693114421
1119.7911578302167	-73.35921871985754
1130.999999999975	-73.36255948554442
1131.0000000000127	-73.36255948554442
