t	v
0.0	-80.0
0.00020783592717305905	-80.0008832151762
0.0011515201622380557	-80.00432753051143
0.00370434520326904	-80.01191973641426
0.009435943715986005	-80.0247851285588
0.01516754222870297	-80.03499642555391
0.025382546511130658	-80.04834614209908
0.03559755079355834	-80.05864287376627
0.0517085316173983	-80.0703648081613
0.0762174403343916	-80.08354379064663
0.10072634905138489	-80.09218175857782
0.15829570764287204	-80.10070672860599
0.2158650662343592	-80.09706024644512
0.27343442482584635	-80.08538731676794
0.3310037834173335	-80.06799966810051
0.4200784638375185	-80.03323480030701
0.5091531442577035	-79.99077634052337
0.5982278246778885	-79.94247419698402
0.7461657274967695	-79.8526779733699
0.8941036303156504	-79.7539333710686
1.1798125857227273	-79.54622627102135
1.4655215411298042	-79.32537854465822
1.751230496536881	-79.09752925776696
2.036939451943958	-78.8657411701694
2.3226484073510347	-78.63206050685454
2.804433192685901	-78.23768260481852
3.286217978020767	-77.84768695586872
3.7680027633556334	-77.46572894339789
4.500043875405106	-76.90521945008868
5.232084987454579	-76.37250686550503
6.3659697181773005	-75.6079776871389
7.499854448900022	-74.91991303822746
8.633739179622744	-74.30803700659435
9.767623910345465	-73.77021654839672
10.901508641068187	-73.30301084222116
12.738031895536318	-72.68447516107662
14.57455515000445	-72.21666193439955
16.41107840447258	-71.87494756205525
18.24760165894071	-71.6368601711456
20.08412491340884	-71.48325449527758
21.92064816787697	-71.39705885426645
23.7571714223451	-71.36409321905438
25.59369467681323	-71.37232622540411
27.43021793128136	-71.41184183825085
29.26674118574949	-71.47580421445043
31.103264440217618	-71.55762954132702
32.93978769468575	-71.65179035182443
34.77631094915388	-71.75545197591018
36.612834203622015	-71.86528723327856
38.44935745809015	-71.97881088716801
40.28588071255828	-72.09313223198514
42.122403967026415	-72.2043012147092
43.95892722149455	-72.31252779156004
45.79545047596268	-72.41985350678713
47.631973730430815	-72.52560392863126
49.46849698489895	-72.62865390424489
51.30502023936708	-72.72834368042416
53.141543493835215	-72.82342055508887
54.97806674830335	-72.91349457412828
56.81459000277148	-72.99879173469293
58.651113257239615	-73.07961254977319
60.48763651170775	-73.15616304730912
62.32415976617588	-73.228469139202
64.16068302064402	-73.29635838581211
65.99720627511215	-73.3597875884043
67.83372952958028	-73.41899308663915
69.67025278404842	-73.4742504781586
71.50677603851655	-73.5256878963841
73.34329929298468	-73.5735266118037
74.59116523082676	-73.60411309096152
75.83903116866884	-73.63328804974672
77.08689710651092	-73.66109763773551
78.334763044353	-73.68736893948376
79.58262898219508	-73.71200030984299
81.56208408638909	-73.74796657000203
83.54153919058311	-73.78046459881907
85.52099429477713	-73.81008216811108
87.50044939897114	-73.83716194973356
89.47990450316516	-73.86177149483639
91.45935960735918	-73.88410404390233
93.43881471155319	-73.90422771907112
95.41826981574721	-73.92216486412693
97.39772491994123	-73.93831725831845
99.37718002413524	-73.95278914758441
101.35663512832926	-73.96558581026667
103.33609023252328	-73.97719386662996
105.31554533671729	-73.98749225622485
107.29500044091131	-73.99643045661078
109.27445554510533	-74.00433607093248
111.25391064929934	-74.01118094722798
113.23336575349336	-74.01715981839071
115.21282085768738	-74.0227234802709
117.19227596188139	-74.0275721635398
119.17173106607541	-74.03177059106955
121.15118617026943	-74.03561964744219
123.13064127446344	-74.03908966970063
126.22012464375399	-74.04353179271754
129.30960801304454	-74.04701166951236
132.3990913823351	-74.04969590224013
135.48857475162563	-74.05165338395216
138.57805812091618	-74.0531209844327
141.66754149020673	-74.05427234436866
144.75702485949728	-74.05508701359365
147.84650822878783	-74.05566790513906
150.93599159807837	-74.05613473233173
156.79143307280583	-74.05667164862218
162.6468745475333	-74.0569041379545
168.50231602226074	-74.0570975201507
174.3577574969882	-74.05725028479335
180.21319897171566	-74.05721730484326
186.0686404464431	-74.05720812890668
191.92408192117057	-74.05727937743896
197.77952339589802	-74.05738703958937
203.63496487062548	-74.05778251020863
209.49040634535294	-74.05796002687025
215.3458478200804	-74.05776491938609
218.1563401415567	-74.0577772610085
220.96683246303303	-74.05783646508495
223.77732478450935	-74.05789816090928
237.03427996220947	-74.05799908481661
257.37900517021416	-74.0589930522239
277.7237303782189	-74.05904899329367
298.0684555862236	-74.05888628629229
318.4131807942283	-74.06033601827575
338.757906002233	-74.05924951289323
359.10263121023775	-74.05786770692477
379.44735641824246	-74.06168470652813
386.9390918685361	-74.0605308396082
394.4308273188297	-74.06080163257883
401.9225627691233	-74.0612206818854
422.40942685937523	-74.05964250571334
442.89629094962714	-74.06197941160642
463.38315503987906	-74.05880053409005
471.38317849577555	-74.06038790393194
479.38320195167205	-74.05991367746668
487.38322540756855	-74.05952166938779
491.71984775399574	-74.05998823641649
496.0564701004229	-74.06018081882722
503.71103649007136	-74.06035884352673
526.7076205426961	-74.06085469252528
530.9999999999882	-74.06084287966792
531.0000000000059	-74.06084287966792
531.000070895126	-74.06435919763439
531.0002713940452	-74.0738741176089
531.0007694675708	-74.0958877449709
531.0015203628186	-74.12681553204439
531.002675271243	-74.17103820111654
531.0038301796674	-74.21279686412831
531.0058975788886	-74.28171154769166
531.0079649781098	-74.34593084478489
531.0118905264645	-74.45883547726103
531.0158160748192	-74.56189245497215
531.0246061638419	-74.76662069082882
531.0333962528646	-74.94483257432027
531.0421863418873	-75.10587878588099
531.0509764309099	-75.25526353021633
531.0597665199326	-75.39604007839269
531.0743481461967	-75.61561150641015
531.0889297724608	-75.82034653225776
531.112560475552	-76.1273768818064
531.1361911786431	-76.410001329929
531.1759629553466	-76.84404660478894
531.21573473205	-77.23945632692411
531.2555065087535	-77.60533511317664
531.2952782854569	-77.94675447616991
531.3350500621603	-78.26728316951088
531.3998801669047	-78.75192340446438
531.4647102716491	-79.19819486060906
531.5295403763935	-79.61320860126791
531.632024829031	-80.2167698614925
531.7345092816686	-80.76798079884955
531.8369937343061	-81.27654200847506
532.0212880554799	-82.10579175635695
532.2055823766536	-82.8475430907816
532.3898766978274	-83.51925023044313
532.5741710190011	-84.13473053529201
532.7584653401749	-84.70495683226501
533.0371133818962	-85.49784599397164
533.3157614236176	-86.22273449473859
533.5944094653389	-86.89171384736842
533.8730575070603	-87.51411591507247
534.1517055487816	-88.0974890341069
534.6086811418634	-88.98455587430112
535.0656567349452	-89.8002383346447
535.5226323280269	-90.55658698857508
535.9796079211087	-91.2625353955858
536.4365835141905	-91.9252416163914
537.1721971469098	-92.91501466825932
537.907810779629	-93.82367548190088
538.6434244123483	-94.66220889448842
539.3790380450675	-95.43874242400916
540.1146516777868	-96.15975881316783
541.2695074169886	-97.19160952010948
542.4243631561905	-98.11309680375311
543.5792188953923	-98.93392007085181
544.7340746345941	-99.66163584139437
545.8889303737959	-100.30264522108716
547.7253182387802	-101.15676840634647
550.5247405411797	-102.10627246800748
553.3241628435791	-102.67959798141368
556.1235851459785	-102.92840029814752
558.9230074483779	-102.90700207365613
561.7224297507773	-102.66862729877028
564.5218520531768	-102.26186825748577
567.3212743555762	-101.73114221238396
570.1206966579756	-101.11663753102502
572.920118960375	-100.45343656618137
575.7195412627744	-99.77129940977676
578.5189635651739	-99.09475653775408
583.1544085520751	-98.03670843813987
587.7898535389763	-97.10464168983052
592.4252985258776	-96.32782764780734
597.0607435127788	-95.71368663172153
601.69618849968	-95.25368608724816
606.3316334865813	-94.92923158238594
610.9670784734825	-94.71700069306151
615.6025234603837	-94.59328396565824
620.237968447285	-94.5354674503474
624.8734134341862	-94.52505665660848
629.5088584210874	-94.54679554100058
634.1443034079887	-94.58768615510832
638.7797483948899	-94.63770915733804
643.4151933817911	-94.69054967964392
648.0506383686924	-94.74182001160378
651.25292306431	-94.77434397630707
654.4552077599277	-94.80375890981948
657.6574924555454	-94.83011851088061
660.859777151163	-94.85326146747035
664.0620618467807	-94.87270006935537
667.2643465423984	-94.88829711208413
670.466631238016	-94.90060029799696
673.6689159336337	-94.91022493259987
676.8712006292513	-94.91740774948057
680.073485324869	-94.92232932948106
683.2757700204867	-94.92531910761691
686.4780547161043	-94.92690640788112
688.612016841617	-94.92757925057093
690.7459789671296	-94.92814331957028
692.8799410926423	-94.92850141962961
695.013903218155	-94.92846712469678
697.1478653436676	-94.92793587819969
699.2818274691803	-94.9269660125763
701.4157895946929	-94.92576656527439
703.5497517202056	-94.92445474305772
705.6837138457182	-94.92304033476253
707.1458321643605	-94.92207558428613
708.6079504830028	-94.92122459838812
710.0700688016451	-94.92047236385268
711.5321871202874	-94.91970247402318
712.9943054389297	-94.91881955756674
715.2951208499352	-94.91722781767808
717.5959362609407	-94.91560675101597
719.8967516719462	-94.91421860890324
722.1975670829517	-94.91310859270256
724.4983824939571	-94.91210566593222
726.7991979049626	-94.91103859616108
729.1000133159681	-94.90990459205909
731.4008287269736	-94.90881688142301
733.7016441379791	-94.90786207650432
736.0024595489846	-94.9070515316862
738.3032749599901	-94.90634998961669
740.6040903709956	-94.9057351667831
742.904905782001	-94.90521583059221
745.2057211930065	-94.90478232549258
747.506536604012	-94.90442612342
749.8073520150175	-94.90415129970005
752.108167426023	-94.90394300642218
754.4089828370285	-94.90381762294324
756.709798248034	-94.90376613315578
759.0106136590394	-94.90371878247952
760.541907534861	-94.90370116303606
762.0732014106826	-94.90378809133371
763.6044952865042	-94.90400902463904
765.1357891623258	-94.90428808219126
766.6670830381473	-94.90451178198991
769.2165052268972	-94.9046958291428
771.7659274156471	-94.9047278522578
774.3153496043969	-94.90479708301454
776.8647717931468	-94.90493140753732
779.4141939818967	-94.90506462355776
781.9636161706466	-94.90516326968755
784.5130383593964	-94.90519241807667
788.3452706033692	-94.9051310736338
792.1775028473419	-94.90502969033746
796.0097350913146	-94.90498943969389
802.0673571438452	-94.90502676183291
808.1249791963759	-94.90507841751247
814.1826012489065	-94.90511674537667
820.2402233014371	-94.90514811336745
826.2978453539678	-94.9051747770489
832.3554674064984	-94.90532939972469
838.413089459029	-94.90555060316774
844.4707115115597	-94.90556911524733
850.5283335640903	-94.90571223007898
856.5859556166209	-94.90603485356303
862.6435776691516	-94.90625358639306
868.7011997216822	-94.90650626889712
874.7588217742128	-94.90663113956677
878.3939977135612	-94.90647510806384
882.0291736529097	-94.90629287591938
885.6643495922581	-94.90621657853788
889.2995255316065	-94.90621071414748
892.9347014709549	-94.90616946995345
896.5698774103033	-94.90606764141035
900.2050533496517	-94.90597598553217
906.7219105164371	-94.90594263525031
913.2387676832225	-94.90596747451048
919.7556248500078	-94.90594241513713
930.9999999999793	-94.9059779050988
931.0000000000103	-94.9059779050988
931.0000708951312	-94.90246157863086
931.0002713938308	-94.89294658229464
931.000769464615	-94.87093252368715
931.0015203450691	-94.84000384027777
931.0026751865935	-94.79577998576755
931.0038300281178	-94.75401875141452
931.005897151618	-94.68510063537403
931.0079642751182	-94.62087422319834
931.0118895963441	-94.50794085149602
931.01581491757	-94.40484822346727
931.0246035756043	-94.20004026816989
931.0333922336386	-94.02172128544127
931.0421808916728	-93.86054785477654
931.0509695497071	-93.7110196276239
931.0597582077414	-93.57008531103882
931.074340354687	-93.35018103317611
931.0889225016326	-93.14508440131173
931.1125554881554	-92.83738912072393
931.1361884746782	-92.55402954020312
931.1759145286344	-92.11910606504372
931.2156405825906	-91.72254970853234
931.2553666365468	-91.3553023366601
931.295092690503	-91.01232130531035
931.3348187444592	-90.69006512201209
931.3994922817307	-90.20291029470799
931.4641658190021	-89.75376018688942
931.5288393562736	-89.33560364671982
931.631230999349	-88.72583236963659
931.7336226424244	-88.16829038359842
931.8360142854998	-87.65338762412185
932.0197236147312	-86.81477077073987
932.2034329439626	-86.06387162640824
932.3871422731941	-85.38349515747359
932.5708516024255	-84.7600128522392
932.7545609316569	-84.18260596232305
933.0331464234879	-83.37835908946278
933.3117319153189	-82.64472248739798
933.5903174071499	-81.9695561028875
933.8689028989809	-81.34350896756301
934.1474883908119	-80.75905045777849
934.6019997842467	-79.88013684936712
935.0565111776815	-79.07883851107434
935.5110225711163	-78.34327901863671
935.9655339645511	-77.66461909392893
936.4200453579859	-77.03574000104973
937.151016060605	-76.11490781340972
937.8819867632241	-75.2915547493698
938.6129574658431	-74.55416542482047
939.7230764093284	-73.57834140809595
940.8331953528137	-72.7546856009864
941.943314296299	-72.06299580418876
943.0534332397843	-71.4880504633398
944.1635521832696	-71.01568798533938
945.273671126755	-70.62935590291067
946.3837900702403	-70.32027135035982
947.4939090137256	-70.08028629944089
948.6040279572109	-69.89343041925113
949.7141469006962	-69.75501208340538
950.8242658441815	-69.66088363900633
951.9343847876668	-69.60259027102897
953.0445037311521	-69.58448998473669
953.8189423939767	-69.58996696680589
954.3887779019708	-69.59283288428296
954.9586134099649	-69.59826899995454
955.5284489179589	-69.61116158203804
956.098284425953	-69.63126120406945
956.6681199339471	-69.65564691873551
957.2379554419412	-69.68205881904453
957.8077909499352	-69.71077647824735
958.3776264579293	-69.74394526335219
958.9474619659234	-69.78110159389834
959.5172974739174	-69.82018738700373
960.0871329819115	-69.86110472669549
960.6569684899056	-69.90377371101668
961.2268039978997	-69.9485664866562
961.7966395058937	-69.99610913236641
962.3664750138878	-70.04409071064295
962.9363105218819	-70.09220113570375
963.5061460298759	-70.14283957486332
964.07598153787	-70.1942954407582
964.6458170458641	-70.2457906744169
965.2156525538581	-70.29905491292769
965.7854880618522	-70.35302754051253
966.3553235698463	-70.40578622613461
966.9251590778404	-70.457766726596
967.4949945858344	-70.50980864884568
968.0648300938285	-70.56263797408376
968.6346656018226	-70.61760244099185
969.2045011098166	-70.67332885483304
969.7743366178107	-70.72777868277221
970.3441721258048	-70.78193600113764
970.9140076337989	-70.83613541967526
971.4838431417929	-70.8902256005141
972.053678649787	-70.94513348991092
972.6235141577811	-70.99924738659853
973.1933496657751	-71.05183542852791
973.7631851737692	-71.10489588596064
974.3330206817633	-71.1586258699291
974.9028561897574	-71.21186534001257
975.4726916977514	-71.26500915032219
976.0425272057455	-71.31731999034345
976.6123627137396	-71.36827149120326
977.1821982217336	-71.4189303394448
977.7520337297277	-71.46990954953021
978.3218692377218	-71.52059325672992
978.8917047457159	-71.57069167759241
979.4615402537099	-71.61987473803525
980.031375761704	-71.66758400286854
980.6012112696981	-71.71446480554569
981.1710467776921	-71.76115082241462
981.7408822856862	-71.8072882279078
982.3107177936803	-71.85288011943057
982.8805533016744	-71.89777108145222
983.4503888096684	-71.94160570270333
984.0202243176625	-71.98507973989955
984.5900598256566	-72.02836393652117
985.1598953336506	-72.0706869357679
985.7297308416447	-72.1123044816682
986.2995663496388	-72.1535003006595
986.8694018576329	-72.19390314952436
987.4392373656269	-72.23387854054828
988.009072873621	-72.27341599452403
988.5789083816151	-72.31197844397397
989.1487438896091	-72.34941139352819
989.7185793976032	-72.38607792358549
990.2884149055973	-72.42218534843256
990.8582504135913	-72.45794137658872
991.4280859215854	-72.49356796198548
991.9979214295795	-72.52877525107988
992.5677569375736	-72.56327130704639
993.1375924455676	-72.59717760485344
993.7074279535617	-72.63050101680035
994.2772634615558	-72.66325973518053
994.8470989695498	-72.69562191550006
995.4169344775439	-72.72739715687968
995.986769985538	-72.75842620633124
996.5566054935321	-72.7889613971156
997.1264410015261	-72.81899934105323
997.6962765095202	-72.84840007364052
998.2661120175143	-72.87732168920675
998.8359475255083	-72.90568704715771
999.4057830335024	-72.93336331091034
999.9756185414965	-72.96055282462
1000.5454540494906	-72.98739957406353
1001.1152895574846	-73.01382451625139
1001.6851250654787	-73.03983048975539
1002.2549605734728	-73.06529513659142
1002.8247960814668	-73.09002452960951
1003.3946315894609	-73.11417913488307
1003.964467097455	-73.13788238490123
1004.534302605449	-73.16101311595091
1005.1041381134431	-73.18365635102518
1005.6739736214372	-73.20585527100339
1006.2438091294313	-73.22746622780696
1006.8136446374253	-73.24862161590472
1007.3834801454194	-73.26940362299014
1007.9533156534135	-73.28963524732688
1008.5231511614076	-73.30942093609694
1009.0929866694016	-73.32885662334945
1009.6628221773957	-73.34776504407412
1010.2326576853898	-73.36624867777627
1010.8024931933838	-73.38441340143493
1011.3723287013779	-73.40208397350911
1011.942164209372	-73.41917714682255
1012.511999717366	-73.43575941397464
1013.0818352253601	-73.45186545957637
1013.6516707333542	-73.4676900311317
1014.2215062413483	-73.48337569525245
1014.7913417493423	-73.49873727405738
1015.3611772573364	-73.51368528713559
1015.9310127653305	-73.52830501606739
1016.5008482733246	-73.54256886740674
1017.0706837813186	-73.55652494570987
1017.6405192893127	-73.57023416793714
1018.2103547973068	-73.58355283108729
1018.7801903053008	-73.59648909625159
1019.3500258132949	-73.60918407221716
1019.919861321289	-73.62156115288546
1020.489696829283	-73.63359801230877
1021.0595323372771	-73.64537947763706
1021.6293678452712	-73.6568231568069
1022.1992033532653	-73.66794740145961
1022.7690388612593	-73.67888559033143
1023.3388743692534	-73.68962965533696
1023.9087098772475	-73.70011249002204
1024.4785453852414	-73.7103194523767
1025.0483808932354	-73.7201661921125
1025.6182164012293	-73.7296497700327
1026.1880519092233	-73.73890681301724
1026.7578874172173	-73.7479486686769
1027.3277229252112	-73.75673208969937
1027.8975584332052	-73.76529046713377
1028.4673939411991	-73.7735895196518
1029.037229449193	-73.78162961150872
1029.607064957187	-73.78950271465467
1030.176900465181	-73.79716890983131
1030.746735973175	-73.80458003596708
1031.316571481169	-73.81180939402985
1031.8864069891629	-73.81883985851256
1032.4562424971568	-73.82564863203793
1033.0260780051508	-73.83230691453899
1033.5959135131448	-73.8387719702765
1034.1657490211387	-73.84498576797948
1034.7355845291327	-73.85101146075476
1035.3054200371266	-73.85690347594607
1035.8752555451206	-73.862669576049
1036.4450910531145	-73.86833222615913
1037.3155486877458	-73.87674303841439
1038.1860063223771	-73.88483255736594
1039.0564639570084	-73.89265796214426
1039.9269215916397	-73.90024017479318
1040.797379226271	-73.9074489980909
1041.6678368609023	-73.91422451739398
1042.5382944955336	-73.92058504728136
1043.4087521301649	-73.92652027949782
1044.2792097647962	-73.9321322895776
1045.6704478208353	-73.94040251878626
1047.0616858768744	-73.94788267089065
1048.4529239329136	-73.95493800553339
1049.8441619889527	-73.9615077958206
1051.2354000449918	-73.9675752173044
1052.626638101031	-73.97338930010228
1055.1932577653765	-73.98303619471294
1057.759877429722	-73.99150313186627
1062.1500386371645	-74.00319085385068
1071.181682368569	-74.02208115457893
1080.2133260999735	-74.033066855359
1093.9835621429127	-74.04285975499775
1107.7537981858518	-74.04833455125343
1121.524034228791	-74.04950412242094
1130.999999999975	-74.04933800563235
1131.0000000000127	-74.04933800563235
