t	v
0.0	-80.0
0.00020783592717305905	-80.0008832151762
0.0011515201622380557	-80.00432753051143
0.00370434520326904	-80.01191973641426
0.009435943715986005	-80.0247851285588
0.01516754222870297	-80.03499642555391
0.025382546511130658	-80.04834614209908
0.03559755079355834	-80.05864287376627
0.0517085316173983	-80.0703648081613
0.0762174403343916	-80.08354379064663
0.10072634905138489	-80.09218175857782
0.15829570764287204	-80.10070672860599
0.2158650662343592	-80.09706024644512
0.27343442482584635	-80.08538731676794
0.3310037834173335	-80.06799966810051
0.4200784638375185	-80.03323480030701
0.5091531442577035	-79.99077634052337
0.5982278246778885	-79.94247419698402
0.7461657274967695	-79.8526779733699
0.8941036303156504	-79.7539333710686
1.1798125857227273	-79.54622627102135
1.4655215411298042	-79.32537854465822
1.751230496536881	-79.09752925776696
2.036939451943958	-78.8657411701694
2.3226484073510347	-78.63206050685454
2.804433192685901	-78.23768260481852
3.286217978020767	-77.84768695586872
3.7680027633556334	-77.46572894339789
4.500043875405106	-76.90521945008868
5.232084987454579	-76.37250686550503
6.3659697181773005	-75.6079776871389
7.499854448900022	-74.91991303822746
8.633739179622744	-74.30803700659435
9.767623910345465	-73.77021654839672
10.901508641068187	-73.30301084222116
12.738031895536318	-72.68447516107662
14.57455515000445	-72.21666193439955
16.41107840447258	-71.87494756205525
18.24760165894071	-71.6368601711456
20.08412491340884	-71.48325449527758
21.92064816787697	-71.39705885426645
23.7571714223451	-71.36409321905438
25.59369467681323	-71.37232622540411
27.43021793128136	-71.41184183825085
29.26674118574949	-71.47580421445043
31.103264440217618	-71.55762954132702
32.93978769468575	-71.65179035182443
34.77631094915388	-71.75545197591018
36.612834203622015	-71.86528723327856
38.44935745809015	-71.97881088716801
40.28588071255828	-72.09313223198514
42.122403967026415	-72.2043012147092
43.95892722149455	-72.31252779156004
45.79545047596268	-72.41985350678713
47.631973730430815	-72.52560392863126
49.46849698489895	-72.62865390424489
51.30502023936708	-72.72834368042416
53.141543493835215	-72.82342055508887
54.97806674830335	-72.91349457412828
56.81459000277148	-72.99879173469293
58.651113257239615	-73.07961254977319
60.48763651170775	-73.15616304730912
62.32415976617588	-73.228469139202
64.16068302064402	-73.29635838581211
65.99720627511215	-73.3597875884043
67.83372952958028	-73.41899308663915
69.67025278404842	-73.4742504781586
71.50677603851655	-73.5256878963841
73.34329929298468	-73.5735266118037
74.59116523082676	-73.60411309096152
75.83903116866884	-73.63328804974672
77.08689710651092	-73.66109763773551
78.334763044353	-73.68736893948376
79.58262898219508	-73.71200030984299
81.56208408638909	-73.74796657000203
83.54153919058311	-73.78046459881907
85.52099429477713	-73.81008216811108
87.50044939897114	-73.83716194973356
89.47990450316516	-73.86177149483639
91.45935960735918	-73.88410404390233
93.43881471155319	-73.90422771907112
95.41826981574721	-73.92216486412693
97.39772491994123	-73.93831725831845
99.37718002413524	-73.95278914758441
101.35663512832926	-73.96558581026667
103.33609023252328	-73.97719386662996
105.31554533671729	-73.98749225622485
107.29500044091131	-73.99643045661078
109.27445554510533	-74.00433607093248
111.25391064929934	-74.01118094722798
113.23336575349336	-74.01715981839071
115.21282085768738	-74.0227234802709
117.19227596188139	-74.0275721635398
119.17173106607541	-74.03177059106955
121.15118617026943	-74.03561964744219
123.13064127446344	-74.03908966970063
126.22012464375399	-74.04353179271754
129.30960801304454	-74.04701166951236
132.3990913823351	-74.04969590224013
135.48857475162563	-74.05165338395216
138.57805812091618	-74.0531209844327
141.66754149020673	-74.05427234436866
144.75702485949728	-74.05508701359365
147.84650822878783	-74.05566790513906
150.93599159807837	-74.05613473233173
156.79143307280583	-74.05667164862218
162.6468745475333	-74.0569041379545
168.50231602226074	-74.0570975201507
174.3577574969882	-74.05725028479335
180.21319897171566	-74.05721730484326
186.0686404464431	-74.05720812890668
191.92408192117057	-74.05727937743896
197.77952339589802	-74.05738703958937
203.63496487062548	-74.05778251020863
209.49040634535294	-74.05796002687025
215.3458478200804	-74.05776491938609
218.1563401415567	-74.0577772610085
220.96683246303303	-74.05783646508495
223.77732478450935	-74.05789816090928
237.03427996220947	-74.05799908481661
257.37900517021416	-74.0589930522239
277.7237303782189	-74.05904899329367
298.0684555862236	-74.05888628629229
318.4131807942283	-74.06033601827575
338.757906002233	-74.05924951289323
359.10263121023775	-74.05786770692477
379.44735641824246	-74.06168470652813
386.9390918685361	-74.0605308396082
394.4308273188297	-74.06080163257883
401.9225627691233	-74.0612206818854
422.40942685937523	-74.05964250571334
442.89629094962714	-74.06197941160642
463.38315503987906	-74.05880053409005
471.38317849577555	-74.06038790393194
479.38320195167205	-74.05991367746668
487.38322540756855	-74.05952166938779
491.71984775399574	-74.05998823641649
496.0564701004229	-74.06018081882722
503.71103649007136	-74.06035884352673
526.7076205426961	-74.06085469252528
530.9999999999882	-74.06084287966792
531.0000000000059	-74.06084287966792
531.0000578856288	-74.06516461847409
531.000207618997	-74.07595117607993
531.0005860260981	-74.10159146067785
531.0009644331991	-74.1260668293623
531.0016919410455	-74.17032390740313
531.0024194488918	-74.21254386386337
531.0037991854273	-74.28740079522078
531.0051789219627	-74.35808895470608
531.0077215629192	-74.48058302136067
531.0102642038756	-74.5942560184612
531.0159557663688	-74.82318182476511
531.0216473288621	-75.02462053156076
531.0273388913553	-75.20683558619889
531.0330304538485	-75.3754325965242
531.0387220163417	-75.53397948431089
531.0478988151968	-75.77456220841347
531.057075614052	-75.99977507347317
531.071412472851	-76.32786764702173
531.0857493316499	-76.63300283073941
531.1105740934665	-77.1197675723976
531.1353988552831	-77.56711374154017
531.1602236170997	-77.98408444250327
531.1850483789163	-78.37586274116326
531.209873140733	-78.74614183624193
531.2499255205066	-79.30510578743764
531.2899779002803	-79.82493544877214
531.330030280054	-80.31253875051246
531.3922813966783	-81.01709622586888
531.4545325133026	-81.66803590037351
531.516783629927	-82.27452918183579
531.6276773143571	-83.26564736696136
531.7385709987873	-84.16370437633941
531.8494646832174	-84.98593113659898
531.9603583676476	-85.74600468707368
532.0712520520777	-86.45483854254321
532.1821457365079	-87.1203720730562
532.3696797603983	-88.16336013335312
532.5572137842887	-89.11969523557907
532.7447478081791	-90.00420474445312
532.9322818320695	-90.82886925122331
533.1198158559599	-91.60323400831011
533.417609796679	-92.74688720054785
533.7154037373981	-93.80290794555815
534.0131976781172	-94.7861924769067
534.3109916188363	-95.70814479749747
534.6087855595554	-96.57783315872557
535.0872706004412	-97.88329507395171
535.5657556413271	-99.09353865175696
536.044240682213	-100.22336406428808
536.5227257230988	-101.28391389563207
537.0012107639847	-102.28403005162816
537.7571432251377	-103.75736109415973
538.5130756862908	-105.11662798353777
539.2690081474439	-106.37522910797502
540.4073571995546	-108.1027081985015
541.5457062516653	-109.64969824920371
542.684055303776	-111.03272144525728
543.8224043558866	-112.26463304998425
544.9607534079973	-113.35612502575812
546.099102460108	-114.31563753330974
548.1239270561822	-115.71862085669581
550.1487516522564	-116.7635132584374
552.1735762483305	-117.48554079675411
554.1984008444047	-117.92135244548089
556.2232254404788	-118.1080717776172
558.248050036553	-118.08159688627889
560.2728746326271	-117.87602512741545
562.2976992287013	-117.52343855641716
564.3225238247754	-117.05356827441891
567.4781769680616	-116.15014201574242
570.6338301113477	-115.11455536195898
573.7894832546339	-114.01869449153747
576.94513639792	-112.91880164684666
582.1303952112792	-111.20740362981947
587.3156540246383	-109.71002604611036
592.5009128379975	-108.48272066478081
597.6861716513566	-107.53193366376388
602.8714304647158	-106.83139576356164
608.0566892780749	-106.34450063819351
613.2419480914341	-106.03892056438194
616.5889560182658	-105.92225012133979
618.8069235979599	-105.87053226882047
621.024891177654	-105.83432356495797
623.2428587573481	-105.81157747633652
625.4608263370422	-105.80197868721447
627.6787939167364	-105.80420152164547
629.8967614964305	-105.814726871252
632.1147290761246	-105.83041459625225
634.3326966558187	-105.85041763435613
636.5506642355128	-105.8748302105538
638.768631815207	-105.9028461958258
640.3288064801584	-105.92360158845227
641.8889811451098	-105.94441472805444
643.4491558100613	-105.96504672159055
645.0093304750127	-105.98591892518172
646.5695051399641	-106.00743003290815
648.1296798049156	-106.02926145698592
649.689854469867	-106.05067233709832
651.2500291348184	-106.0712631460152
652.8102037997699	-106.0912105669362
654.3703784647213	-106.11072789709192
655.4672094973745	-106.12405048794975
656.5640405300277	-106.13692484952952
657.6608715626809	-106.14953029615012
658.7577025953341	-106.16200360383023
659.8545336279873	-106.17408647140802
660.9513646606405	-106.185395479305
662.0481956932937	-106.19591877056558
663.1450267259469	-106.20596807388064
664.2418577586001	-106.21571349928652
665.3386887912533	-106.22500517516764
666.4355198239065	-106.23366853438486
667.5323508565597	-106.24176941986393
668.6291818892129	-106.2494817424652
669.7260129218661	-106.25683718705473
670.8228439545193	-106.26373707213087
671.9196749871725	-106.27013763212057
673.0165060198257	-106.27611387467559
674.1133370524789	-106.28174453298263
675.2101680851321	-106.28701523649357
676.3069991177853	-106.29188280094968
677.4038301504385	-106.29636052683415
678.5006611830917	-106.30046733966924
679.5974922157449	-106.30417115709886
680.6943232483981	-106.30745794982123
681.7911542810513	-106.3103957543458
682.8879853137045	-106.31308269188645
683.9848163463577	-106.3155747449641
685.0816473790109	-106.31788246549607
686.1784784116641	-106.32000079925508
687.2753094443173	-106.32192379029135
688.3721404769705	-106.32365578822078
689.4689715096237	-106.3252204150125
690.5658025422769	-106.326635424953
691.66263357493	-106.32788698922651
692.7594646075833	-106.328960091232
693.8562956402365	-106.32987486291577
694.9531266728897	-106.33066652924526
696.0499577055429	-106.33134596619823
697.146788738196	-106.3318969677817
698.2436197708493	-106.33231474296241
699.3404508035024	-106.33262342747979
700.4372818361556	-106.33281890542771
701.5341128688088	-106.33284509950174
702.630943901462	-106.33271448800328
703.7277749341152	-106.33258380460279
704.8246059667684	-106.33258667388027
705.9214369994216	-106.33264167846939
707.0182680320748	-106.33255640615782
708.115099064728	-106.3322913514374
709.2119300973812	-106.33199510476611
710.3087611300344	-106.33177789765264
711.4055921626876	-106.33157242075458
712.5024231953408	-106.3312639307378
713.599254227994	-106.33086378036288
714.6960852606472	-106.33047753225429
715.7929162933004	-106.33014758374347
716.8897473259536	-106.32981132630809
717.9865783586068	-106.32941497455089
719.08340939126	-106.3289928208177
720.1802404239132	-106.3286063439157
721.2770714565664	-106.32826467273142
722.3739024892196	-106.32793725646066
723.4707335218728	-106.32759370581357
724.567564554526	-106.32721425385522
725.6643955871792	-106.32680025150738
726.7612266198324	-106.32638868546101
727.8580576524856	-106.32602521969713
728.9548886851388	-106.32571287903933
730.051719717792	-106.32541285525717
731.1485507504452	-106.32510230456734
732.2453817830984	-106.32480384945521
733.3422128157516	-106.3245481961951
734.4390438484048	-106.32433162191752
735.535874881058	-106.32412538659807
736.6327059137112	-106.32391246918039
737.7295369463644	-106.32370389310177
738.8263679790176	-106.32352013776395
739.9231990116708	-106.32336720607339
741.020030044324	-106.32323435506353
742.1168610769772	-106.32311076017183
743.2136921096304	-106.32299981221485
744.3105231422836	-106.32291047197383
745.4073541749368	-106.32283533611485
746.50418520759	-106.32275348334711
747.6010162402432	-106.32266232951187
748.6978472728964	-106.32258939753628
749.7946783055496	-106.3225594107609
750.8915093382028	-106.32256191651474
751.988340370856	-106.32256956050654
753.0851714035092	-106.32258177951171
754.1820024361624	-106.32262426855694
755.2788334688156	-106.32270430384051
756.3756645014688	-106.32279308505466
757.472495534122	-106.32286483249027
758.5693265667752	-106.3229303349725
759.6661575994284	-106.32301452076968
760.7629886320816	-106.32311786729682
761.8598196647348	-106.32322124040066
762.956650697388	-106.32331758603748
764.0534817300412	-106.32341792318104
765.1503127626944	-106.32353133199271
766.2471437953476	-106.323651735188
767.3439748280008	-106.32376467627786
768.440805860654	-106.3238623966037
769.5376368933072	-106.32395225170903
770.6344679259604	-106.32404977688701
771.7312989586136	-106.32416426810214
772.8281299912668	-106.32429054882249
773.92496102392	-106.324416807314
775.0217920565732	-106.3245404457396
776.1186230892264	-106.32466814976968
777.2154541218796	-106.32480217845833
778.3122851545328	-106.3249390618182
779.409116187186	-106.32507964804698
780.5059472198392	-106.32522944007644
781.6027782524924	-106.3253871606096
782.6996092851456	-106.32554144113134
783.7964403177988	-106.32568480875511
784.893271350452	-106.32582330243235
785.9901023831052	-106.32596498355004
787.0869334157584	-106.32610922809286
788.1837644484116	-106.32625291875623
789.2805954810648	-106.32639613050355
790.377426513718	-106.32653710288952
791.4742575463712	-106.32666935391177
792.5710885790244	-106.32678917534092
793.6679196116776	-106.3269032731927
794.7647506443308	-106.32702095621299
795.861581676984	-106.3271390819774
796.9584127096372	-106.32724602487266
798.0552437422904	-106.32733990359351
799.1520747749436	-106.32743199214467
800.2489058075968	-106.32753140018464
801.34573684025	-106.32763416262894
802.4425678729032	-106.32773174042484
803.5393989055564	-106.32782435181544
804.6362299382096	-106.32791789295563
805.7330609708628	-106.32801351117793
806.829892003516	-106.32810772046967
807.9267230361692	-106.32819813768899
809.0235540688224	-106.32828749857826
810.1203851014756	-106.32838405480176
811.2172161341288	-106.32849312539885
812.314047166782	-106.32860763235968
813.4108781994352	-106.32871282462064
814.5077092320884	-106.32880123743192
815.6045402647416	-106.32887936664244
816.7013712973948	-106.32895716065772
817.798202330048	-106.32903549958775
818.8950333627012	-106.3291095062574
819.9918643953544	-106.32917763906734
821.0886954280076	-106.32924103531472
822.1855264606608	-106.32930017228523
823.282357493314	-106.32935527213445
824.3791885259672	-106.32940774096926
825.4760195586204	-106.32945985137438
826.5728505912735	-106.32951231698927
827.6696816239267	-106.32956405849458
828.76651265658	-106.32961492450693
829.8633436892331	-106.32966540061734
830.9601747218863	-106.32971671370967
832.0570057545395	-106.32977439104553
833.1538367871927	-106.32984471414434
834.250667819846	-106.32992430389565
835.3474988524991	-106.32999939321466
836.4443298851523	-106.33005907704181
837.5411609178055	-106.33010637690158
838.6379919504587	-106.33015204306294
839.7348229831119	-106.3302002606174
840.8316540157651	-106.33024684528283
841.9284850484183	-106.33028835228686
843.0253160810715	-106.33032643732571
844.1221471137247	-106.33036465744779
845.2189781463779	-106.33040315217409
846.3158091790311	-106.33043843321899
847.4126402116843	-106.33046898247576
848.5094712443375	-106.33049764216436
849.6063022769907	-106.33052772974295
850.7031333096439	-106.33055925056628
851.7999643422971	-106.33058941424625
852.8967953749503	-106.33061805341336
853.9936264076035	-106.3306512797272
855.0904574402567	-106.33069480897709
856.1872884729099	-106.3307450562463
857.2841195055631	-106.33079141582412
858.3809505382163	-106.33082724068089
859.4777815708695	-106.33085609260873
860.5746126035227	-106.33088606345947
861.6714436361759	-106.33091990411026
862.7682746688291	-106.33095350485718
863.8651057014823	-106.33098218407434
864.9619367341355	-106.331005501127
866.0587677667887	-106.33102670973504
867.1555987994419	-106.33104865171951
868.2524298320951	-106.33107128286264
869.3492608647483	-106.33109297784252
870.4460918974015	-106.33111267872617
871.5429229300547	-106.33113142805678
872.6397539627079	-106.33115129516166
873.7365849953611	-106.33117226331655
874.8334160280143	-106.3311933099001
875.9302470606675	-106.33121495535117
877.0270780933207	-106.33123665155426
878.1239091259739	-106.33125531917906
879.2207401586271	-106.33126963404074
880.3175711912803	-106.33128320340003
881.4144022239335	-106.33130131688662
882.5112332565867	-106.33132403670986
883.6080642892399	-106.33134514202592
884.7048953218931	-106.33136070296247
885.8017263545463	-106.33137491585404
886.8985573871995	-106.3313937838376
887.9953884198527	-106.33141619958019
889.0922194525059	-106.33143625736665
890.1890504851591	-106.33145344421986
891.2858815178123	-106.33147284126565
892.3827125504655	-106.33149524864028
893.4795435831187	-106.33151651560223
894.5763746157719	-106.33153517268698
895.6732056484251	-106.3315537919542
896.7700366810783	-106.33157478557251
897.8668677137315	-106.33159395403489
898.9636987463847	-106.33159942557559
900.0605297790379	-106.33158798263003
901.1573608116911	-106.33157799404538
902.2541918443443	-106.33158955770553
903.3510228769975	-106.33161749577677
904.4478539096507	-106.33164010014279
905.5446849423039	-106.33164998658943
906.6415159749571	-106.3316608942759
907.7383470076103	-106.33168376340274
908.8351780402635	-106.33171157980804
909.9320090729167	-106.33173302296922
911.0288401055699	-106.33174835800949
912.1256711382231	-106.33176610000643
913.2225021708763	-106.33178999439755
914.3193332035295	-106.33181397851365
915.4161642361827	-106.33183228470686
916.5129952688359	-106.33184845481011
917.6098263014891	-106.33186772374253
918.7066573341423	-106.3318902119653
919.8034883667955	-106.3319161278074
920.9003193994487	-106.33194557766778
921.9971504321019	-106.33197329177175
923.0939814647551	-106.33199382833887
924.1908124974083	-106.33200922177241
925.2876435300615	-106.33202462169001
926.3844745627147	-106.33203937083599
927.4813055953679	-106.33204892787948
928.5781366280211	-106.33205442562699
929.6749676606743	-106.33206203582985
930.7717986933275	-106.3320735925958
930.9999999999793	-106.33207590144463
931.0000000000103	-106.33207590144463
931.0000578856332	-106.32775415376904
931.0002076188572	-106.31696752574489
931.0005860242536	-106.29132682586672
931.00096442965	-106.26685074425991
931.0016919145177	-106.2225924905874
931.0024193993853	-106.18037041852014
931.0037989717598	-106.10551278271018
931.0051785441343	-106.03482079512804
931.0077210104103	-105.9123078035695
931.0102634766862	-105.79860963421663
931.0159541935634	-105.56962590602849
931.0216449104406	-105.36810446020667
931.0273356273178	-105.18578865363929
931.033026344195	-105.01707727216684
931.0387170610722	-104.85840505035739
931.0478924734605	-104.61760192735203
931.0570678858487	-104.39214743189063
931.0714013366727	-104.0636669027143
931.0857347874967	-103.75809812593667
931.1105467216182	-103.27061488553893
931.1353586557398	-102.82241925536871
931.1601705898613	-102.40448422519493
931.1849825239829	-102.01163578000107
931.2097944581044	-101.64018989614807
931.249805876185	-101.07943798932592
931.2898172942655	-100.55759831023265
931.329828712346	-100.0678082989756
931.3920081851151	-99.35967715861597
931.4541876578841	-98.70493556698155
931.5163671306531	-98.09450861078646
931.6272625294101	-97.09516855545188
931.7381579281672	-96.18919333193283
931.8490533269243	-95.35948085492184
931.9599487256813	-94.59244008098595
932.0708441244384	-93.8772140783211
932.1817395231955	-93.20589783981622
932.3679678736694	-92.16158167138897
932.5541962241433	-91.20460899500493
932.7404245746172	-90.32036406532708
932.9266529250912	-89.49703215134619
933.1128812755651	-88.72520635258343
933.4088249408918	-87.58742991903148
933.7047686062185	-86.54080922742597
934.0007122715452	-85.57049112834663
934.296655936872	-84.66512168989651
934.5925996021987	-83.81569666936333
935.0666722471723	-82.55429631848602
935.5407448921459	-81.39734934000319
936.0148175371195	-80.3303293522422
936.4888901820931	-79.34229911350752
936.9629628270667	-78.42454812837761
937.7093734740098	-77.10574544300678
938.4557841209529	-75.92454130430073
939.202194767896	-74.86705684810966
940.3752978606226	-73.42804312953218
941.5484009533492	-72.2313596654367
942.7215040460758	-71.24680944828737
943.8946071388024	-70.44955752616072
945.067710231529	-69.81532260044625
946.2408133242556	-69.31481804545645
947.4139164169821	-68.92970739653234
948.5870195097087	-68.64628789985218
949.7601226024353	-68.44442277529487
950.9332256951619	-68.31612858152339
952.1063287878885	-68.24496987109532
953.2794318806151	-68.20344648371626
954.0853283759849	-68.19750864683614
954.6408160398067	-68.21397381493853
955.1963037036286	-68.23822295059124
955.7517913674504	-68.26399461713844
956.3072790312723	-68.29091920292423
956.8627666950941	-68.32128849169042
957.418254358916	-68.36043092948229
957.9737420227378	-68.4074857921315
958.5292296865597	-68.45416223630274
959.0847173503815	-68.50077452088841
959.6402050142034	-68.55175246093432
960.1956926780252	-68.60503964357194
960.7511803418471	-68.66200305305709
961.3066680056689	-68.72223833832834
961.8621556694908	-68.779313582249
962.2707974691899	-68.8203218812113
962.679439268889	-68.86578858912323
963.0880810685882	-68.91487679595151
963.4967228682873	-68.96445870960055
963.9053646679864	-69.01356200317217
964.3140064676855	-69.06135774445305
964.7226482673847	-69.10824314269729
965.1312900670838	-69.15643549380337
965.5399318667829	-69.20595147028227
965.948573666482	-69.25523873686211
966.3572154661812	-69.3042722848462
966.7658572658803	-69.35328135730195
967.1744990655794	-69.40234280534264
967.5831408652786	-69.45208644639158
967.9917826649777	-69.5020688692195
968.4004244646768	-69.5514075489747
968.8090662643759	-69.60067259934745
969.217708064075	-69.65032985635811
969.6263498637742	-69.69992691579577
970.0349916634733	-69.74940859332133
970.4436334631724	-69.79889087489003
970.8522752628716	-69.8482385886566
971.2609170625707	-69.89745686598198
971.6695588622698	-69.94646424172612
972.0782006619689	-69.99498732023088
972.4868424616681	-70.04320934769139
972.8954842613672	-70.09147419980549
973.3041260610663	-70.13966802462487
973.7127678607654	-70.18758559824946
974.1214096604646	-70.23518106478946
974.5300514601637	-70.2824627997857
974.9386932598628	-70.32957307137238
975.3473350595619	-70.37654767648404
975.7559768592611	-70.42317074688432
976.1646186589602	-70.469395871899
976.5732604586593	-70.5153721363014
976.9819022583584	-70.5611027163986
977.3905440580576	-70.60652317078618
977.7991858577567	-70.65160948432188
978.4187158572922	-70.71931374901658
979.0382458568279	-70.78643067358645
979.6577758563635	-70.85283743525594
980.2773058558992	-70.91839122982064
980.8968358554348	-70.98311420872463
981.8806257015508	-71.0840922647674
982.8644155476668	-71.18288600831941
983.8482053937828	-71.27956005380449
985.4376387319991	-71.43107038693623
987.0270720702154	-71.5767562466177
988.6165054084316	-71.71672669095602
991.6219151122446	-71.96570459072427
994.6273248160575	-72.19524152279014
997.6327345198704	-72.40612612076194
1000.6381442236833	-72.59793744981522
1005.4749093339619	-72.87167527295689
1010.3116744442406	-73.10228326357856
1015.1484395545192	-73.29663128788187
1019.9852046647978	-73.45591198046843
1024.8219697750765	-73.58726292788101
1029.658734885355	-73.69202589252352
1034.4954999956335	-73.77562454116467
1039.332265105912	-73.8427814371512
1044.1690302161905	-73.89407597769763
1052.9138022233938	-73.96131462739547
1061.658574230597	-74.00314717169775
1070.4033462378002	-74.02688303818532
1079.1481182450034	-74.03532287594878
1087.8928902522066	-74.04407377668932
1096.6376622594098	-74.04445481416644
1105.382434266613	-74.0435735183391
1114.1272062738162	-74.0553232268266
1118.099957815922	-74.05667201224092
1122.0727093580276	-74.05407640733614
1126.0454609001333	-74.0535969184981
1130.018212442239	-74.05243260543558
1130.999999999975	-74.05223462581758
1131.0000000000127	-74.05223462581758
