t	v
0.0	-70.0
0.0006195950808487072	-70.0011595418233
0.0032104962373565933	-70.0053303674692
0.008639694113942682	-70.01274357249305
0.01406889199052877	-70.01939525446771
0.024321718917774897	-70.03082664597639
0.04031972034795797	-70.04659857719659
0.07244962438148327	-70.07321405763757
0.10457952841500856	-70.09462781313688
0.13670943244853384	-70.11223505616438
0.16883933648205912	-70.12689210353788
0.2009692405155844	-70.13919970232904
0.26132212909585517	-70.15772168861943
0.3533604847701967	-70.17738365097912
0.44539884044453826	-70.1892830257237
0.5374371961188797	-70.19579468223749
0.6877340494765536	-70.19866417946967
0.8380309028342274	-70.19509246128344
1.116914087416757	-70.1785587304086
1.3957972719992864	-70.1564396748732
1.6746804565818159	-70.1324452146316
1.9535636411643453	-70.10752635308332
2.232446825746875	-70.08222208492046
2.7191543475186153	-70.03804790631823
3.2058618692903558	-69.99500873670505
3.6925693910620963	-69.95391549766944
4.423477555909961	-69.89620571083665
5.154385720757825	-69.84349611834938
6.305337398801413	-69.77032823881521
7.456289076845	-69.70854261786052
8.607240754888586	-69.65703669395214
9.758192432932173	-69.61474463353215
10.90914411097576	-69.58033597424298
12.060095789019346	-69.55276772677175
13.211047467062933	-69.53122221078121
14.36199914510652	-69.51490891808407
15.512950823150106	-69.50303764558078
16.663902501193693	-69.49489486426872
17.81485417923728	-69.489816381924
18.5832087911236	-69.4878874418179
19.35156340300992	-69.48700462797548
20.11991801489624	-69.48704373856707
21.300841418350384	-69.48863234774178
22.48176482180453	-69.49175439847805
23.662688225258673	-69.4961157728303
24.843611628712818	-69.5014624288333
26.024535032166963	-69.50757508982863
27.205458435621107	-69.51426263252402
28.386381839075252	-69.5213796722429
29.567305242529397	-69.52880610758454
30.74822864598354	-69.536427592845
31.929152049437686	-69.54410884294529
32.64668662112982	-69.54873701317322
33.113995000602905	-69.55171849830711
33.581303380075994	-69.554681997624
34.04861175954908	-69.55764312687859
34.51592013902217	-69.56061176304603
34.98322851849526	-69.56358439538508
35.45053689796835	-69.56654674416868
35.91784527744144	-69.5694837976584
36.385153656914525	-69.57238749785081
36.852462036387614	-69.5752551350594
37.3197704158607	-69.57808581950643
37.78707879533379	-69.58087765981742
38.25438717480688	-69.58362888359206
38.72169555427997	-69.58634091549418
39.18900393375306	-69.58901801890553
39.656312313226145	-69.59166264886494
40.123620692699234	-69.59427556754139
40.59092907217232	-69.59686014067964
41.05823745164541	-69.5994210937642
41.5255458311185	-69.60196046281968
41.99285421059159	-69.60447558741026
42.46016259006468	-69.60695717756596
42.927470969537765	-69.60939255541152
43.394779349010854	-69.61177472642831
43.86208772848394	-69.6141078701213
44.32939610795703	-69.61640131462697
44.79670448743012	-69.6186617838953
45.26401286690321	-69.6208898180492
45.7313212463763	-69.62308071859313
46.198629625849385	-69.62522945116723
46.665938005322474	-69.62733423150985
47.13324638479556	-69.62939592719523
47.60055476426865	-69.63141652098491
48.06786314374174	-69.63339767354776
48.53517152321483	-69.63533971674663
49.00247990268792	-69.63724302193877
49.469788282161005	-69.63910931675915
49.937096661634094	-69.64094087540576
50.40440504110718	-69.642739013279
50.87171342058027	-69.64450334683725
51.33902180005336	-69.64623197862039
51.80633017952645	-69.64792403592952
52.27363855899954	-69.64958171422835
52.740946938472625	-69.65120887760094
53.208255317945714	-69.65280811413857
53.6755636974188	-69.65437924622188
54.14287207689189	-69.65591993823675
54.61018045636498	-69.65742768498181
55.07748883583807	-69.65890099000586
55.544797215311156	-69.66033912088345
56.012105594784245	-69.66174275412003
56.479413974257334	-69.66311325011105
56.80401435361824	-69.66404552059025
57.12861473297915	-69.66496027532149
57.45321511234006	-69.66585707355362
57.77781549170097	-69.66673701755201
58.10241587106188	-69.66760183044477
58.42701625042279	-69.6684527091138
58.7516166297837	-69.66929015750868
59.2889104435333	-69.67064692438886
59.826204257282896	-69.67196738629605
60.363498071032495	-69.67325199622323
60.900791884782095	-69.67450140903651
61.72379273951883	-69.67635030684961
62.54679359425556	-69.6781251322803
63.369794448992295	-69.67983016877722
64.19279530372903	-69.68147036216187
65.69294568459124	-69.68430770921482
67.19309606545345	-69.6869591837529
68.69324644631565	-69.68943365058952
70.19339682717786	-69.69173242431114
71.69354720804007	-69.69386765226334
73.19369758890228	-69.69585790131292
74.69384796976449	-69.69769704314032
76.1939983506267	-69.69938671182273
77.69414873148891	-69.70096501406341
79.19429911235112	-69.7024309116415
80.69444949321333	-69.70375390968486
82.19459987407554	-69.70498717607869
83.69475025493774	-69.70614822014387
85.19490063579995	-69.70720101221521
86.69505101666216	-69.70817789675951
88.19520139752437	-69.709117030267
89.69535177838658	-69.70995298412633
91.19550215924879	-69.71068754152735
92.695652540111	-69.71143786631869
94.19580292097321	-69.71220817169144
95.69595330183542	-69.71293583346323
97.19610368269763	-69.71356800116041
98.69625406355983	-69.71411678754959
101.2453922531955	-69.71489692983948
103.79453044283117	-69.7155395011425
106.34366863246684	-69.71613248241925
108.89280682210251	-69.71657029371573
111.44194501173818	-69.71687238857726
113.00201246620128	-69.71704141996774
114.56207992066437	-69.71724001100355
116.12214737512747	-69.71747330072142
117.68221482959056	-69.71769157327623
119.24228228405366	-69.71787291921794
120.80234973851675	-69.71807885076157
122.36241719297985	-69.71823995446088
123.21518086590547	-69.71825500195135
124.06794453883109	-69.71819876222189
124.9207082117567	-69.71809594659467
125.77347188468232	-69.71798859167326
126.62623555760794	-69.71791628814042
127.47899923053356	-69.71790640145649
128.33176290345918	-69.71794899916897
129.1845265763848	-69.71802936965668
130.03729024931042	-69.71814781611099
130.89005392223604	-69.71829532968219
131.74281759516165	-69.71845793598605
132.59558126808727	-69.71862629616727
133.4483449410129	-69.71877887688859
134.3011086139385	-69.71890256779325
135.15387228686413	-69.71901098054033
136.00663595978975	-69.71911424700103
136.85939963271537	-69.71921507602181
137.71216330564098	-69.7193196118922
138.5649269785666	-69.71941791125484
139.41769065149222	-69.71949246525836
140.27045432441784	-69.71954973411266
141.12321799734346	-69.7196079137746
141.97598167026908	-69.71967799011307
142.8287453431947	-69.71975870278054
143.68150901612032	-69.7198387830184
144.53427268904593	-69.71990213922336
145.38703636197155	-69.71994172941655
146.23980003489717	-69.7199608105171
147.0925637078228	-69.71996478675572
147.9453273807484	-69.71996246936985
148.79809105367403	-69.71996314030908
149.65085472659965	-69.71996439596151
150.50361839952527	-69.71996420657418
151.35638207245088	-69.71996954131646
151.8972423037478	-69.71997764057383
152.4381025350447	-69.71998871324595
152.9789627663416	-69.72000279817664
153.5198229976385	-69.72001915246567
154.0606832289354	-69.720035589975
154.6015434602323	-69.72005090829958
155.1424036915292	-69.72006476653542
155.68326392282611	-69.72007620246427
156.22412415412302	-69.72008489018205
156.76498438541992	-69.72009161736929
157.30584461671683	-69.72009661479235
157.84670484801373	-69.72009986101448
158.38756507931063	-69.72010209226326
158.92842531060754	-69.7201037118694
159.46928554190444	-69.72010453851126
160.01014577320134	-69.72010495402529
160.55100600449825	-69.72010539660722
161.09186623579515	-69.72010566962592
161.63272646709206	-69.72010585749406
162.17358669838896	-69.72010635510281
162.71444692968586	-69.72010699752832
163.25530716098277	-69.72010730640822
163.79616739227967	-69.7201071273649
164.33702762357657	-69.72010668897273
165.19093391800078	-69.72010634687123
166.044840212425	-69.72010706828651
166.8987465068492	-69.72010907859658
167.7526528012734	-69.72011274747895
168.6065590956976	-69.72011837847177
169.4604653901218	-69.72012506485207
170.31437168454602	-69.72013266713178
171.16827797897022	-69.72014198598659
172.02218427339443	-69.72015131926969
172.87609056781864	-69.72015957411237
173.72999686224284	-69.72016923584614
174.58390315666705	-69.72017901811556
175.43780945109125	-69.7201859514479
176.29171574551546	-69.7201921460347
177.14562203993967	-69.72019746184662
177.99952833436387	-69.7201993032052
178.85343462878808	-69.72020198800521
179.70734092321229	-69.72020845205141
180.5612472176365	-69.7202113835357
181.4151535120607	-69.72020641613668
182.2690598064849	-69.72019712555891
183.1229661009091	-69.72019650666245
183.97687239533332	-69.72021536058139
184.83077868975752	-69.72025211029597
185.68468498418173	-69.72029695800337
186.53859127860594	-69.72034276740916
187.39249757303014	-69.72038015985127
188.24640386745435	-69.72040161100118
189.10031016187855	-69.72041605777218
189.95421645630276	-69.72042858471295
190.80812275072697	-69.72042842194814
191.66202904515117	-69.72041007601261
192.51593533957538	-69.72037579879031
193.36984163399958	-69.72032709791783
194.2237479284238	-69.72027955932609
195.077654222848	-69.72025251078968
195.58395879892623	-69.72024652989288
196.09026337500447	-69.72024096247817
196.5965679510827	-69.72023278946811
197.10287252716094	-69.72022332019277
197.60917710323918	-69.72021549883287
198.1154816793174	-69.72021201341609
198.62178625539565	-69.7202142240546
199.12809083147388	-69.72022157092391
199.63439540755212	-69.72023264574311
200.14069998363036	-69.72024600007579
200.6470045597086	-69.72026028351314
201.15330913578683	-69.72027468920396
201.65961371186506	-69.72028894702729
202.1659182879433	-69.72030283391956
202.67222286402153	-69.72031622147796
203.46747129961648	-69.72033658644229
204.26271973521142	-69.72035662112478
205.67254964290552	-69.72038850796865
207.08237955059963	-69.72041246336558
209.34491583253174	-69.720442963288
211.60745211446385	-69.72044947374005
213.86998839639597	-69.72044337520327
216.13252467832808	-69.72048367943921
218.3950609602602	-69.72053545697217
220.6575972421923	-69.7205704619554
222.92013352412442	-69.72064824155132
225.18266980605654	-69.72072010023362
227.44520608798865	-69.7207749438041
229.70774236992077	-69.72079106677221
231.97027865185288	-69.72073492246429
234.232814933785	-69.72071656670609
236.4953512157171	-69.72079552790612
238.75788749764922	-69.72067991726817
239.68015843150158	-69.72057167821315
240.60242936535394	-69.72044882043852
241.5247002992063	-69.72033192117557
242.44697123305866	-69.72023823595013
243.36924216691102	-69.72017594467529
245.68903616741392	-69.7201143372496
248.0088301679168	-69.72017073747863
250.3286241684197	-69.72029364800999
252.6484181689226	-69.72039165350054
254.9682121694255	-69.72047402692161
257.2880061699284	-69.7206029275521
259.6078001704313	-69.72075337110766
261.9275941709342	-69.72085859545389
265.8230214894915	-69.72096068111668
269.71844880804883	-69.72093931629587
273.61387612660616	-69.72094722620561
277.5093034451635	-69.72105205036868
279.0747076994345	-69.72108258010289
280.6401119537055	-69.72109655743195
282.20551620797653	-69.72108446974687
283.77092046224755	-69.7210449414905
287.2115630821191	-69.72098677652458
290.6522057019906	-69.72089732069752
294.09284832186216	-69.72078983066973
301.19892926510744	-69.72086551459016
308.3050102083527	-69.72064355723916
315.411091151598	-69.72089964387455
317.18761138740933	-69.72089856958651
318.9641316232207	-69.72091404581461
320.740651859032	-69.72092096128111
322.5171720948434	-69.72089070704381
324.2936923306547	-69.7208483070934
326.07021256646607	-69.72083769890145
327.8467328022774	-69.72083466373401
329.62325303808876	-69.72080397047802
331.3997732739001	-69.72077804383602
333.17629350971146	-69.7207851369296
335.9509661192323	-69.7207688194907
338.72563872875315	-69.72076898629999
341.500311338274	-69.72080453505068
348.568770379975	-69.72069849640158
355.63722942167595	-69.72091225140389
362.70568846337693	-69.72068986375199
365.58607101536444	-69.72073183561668
368.46645356735195	-69.72074702484134
371.34683611933946	-69.72081784202376
374.22721867132697	-69.72088760332173
377.1076012233145	-69.72085282240536
379.987983775302	-69.72081231735297
382.8683663272895	-69.72090964358192
388.0689428034067	-69.72104222662912
393.2695192795239	-69.72067052150308
394.5696633985532	-69.72054529372966
395.8698075175825	-69.7204684714005
397.1699516366118	-69.72040970656612
399.4076939250305	-69.72035443060065
401.6454362134492	-69.72035166951333
406.60850346455095	-69.72042334380855
411.5715707156527	-69.72056253203138
421.7431831138084	-69.72096808286153
430.037688791554	-69.72080626205017
438.33219446929957	-69.72107478513219
446.62670014704514	-69.72075152885944
454.9212058247907	-69.72019127273177
457.8904025493545	-69.7203328705733
460.8595992739183	-69.72043025707927
463.8287959984821	-69.72060942370011
466.7979927230459	-69.72078883035506
469.7671894476097	-69.72078401611921
472.7363861721735	-69.72074584063853
475.7055828967373	-69.72093042668189
478.6747796213011	-69.7210520156399
481.6439763458649	-69.72083397904643
482.7246050975881	-69.72078122836754
483.80523384931126	-69.72076444269864
485.6153564114735	-69.72075487421478
487.42547897363573	-69.72076876652079
489.23560153579797	-69.7207983486632
492.7219321707738	-69.72083441783924
496.20826280574965	-69.72091393433989
499.6945934407255	-69.72095720684898
503.18092407570134	-69.72089043801063
509.6437371824548	-69.72091188364732
516.1065502892083	-69.72094554546806
522.5693633959618	-69.72026480109592
525.4964732362367	-69.72007343112789
527.0985942672058	-69.72007527741579
528.7007152981749	-69.72012006955215
530.302836329144	-69.72021624074993
530.9999999999882	-69.72027388430735
531.0000000000059	-69.72027388430735
531.0001179473965	-69.71392416879155
531.0003864649095	-69.70041843279816
531.0010403645754	-69.67057680433321
531.0020631119089	-69.62842744706256
531.0030858592424	-69.58951447844458
531.0047682838498	-69.53150813230957
531.0073652198628	-69.44888974808909
531.0099621558758	-69.37326341505027
531.0159972637374	-69.21529960399273
531.022032371599	-69.07531057123144
531.0280674794607	-68.94689944954443
531.0341025873223	-68.82673406703726
531.043406821575	-68.6532859068336
531.0527110558277	-68.49198635991593
531.0620152900804	-68.34062675704052
531.0778627556341	-68.10134243384259
531.0937102211878	-67.88128433803138
531.1225100913429	-67.51953873904115
531.1513099614979	-67.19492860458445
531.1801098316529	-66.89876816229231
531.2089097018079	-66.62606858178292
531.2377095719629	-66.37333029637674
531.2861822655198	-65.98584405464202
531.3346549590766	-65.63676524177113
531.3831276526334	-65.3183642352496
531.4316003461903	-65.02525839574614
531.5086325556483	-64.60252875419191
531.5856647651063	-64.22169399030194
531.6626969745644	-63.87357488469595
531.7826777051816	-63.38207040643692
531.9026584357989	-62.93729740774001
532.0226391664162	-62.52754683948775
532.2384863893017	-61.85381587252228
532.4543336121872	-61.239650948881426
532.6701808350726	-60.670286157626826
532.8860280579581	-60.13461939049898
533.1018752808436	-59.62390646955255
533.3177225037291	-59.13274131269463
533.6530400717354	-58.40143179295707
533.9883576397417	-57.70028676139722
534.323675207748	-57.020880046044795
534.6589927757543	-56.35509147399946
534.9943103437606	-55.694457036973034
535.3296279117669	-55.02592463828914
535.6649454797732	-54.33530319228599
536.0002630477795	-53.602829174388354
536.3355806157858	-52.80429002939946
536.4194100077874	-52.58776833518832
536.503239399789	-52.357504342521906
536.5870687917906	-52.11351972189369
536.7234540802607	-51.68762254294291
536.8598393687308	-51.21242750745917
536.996224657201	-50.65143707557536
537.1326099456711	-49.9493611044554
537.1667062677886	-49.73993117103227
537.2008025899062	-49.5057808627731
537.2348989120237	-49.240325379150306
537.2689952341412	-48.93315924101222
537.3030915562588	-48.565053937201206
537.3230546466742	-48.3085848960729
537.3430177370897	-48.00485057357529
537.3545446546726	-47.799859455337845
537.3660715722556	-47.564672011518205
537.3775984898385	-47.28916450192908
537.3891254074215	-46.959067156924974
537.39580497862	-46.73577245525193
537.4024845498186	-46.483097963565285
537.4091641210172	-46.19608151468202
537.4158436922157	-45.87020579959028
537.4225232634143	-45.50182471542935
537.4292028346129	-45.08856783873877
537.4358824058114	-44.629518034042285
537.44256197701	-44.125014495848966
537.4492415482085	-43.576099861720046
537.4559211194071	-42.98390742983157
537.4626006906057	-42.349321780404495
537.4692802618042	-41.67300407858471
537.4759598330028	-40.9555565304375
537.4860924361213	-39.790327875359644
537.4962250392399	-38.53520440074811
537.5063576423585	-37.193701501155005
537.516490245477	-35.76823199330919
537.5266228485956	-34.25908220630197
537.5367554517142	-32.663968721430585
537.5468880548327	-30.978382525270444
537.5570206579513	-29.194452512468178
537.5671532610698	-27.300564727682563
537.5772858641884	-25.281927118316457
537.5946594938799	-21.48670878360817
537.6120331235715	-17.20961898090627
537.629406753263	-12.417879550041869
537.6467803829545	-7.185314286103891
537.664154012646	-1.7216472681111186
537.6815276423375	3.6330849768662823
537.698901272029	8.553321040818286
537.7162749017206	12.770444955292453
537.7336485314121	16.18722827195584
537.7510221611036	18.857755252865196
537.762927645812	20.30341739767789
537.7748331305205	21.473444573824853
537.786738615229	22.410958101993735
537.7986440999374	23.155226354131525
537.8105495846459	23.73636023294312
537.8224550693543	24.17768780996837
537.8343605540628	24.499125698118355
537.8462660387712	24.718142693958075
537.8581715234797	24.849385393687268
537.8700770081881	24.904645985605352
537.8819824928966	24.893439823921742
537.893887977605	24.823688454871935
537.9057934623135	24.702178848012004
537.9176989470219	24.53481212571392
537.9296044317304	24.326760768988567
537.9415099164388	24.082600856852395
537.9534154011473	23.806428053384646
537.9653208858557	23.501944861807534
537.9772263705642	23.17250872297088
537.9891318552726	22.821144393848144
538.001037339981	22.450537038348646
538.0129428246895	22.063024301244784
538.024848309398	21.660590800903105
538.0367537941064	21.244884184616485
538.0486592788149	20.817246330578694
538.0605647635233	20.378759857195362
538.0724702482318	19.930300336849978
538.0843757329402	19.472581611668556
538.0962812176487	19.00618938398618
538.1081867023571	18.53160452328194
538.1200921870656	18.049219553913943
538.131997671774	17.559352277308385
538.1439031564825	17.062259530166536
538.1558086411909	16.558151426925864
538.1677141258994	16.0472044902051
538.1796196106078	15.529572652636974
538.1915250953163	15.005396634403725
538.2034305800247	14.474812327163026
538.2153360647332	13.937957797775283
538.2272415494416	13.394978309804594
538.23914703415	12.846029871429655
538.2510525188585	12.29128276038124
538.262958003567	11.730925709184195
538.2748634882754	11.165169843915239
538.2867689729839	10.594251012698555
538.2986744576923	10.018429505801468
538.3105799424008	9.437987290535526
538.3224854271092	8.853223450255854
538.3343909118176	8.264448520211229
538.3462963965261	7.671978340215909
538.3582018812345	7.0761280530862125
538.370107365943	6.477206839876053
538.3820128506514	5.875513798845253
538.3939183353599	5.271335090457586
538.4058238200683	4.6649422268968275
538.4177293047768	4.056591305542828
538.4296347894852	3.4465230461456753
538.4415402741937	2.8349635198299703
538.4534457589021	2.2221253406167256
538.4653512436106	1.608208930071152
538.477256728319	0.9934034483200364
538.4891622130275	0.3778872770460981
538.501067697736	-0.23817198712127846
538.5129731824444	-0.8546177436709241
538.5248786671528	-1.4713045160693268
538.5367841518613	-2.088097632779432
538.5486896365697	-2.7048710022168208
538.5605951212782	-3.3215026426387544
538.5725006059866	-3.9378707907086943
538.5844060906951	-4.553854918889738
538.5963115754035	-5.169338241629041
538.608217060112	-5.784207091050123
538.6201225448204	-6.398347976563076
538.6320280295289	-7.011646457813779
538.6439335142373	-7.6239907148850135
538.6558389989458	-8.23526840150483
538.6677444836542	-8.845363500836122
538.6796499683627	-9.454152107031701
538.6915554530711	-10.061505279692122
538.7034609377796	-10.667292685148956
538.715366422488	-11.271371465750173
538.7343860232907	-12.232288629982165
538.7534056240933	-13.186930274224444
538.7724252248959	-14.134172923174479
538.7914448256985	-15.073115819667166
538.8104644265011	-16.003108350216372
538.8294840273037	-16.923483620030908
538.8485036281063	-17.83392279927175
538.8675232289089	-18.73441824299653
538.8865428297115	-19.62501832430671
538.9055624305141	-20.50571031473533
538.9245820313167	-21.37642728929811
538.9436016321193	-22.237155662706826
538.962621232922	-23.0879774352202
538.9816408337246	-23.92896464256735
539.0006604345272	-24.76009658703443
539.0196800353298	-25.581301002465164
539.0386996361324	-26.39249818962022
539.057719236935	-27.193553386043188
539.0767388377376	-27.9842149963082
539.0957584385402	-28.764113247643415
539.1147780393428	-29.532779751454168
539.1337976401454	-30.289646211890055
539.152817240948	-31.034045932402996
539.1718368417506	-31.765239167664213
539.1908564425532	-32.48244015000168
539.2098760433558	-33.18483123354617
539.2288956441585	-33.87158121683901
539.2479152449611	-34.54187150471619
539.2669348457637	-35.194918644560424
539.2859544465663	-35.82999093717756
539.3049740473689	-36.44642228535917
539.3239936481715	-37.043629228041844
539.3430132489741	-37.62113096165182
539.3620328497767	-38.17855733153499
539.3810524505793	-38.715654925814896
539.4000720513819	-39.23228639101419
539.4190916521845	-39.72842207029525
539.4381112529871	-40.204145816328584
539.4571308537897	-40.659639996075875
539.4761504545924	-41.09516736539178
539.495170055395	-41.51107185354447
539.5141896561976	-41.907766447888775
539.5332092570002	-42.28571620726453
539.5522288578028	-42.645416741786555
539.5712484586054	-42.98789728314774
539.590268059408	-43.313859816203966
539.6092876602106	-43.62385766667472
539.6283072610132	-43.91854686270519
539.6473268618158	-44.19858580909097
539.6663464626184	-44.46454906530253
539.685366063421	-44.716953767723005
539.7043856642237	-44.95630320350646
539.7234052650263	-45.18310657663047
539.7424248658289	-45.397879486825275
539.7614444666315	-45.601137429860444
539.7804640674341	-45.793391443616116
539.7994836682367	-45.975145984129696
539.8185032690393	-46.14689504004073
539.847051827958	-46.38696093560448
539.8756003868767	-46.60714356452347
539.9041489457954	-46.80895198852425
539.9326975047142	-46.993831448739336
539.9612460636329	-47.163145862629705
539.9897946225516	-47.31819435500499
540.0183431814703	-47.46021701272664
540.046891740389	-47.59039554488106
540.0754402993077	-47.70985298165207
540.1039888582264	-47.81965404254165
540.1479938121091	-47.97229638027563
540.1919987659918	-48.107807482062626
540.2360037198745	-48.22926746804022
540.2800086737572	-48.33944826863386
540.3240136276398	-48.44078426939523
540.3907777515977	-48.58222471598013
540.4575418755556	-48.714026478290826
540.5243059995136	-48.84066875559769
540.5910701234715	-48.96547678270393
540.6578342474294	-49.090792969997786
540.7586832148436	-49.28443799992927
540.8595321822578	-49.48567044093427
540.960381149672	-49.69510238858233
541.0612301170862	-49.912049083578836
541.1620790845004	-50.13516884711441
541.2629280519146	-50.36279813042895
541.4289035213636	-50.74295725305318
541.5948789908126	-51.1235709090488
541.7608544602616	-51.49768439128428
541.9268299297106	-51.859794625247474
542.0928053991596	-52.20647210508653
542.2587808686086	-52.53602758258899
542.5323951469201	-53.0403957965961
542.8060094252315	-53.495241065712825
543.079623703543	-53.90523189102495
543.3532379818545	-54.272292387103406
543.626852260166	-54.60015424327117
543.9004665384774	-54.89272569470581
544.1740808167889	-55.15702268142046
544.4476950951004	-55.39679828411669
544.7213093734118	-55.6167998809898
544.9949236517233	-55.817368093462534
545.2685379300348	-56.002832484823415
545.5421522083462	-56.17650028012269
545.8157664866577	-56.342003045577734
546.0893807649692	-56.4973196686514
546.3629950432806	-56.64676898082878
546.6366093215921	-56.78749152192412
546.9102235999036	-56.926449647564844
547.1838378782151	-57.06123334372754
547.4574521565265	-57.18765035796278
547.731066434838	-57.309632222836534
548.0046807131495	-57.42920120088711
548.2782949914609	-57.54417329819818
548.5519092697724	-57.65467429234801
548.8255235480839	-57.76234500229744
549.0991378263953	-57.8669835576751
549.533912743805	-58.023838180231365
549.9686876612146	-58.16387019076652
550.4034625786243	-58.29631060331355
550.8382374960339	-58.424985549575204
551.2730124134436	-58.5462960680229
551.7077873308532	-58.64519292735687
552.1425622482628	-58.7353219577382
552.4252491348133	-58.796658590078145
552.7079360213637	-58.85339301763532
552.9906229079141	-58.90357707239582
553.2733097944646	-58.94911460427164
553.555996681015	-58.99263867398325
553.9865290260664	-59.050785681141726
554.4170613711177	-59.09835245322177
554.8475937161691	-59.140128750155434
555.2781260612204	-59.17634030810915
555.7086584062718	-59.20670813759421
556.1391907513231	-59.228878726095836
556.5697230963744	-59.245325803629214
557.0002554414258	-59.25601117942892
557.4307877864771	-59.26246118396322
557.8613201315285	-59.26271886492135
558.2918524765798	-59.25902061422731
558.7223848216312	-59.25018036614177
559.1529171666825	-59.23853571602864
559.5834495117339	-59.22175016632113
560.0139818567852	-59.20261453683641
560.4445142018366	-59.178727308975546
560.8750465468879	-59.15217997970044
561.3055788919393	-59.12275889964352
561.7361112369906	-59.09156405135667
562.166643582042	-59.057203729808656
562.5971759270933	-59.02057650031734
563.0277082721447	-58.98176020737695
563.7178988741995	-58.91581178188266
564.4080894762543	-58.845162475510364
565.7807542251765	-58.6934708899919
567.1534189740986	-58.52917913887646
568.5260837230207	-58.35421404818287
569.8987484719429	-58.17204393434338
571.271413220865	-57.98336196844984
572.6440779697872	-57.791036669594234
574.0167427187093	-57.59429420865379
575.3894074676315	-57.39639463752188
576.7620722165536	-57.1946385480814
578.1347369654758	-56.99415300505096
579.5074017143979	-56.78838069501454
580.8800664633201	-56.58753717037491
582.2527312122422	-56.382605999191426
583.6253959611644	-56.17582669853103
584.9980607100865	-55.966338185814884
586.3707254590087	-55.75513304397589
587.7433902079308	-55.537802616876
589.116054956853	-55.320911885180244
590.4887197057751	-55.092644931014455
591.8613844546973	-54.85933397202346
593.2340492036194	-54.61519534138067
594.6067139525416	-54.353341578030914
595.9793787014637	-54.08003154752284
596.3225448886942	-54.00521811978839
596.6657110759247	-53.9282659028314
597.0088772631552	-53.84756759264735
597.3520434503857	-53.766703349417234
597.6952096376162	-53.6804795496182
598.0383758248468	-53.59576492354668
598.3815420120773	-53.506032660007406
598.7247081993078	-53.41015987822531
599.0678743865383	-53.31088127237298
599.4110405737688	-53.204776048179575
599.7542067609993	-53.09562767754814
600.0973729482298	-52.97580629056241
600.4405391354603	-52.848610193416995
600.7837053226908	-52.71347567222701
601.3174079950919	-52.479388417366366
601.851110667493	-52.204466914336
602.3848133398941	-51.87279640271034
602.6776288469786	-51.65477179432234
602.970444354063	-51.3957128296116
603.2632598611475	-51.09077647641407
603.4203565611888	-50.895007003044476
603.5774532612301	-50.6659326904637
603.7345499612713	-50.39397040755697
603.7738241362816	-50.317252944491784
603.8130983112919	-50.2354219655519
603.8721870820468	-50.10140782518533
603.965006845789	-49.85677211586905
603.9882117867246	-49.78863471173043
604.0114167276602	-49.71672006414887
604.0527555528388	-49.57719115138358
604.0940943780174	-49.41973823168466
604.135433203196	-49.238569338060685
604.1767720283747	-49.02394953305639
604.1954601393086	-48.91368654655822
604.2141482502425	-48.79215401554273
604.2328363611764	-48.65635729501237
604.2515244721103	-48.50222430818959
604.2702125830442	-48.32374963630587
604.2790713167725	-48.22923274259096
604.2879300505008	-48.12652320386111
604.2967887842291	-48.01410201158983
604.3056475179574	-47.890011301138365
604.3145062516857	-47.75186508690636
604.323364985414	-47.59652110619138
604.3322237191422	-47.42014933709002
604.3410824528705	-47.21779719559229
604.3499411865988	-46.983761443410884
604.3587999203271	-46.71132404612723
604.3630813186245	-46.564536192865425
604.3673627169219	-46.406484016962075
604.3716441152193	-46.23640766204388
604.3759255135167	-46.053681293061814
604.3802069118141	-45.85781537489469
604.3844883101115	-45.648467216045525
604.3887697084089	-45.42544328632018
604.3930511067063	-45.18868548200369
604.3973325050036	-44.938247291755644
604.401613903301	-44.67426587900488
604.4058953015984	-44.39693413696189
604.4101766998958	-44.10647526710302
604.4144580981932	-43.803122112526175
604.4222143901277	-43.22149485924955
604.4299706820622	-42.599375139752766
604.4377269739966	-41.93775295876258
604.4454832659311	-41.23770754376837
604.4532395578656	-40.500349626730205
604.4609958498	-39.72665981614937
604.4687521417345	-38.91754812153967
604.4810927131429	-37.559421241976445
604.4934332845512	-36.11659240806012
604.5057738559595	-34.58971706351426
604.5181144273679	-32.97613525342487
604.5304549987762	-31.26923456110726
604.5427955701846	-29.458148699359548
604.5551361415929	-27.528924780225434
604.5674767130013	-25.464383951446564
604.5798172844096	-23.246419562370054
604.592157855818	-20.858058628539762
604.6044984272263	-18.287894592627527
604.6168389986346	-15.534025722553647
604.629179570043	-12.609708156144572
604.6415201414513	-9.549189144518747
604.6538607128597	-6.403074099311354
604.666201284268	-3.239673680144791
604.6785418556764	-0.1376830436898337
604.6908824270847	2.826103606109986
604.7032229984931	5.587684575412855
604.7155635699014	8.102247013656543
604.7279041413098	10.348366976932756
604.7402447127181	12.316728076193
604.7525852841264	14.016379975187709
604.7649258555348	15.46712325227302
604.7772664269431	16.693798308586803
604.7896069983515	17.72256458445334
604.8019475697598	18.57868070797494
604.8142881411682	19.285263731455707
604.8266287125765	19.862665928493396
604.8389692839849	20.32831293228491
604.8513098553932	20.69686956132805
604.8636504268015	20.980571773577893
604.8759909982099	21.189612719445314
604.8883315696182	21.332524970073724
604.9006721410266	21.416522641737746
604.9130127124349	21.447781453269265
604.9253532838433	21.43166053733743
604.9376938552516	21.372878180352142
604.95003442666	21.275647122413407
604.9623749980683	21.14377402213633
604.9747155694766	20.980717635076182
604.987056140885	20.789679353936066
604.9993967122933	20.57357451663293
605.0117372837017	20.33505076708215
605.02407785511	20.076471187230833
605.0364184265184	19.799898415644225
605.0487589979267	19.507084984829945
605.061099569335	19.199500673510254
605.0734401407434	18.87833199079158
605.0857807121517	18.544530260717636
605.0981212835601	18.198850628856334
605.1104618549684	17.841892571113355
605.1228024263768	17.474136715912916
605.1351429977851	17.09597215308164
605.1474835691935	16.70771397446244
605.1598241406018	16.309614825384898
605.1721647120102	15.901874718680878
605.1845052834185	15.484651387423181
605.1968458548268	15.05807142801146
605.2091864262352	14.622241608165536
605.2215269976435	14.177259577996757
605.2338675690519	13.723223574223798
605.2462081404602	13.260240337247238
605.2585487118686	12.78843228121516
605.2708892832769	12.307943435583319
605.2832298546853	11.818943962781763
605.2955704260936	11.321633925878517
605.307910997502	10.816245911533393
605.3202515689103	10.303045790680107
605.3325921403186	9.782331202673802
605.344932711727	9.254427649662118
605.3572732831353	8.71968260187691
605.3696138545437	8.178458381796574
605.381954425952	7.631124722157412
605.3942949973604	7.078051830001939
605.4066355687687	6.519604587099119
605.418976140177	5.956138235355012
605.4313167115854	5.387995617623759
605.4436572829937	4.815505834571178
605.4559978544021	4.23898404473796
605.4683384258104	3.6587320277761863
605.4806789972188	3.0750392445372454
605.4930195686271	2.488183628009966
605.5053601400355	1.8984322239296383
605.5177007114438	1.3060415450132425
605.5300412828522	0.7112572881220651
605.5423818542605	0.11431396261158283
605.5547224256688	-0.4845648208811896
605.5670629970772	-1.085164129035064
605.5794035684855	-1.6872748739778167
605.5917441398939	-2.290692009439049
605.6040847113022	-2.8952149012258723
605.6164252827106	-3.5006479896673794
605.6287658541189	-4.106799511876746
605.6411064255273	-4.713481565234347
605.6534469969356	-5.320508113206126
605.665787568344	-5.927694714074276
605.6781281397523	-6.534862004818438
605.6904687111606	-7.141829375791859
605.702809282569	-7.748418258524307
605.7151498539773	-8.354447534934083
605.7274904253857	-8.959736729507203
605.739830996794	-9.564103527624246
605.7521715682024	-10.167370817840863
605.7645121396107	-10.769361329343928
605.776852711019	-11.369892733772966
605.7891932824274	-11.96875938853153
605.8015338538357	-12.565617646623044
605.8138744252441	-13.160097653933956
605.8262149966524	-13.751968791509896
605.8385555680608	-14.341032323192193
605.8508961394691	-14.927087461931247
605.8632367108775	-15.50992298887767
605.8755772822858	-16.08936825644778
605.8879178536941	-16.665301692562053
605.9064783281729	-17.524684232685583
605.9250388026516	-18.37560037053037
605.9435992771303	-19.21781385874945
605.962159751609	-20.051111315301412
605.9807202260877	-20.875305733907382
605.9992807005664	-21.69026807917481
606.0178411750451	-22.4959080996736
606.0364016495238	-23.292125016170946
606.0549621240025	-24.0788047226799
606.0735225984812	-24.85584399383944
606.0920830729599	-25.623137572936223
606.1106435474386	-26.38054250432031
606.1292040219173	-27.127866253321525
606.147764496396	-27.864870372408884
606.1663249708747	-28.591266133566528
606.1848854453534	-29.306711310996846
606.2034459198321	-30.01082174096606
606.2220063943108	-30.70318712068598
606.2405668687895	-31.383379588495288
606.2591273432682	-32.0509606698237
606.2776878177469	-32.70549195442442
606.2962482922256	-33.34654547873443
606.3148087667043	-33.97370921190677
606.333369241183	-34.586591099985384
606.3519297156618	-35.18482672807935
606.3704901901405	-35.76808824843854
606.3890506646192	-36.336091506913775
606.4076111390979	-36.88860138938117
606.4261716135766	-37.42543454955826
606.4447320880553	-37.94646190365882
606.463292562534	-38.45161103435048
606.4818530370127	-38.94086389057099
606.5004135114914	-39.414255492151746
606.5189739859701	-39.87187082906543
606.5375344604488	-40.31383732169582
606.5560949349275	-40.74032072709552
606.5746554094062	-41.15151787460673
606.5932158838849	-41.547657145787504
606.6117763583636	-41.92899045858754
606.6303368328423	-42.295792269204284
606.648897307321	-42.648413980941825
606.6674577817997	-42.98736455572257
606.6860182562784	-43.31303942637265
606.7045787307571	-43.62579866003754
606.7231392052358	-43.92605292885821
606.7416996797145	-44.21421309782825
606.7602601541932	-44.490650226921204
606.7884638419937	-44.88904405700131
606.8166675297941	-45.262475403856165
606.8448712175946	-45.61226320835408
606.873074905395	-45.93971729683544
606.9012785931955	-46.24622893838043
606.9294822809959	-46.53312195931523
606.9576859687963	-46.801698710538496
606.9858896565968	-47.05323830443195
607.0140933443972	-47.28898504509671
607.0422970321977	-47.510145249107445
607.0705007199981	-47.71788594514764
607.0987044077986	-47.91333335463162
607.126908095599	-48.09757090625574
607.1551117833994	-48.27163657083577
607.2000181350589	-48.53020255947905
607.2449244867184	-48.76916296507095
607.289830838378	-48.991867016943544
607.3347371900375	-49.20129401136028
607.4022455969548	-49.496738691471734
607.4697540038721	-49.775372039624166
607.5372624107895	-50.04296968774448
607.6047708177068	-50.303816407929006
607.6722792246242	-50.56097905898961
607.77750173745	-50.959358036415196
607.8827242502759	-51.358730555160555
607.9879467631018	-51.76088691032045
608.0931692759277	-52.16578795943151
608.2517477417856	-52.778685168227284
608.4103262076435	-53.39021991293915
608.5689046735014	-53.994829408062074
608.7274831393593	-54.587970743159715
608.8860616052172	-55.16598604758054
609.044640071075	-55.72637001467485
609.2032185369329	-56.26759041039339
609.3617970027908	-56.788868960134884
609.5203754686487	-57.289891674537834
609.6789539345066	-57.77091199349075
609.8375324003645	-58.23247798482662
609.9961108662224	-58.67520857955916
610.2416709293557	-59.32488698749152
610.487230992489	-59.93313316516377
610.7327910556223	-60.50228657011704
610.9783511187557	-61.034672676139685
611.223911181889	-61.532315998629066
611.6240658959658	-62.27345995804443
612.0242206100427	-62.9345319550635
612.6460313313027	-63.81914870488546
613.2678420525626	-64.5520537235068
613.8896527738226	-65.15444300916849
614.5114634950826	-65.64606304120335
615.1332742163426	-66.04331074065382
615.7550849376025	-66.35991532960124
616.3768956588625	-66.60822093447389
616.9987063801225	-66.79872473871613
617.6205171013825	-66.94021143078214
618.2423278226424	-67.04014374631143
618.8641385439024	-67.1047455629291
619.4859492651624	-67.13924115093673
620.1077599864224	-67.14807224286737
620.7295707076823	-67.1349901722457
621.7467933950944	-67.07410415540178
622.7640160825065	-66.97416567237445
623.7812387699186	-66.84414122294253
624.7984614573306	-66.69102838708541
625.8156841447427	-66.52001198667507
626.8329068321548	-66.33521505034211
627.8501295195668	-66.14001970273006
629.4688009757286	-65.81382705892541
631.0874724318904	-65.47563250553237
632.7061438880522	-65.13113425062113
634.324815344214	-64.78449957494507
635.9434868003758	-64.43824518916722
637.5621582565376	-64.09403286257749
639.1808297126994	-63.753217380294046
640.7995011688612	-63.4166787264722
642.418172625023	-63.08489450650022
644.0368440811848	-62.75830710343644
645.6555155373466	-62.437207390707066
647.2741869935084	-62.12180126465903
648.8928584496701	-61.812186777054634
650.5115299058319	-61.50842112322364
652.1302013619937	-61.21045335211375
653.7488728181555	-60.91807136467215
655.3675442743173	-60.63124439322743
656.2972220352464	-60.46905119223119
657.2268997961754	-60.308722102353165
658.1565775571045	-60.15021804714304
659.0862553180335	-59.99351119776331
660.0159330789626	-59.83852027645864
660.9456108398916	-59.68518368032657
661.8752886008207	-59.533491099023216
662.8049663617497	-59.38347872953331
663.7346441226788	-59.235185869049516
664.6643218836078	-59.088610738418
665.5939996445369	-58.943722312623045
666.523677405466	-58.800506366364914
667.453355166395	-58.65892328870737
668.383032927324	-58.51890401602766
669.3127106882531	-58.38040407810615
670.2423884491822	-58.24340637753375
671.1720662101112	-58.10788681579698
672.1017439710403	-57.97386134758948
673.0314217319693	-57.84131014470177
673.5528579120725	-57.76758988223863
674.0742940921756	-57.69427509050813
674.5957302722787	-57.621343250921065
675.1171664523819	-57.548789855082674
675.638602632485	-57.47662646738674
676.1600388125881	-57.40486348872667
676.6814749926913	-57.33350609446358
677.4823436075288	-57.224670682082845
678.2832122223664	-57.11672090107692
679.5252633442525	-56.95092654104165
680.7673144661386	-56.786945655131056
684.1096065782939	-56.35286738544201
687.4518986904492	-55.92613134794103
690.7941908026045	-55.50328523673774
694.1364829147598	-55.067326433073156
697.4787750269151	-54.608506929526136
700.8210671390704	-54.10327652937377
702.335628733886	-53.84377324647536
703.8501903287016	-53.54839764568187
705.3647519235172	-53.20166466707648
706.8793135183329	-52.77295367993652
707.5337031860254	-52.54475661407513
708.1880928537179	-52.27100804184705
708.8424825214104	-51.9365339249615
709.4968721891029	-51.52063385556568
709.660469606026	-51.392198824376315
709.8240670229492	-51.24578090893015
709.9876644398723	-51.08110454801358
710.2490537334841	-50.76902214126596
710.314401056887	-50.68073899868278
710.37974838029	-50.58647146264135
710.445095703693	-50.48547005412181
710.5682022957756	-50.271363961815915
710.6913088878581	-50.01873262044411
710.7586747875151	-49.85884763846426
710.8260406871722	-49.67737564586185
710.8934065868292	-49.466243376648585
710.9607724864862	-49.211374573391474
710.9776139614005	-49.139955956456795
710.9944554363148	-49.064280548890515
711.0211639926305	-48.933440972545064
711.0641555699198	-48.68642685663425
711.0903487482261	-48.50819560580213
711.1165419265325	-48.29954555165521
711.1427351048388	-48.04673737040896
711.1584906811247	-47.86509373911319
711.1742462574106	-47.65180271698901
711.1900018336964	-47.39464225944824
711.2057574099823	-47.07546634080593
711.2215129862682	-46.66739447320612
711.2293417175051	-46.421589418729496
711.2371704487421	-46.14032406179326
711.244999179979	-45.81888867892297
711.252827911216	-45.453705601028204
711.2606566424529	-45.04268708136422
711.2684853736898	-44.585367743402024
711.2763141049268	-44.08260452546985
711.2841428361637	-43.535955359285545
711.2919715674007	-42.947017352314816
711.2998002986376	-42.317064612224904
711.3076290298745	-41.64708024280413
711.3154577611115	-40.93800160707221
711.3232864923484	-40.19080784901166
711.3311152235854	-39.40653678547455
711.3389439548223	-38.58623251279989
711.3513651994846	-37.213179040176136
711.3637864441469	-35.754836301738585
711.3762076888091	-34.21124943664295
711.3886289334714	-32.57852442556156
711.4010501781337	-30.849022688800286
711.4205448917753	-27.9132527591171
711.4400396054169	-24.655357380793838
711.4595343190585	-21.005977410276092
711.4790290327002	-16.915005789724464
711.4985237463418	-12.39438603801387
711.5180184599834	-7.564620184386038
711.537513173625	-2.6418091806357067
711.5570078872666	2.0811970303990974
711.5765026009083	6.3544462098913685
711.5959973145499	9.99919029359498
711.6154920281915	12.960860745566965
711.6349867418331	15.301991039905904
711.6544814554748	17.10923680428326
711.6739761691164	18.469980005680977
711.693470882758	19.47198766161268
711.7129655963996	20.191812363791655
711.7324603100412	20.68729076333413
711.7519550236829	20.999656597625837
711.7714497373245	21.15900134253721
711.7909444509661	21.18887889229395
711.8104391646077	21.10913828739335
711.8299338782493	20.936330575455774
711.849428591891	20.684831626915834
711.8689233055326	20.367035099758947
711.8884180191742	19.993487007013293
711.9079127328158	19.572925087479994
711.9209508057386	19.268925559045634
711.9339888786614	18.94860378074305
711.9470269515841	18.613197795422728
711.9600650245069	18.263702935892738
711.9731030974297	17.900941159023365
711.9861411703524	17.525583233136885
711.9991792432752	17.138152228969165
712.012217316198	16.739044149367917
712.0252553891207	16.32856502238835
712.0382934620435	15.90696100278568
712.0513315349663	15.474432000987564
712.064369607889	15.031139266865235
712.0774076808118	14.577217425083601
712.0904457537346	14.112790366757142
712.1034838266573	13.637985404182832
712.1165218995801	13.152943176301891
712.1295599725029	12.657824735350088
712.1425980454256	12.152818203690364
712.1556361183484	11.638145982079457
712.1686741912712	11.114071300919422
712.181712264194	10.580901564703883
712.1947503371167	10.038986998449507
712.2077884100395	9.488714543215952
712.2208264829623	8.930499176569326
712.233864555885	8.364774391283175
712.2469026288078	7.7919826285010245
712.2599407017306	7.212566335499516
712.2729787746533	6.626960500890407
712.2860168475761	6.035587345206898
712.2990549204989	5.438853230988208
712.3120929934216	4.837147354894572
712.3251310663444	4.230841759653756
712.3381691392672	3.620292227960425
712.3512072121899	3.0058398130372725
712.3642452851127	2.387812074255118
712.3772833580355	1.7665235602150648
712.3903214309582	1.1422754820641388
712.403359503881	0.5153549986420132
712.4163975768038	-0.11396528863619311
712.4294356497265	-0.7454259652247553
712.4424737226493	-1.3787762858657389
712.4555117955721	-2.0137695913642375
712.4685498684948	-2.650162986084311
712.4815879414176	-3.2877201743358246
712.4946260143404	-3.9262105556854516
712.5076640872632	-4.565406585815856
712.5207021601859	-5.205083077964675
712.5337402331087	-5.845018084793394
712.5467783060315	-6.484996193323717
712.5598163789542	-7.124802042326668
712.572854451877	-7.764220516201494
712.5858925247998	-8.403032772503096
712.5989305977225	-9.041024610637647
712.6119686706453	-9.67798030879077
712.6250067435681	-10.313691219297151
712.6380448164908	-10.947939710061384
712.6510828894136	-11.580515573822364
712.6641209623364	-12.211164249900836
712.683688872872	-13.15313849939491
712.7032567834077	-14.08832831564907
712.7228246939434	-15.016314487108856
712.742392604479	-15.936405049913425
712.7619605150147	-16.847837741632155
712.7815284255504	-17.750075849786953
712.8010963360861	-18.642819058479056
712.8206642466217	-19.52584941458211
712.8402321571574	-20.398930229092745
712.8598000676931	-21.26186065575752
712.8793679782287	-22.114510433931045
712.8989358887644	-22.956757701792508
712.9185037993001	-23.78845510220502
712.9380717098358	-24.609466461683716
712.9576396203714	-25.419673586418284
712.9772075309071	-26.21892666411489
712.9967754414428	-27.00701034939064
713.0163433519784	-27.783646748315313
713.0359112625141	-28.54850044532876
713.0554791730498	-29.30117752388255
713.0750470835854	-30.041234913950493
713.0946149941211	-30.76819605677261
713.1141829046568	-31.481565992429612
713.1337508151925	-32.18084244323501
713.1533187257281	-32.865527432917986
713.1728866362638	-33.53513720172344
713.1924545467995	-34.189208374128015
713.2120224573351	-34.82730588900881
713.2315903678708	-35.449033961420355
713.2511582784065	-36.05404504968523
713.2707261889421	-36.6420480537858
713.2902940994778	-37.21281365994368
713.3098620100135	-37.76617606686899
713.3294299205492	-38.30203679962919
713.3489978310848	-38.82036411342169
713.3685657416205	-39.32119072791259
713.3881336521562	-39.8046076676861
713.4077015626918	-40.27075698494066
713.4272694732275	-40.71982885666163
713.4468373837632	-41.152051249802184
713.4664052942989	-41.567686338220625
713.4859732048345	-41.967028784148944
713.5055411153702	-42.35039913384573
713.5251090259059	-42.71817701584667
713.5446769364415	-43.07101881294202
713.5642448469772	-43.40936720384555
713.5838127575129	-43.733607835760246
713.6033806680485	-44.04419915610293
713.6229485785842	-44.34160906823286
713.6425164891199	-44.62626651388001
713.6620843996556	-44.89857903859626
713.6816523101912	-45.15896498467807
713.7012202207269	-45.40786467726542
713.7207881312626	-45.645731161821246
713.7403560417982	-45.87301638993804
713.7599239523339	-46.0901655242467
713.7794918628696	-46.2976191923172
713.7990597734052	-46.49581528158238
713.8186276839409	-46.68518656794913
713.8381955944766	-46.8661577674532
713.8577635050123	-47.03914507670411
713.8890282267388	-47.29998067894488
713.9202929484653	-47.543084131259164
713.9515576701918	-47.77004668719018
713.9828223919184	-47.98235746519211
714.0140871136449	-48.18144592618465
714.0453518353714	-48.3686803503989
714.0952155291099	-48.64592068742601
714.1450792228483	-48.90100866055718
714.1949429165867	-49.13830317564371
714.2448066103251	-49.36147259959288
714.2946703040635	-49.573657118181124
714.3445339978019	-49.77750214265313
714.3943976915403	-49.97518559726224
714.4442613852788	-50.16846645993695
714.5259729163965	-50.47900662520652
714.6076844475143	-50.78569901775228
714.6893959786321	-51.091550923597715
714.8187338917198	-51.577400793921456
714.9480718048076	-52.06616764417108
715.0774097178953	-52.55662318338411
715.206747630983	-53.04561150677294
715.3360855440708	-53.52993884192494
715.4654234571585	-54.006861252064795
715.5947613702463	-54.47419447699477
715.724099283334	-54.93022875183602
715.9242360774214	-55.61085935163015
716.1243728715087	-56.25843534785846
716.3245096655961	-56.87282554508629
716.5246464596835	-57.45526987474529
716.7247832537709	-58.007235042130525
716.9249200478582	-58.53015177406814
717.2417205246526	-59.30212583702805
717.5585210014469	-60.01138215276898
717.8753214782413	-60.6638830711871
718.4292253400239	-61.68262627849918
718.9831292018065	-62.5622241805945
719.5370330635891	-63.32014021112807
720.0909369253717	-63.96832292457356
720.6448407871543	-64.5179006492313
721.1987446489369	-64.98155461921789
721.7526485107195	-65.37008656170123
722.3065523725021	-65.69305224420914
722.8604562342847	-65.959089870586
723.4143600960673	-66.17506968111009
723.9682639578499	-66.34729775279051
724.5221678196325	-66.48158070699414
725.0760716814151	-66.58266462188645
725.6299755431977	-66.65479148288672
726.1838794049803	-66.70169383517229
726.7377832667629	-66.726472573615
727.2916871285455	-66.73193475598723
727.8455909903281	-66.72050570115516
728.3994948521107	-66.69426431206946
728.9533987138933	-66.65507401917664
729.5073025756759	-66.60457370630512
730.0612064374585	-66.5441893903973
730.6151102992411	-66.47516003017999
731.1690141610237	-66.39855837027609
731.7229180228063	-66.31532787226506
732.2768218845889	-66.22631200195498
732.8307257463715	-66.13226172237447
733.3846296081541	-66.03384702381429
733.9385334699367	-65.93166412718524
734.4924373317193	-65.82623824448247
735.0463411935019	-65.7180317786486
735.6002450552845	-65.60745089368608
736.1541489170671	-65.49485664188617
736.7080527788497	-65.38057581945621
737.2619566406323	-65.26490046933662
737.8158605024149	-65.14808819817114
738.3697643641975	-65.03036103697544
738.9236682259801	-64.91190984723664
739.4775720877627	-64.79291012297958
740.0314759495453	-64.67352156622039
740.4038667422395	-64.59310587107724
740.7762575349337	-64.51261147742822
741.1486483276279	-64.43208094235153
741.5210391203221	-64.3515603558798
741.8934299130163	-64.27108806008765
742.2658207057106	-64.19068969963544
742.6382114984048	-64.1103815446174
743.010602291099	-64.03017730212112
743.3829930837932	-63.950093656135934
743.7553838764874	-63.870150787037524
744.1277746691816	-63.79036932431238
744.5001654618758	-63.71076807797609
744.87255625457	-63.63136345068593
745.2449470472642	-63.55216976345555
745.6173378399584	-63.47320039815495
745.9897286326526	-63.39446829110841
746.3621194253468	-63.31598528526752
746.734510218041	-63.237762096194444
747.1069010107352	-63.15980863110363
747.4792918034294	-63.08213367707274
747.8516825961236	-63.00474513416073
748.2240733888178	-62.92765059040072
748.596464181512	-62.8508567531171
749.1839313911028	-62.73033308492859
749.7713986006935	-62.61058715989663
750.7564525443973	-62.411582985756226
751.7415064881012	-62.21486868342265
752.7265604318051	-62.020511819639594
753.7116143755089	-61.82856272921462
754.6966683192128	-61.63904398111576
755.6817222629167	-61.45197162993565
756.6667762066205	-61.26734998534282
757.6518301503244	-61.08515832766587
758.6368840940282	-60.905400866430035
759.6219380377321	-60.72808274787456
760.606991981436	-60.55314953471541
761.5920459251398	-60.38058960336959
762.219984366898	-60.27185603989883
762.8479228086561	-60.16413205672525
763.4758612504143	-60.05739620707918
764.1037996921724	-59.95161294942729
764.7317381339305	-59.84674325161839
765.8721697499493	-59.658557900406215
767.0126013659681	-59.4732973820023
768.1530329819868	-59.290933287242794
769.2934645980056	-59.11143224294258
770.4338962140243	-58.934764527371115
772.4118662682173	-58.63488929851624
774.3898363224102	-58.343127273347676
776.3678063766032	-58.059200369136555
779.7571175979934	-57.58929925691847
783.1464288193837	-57.13874504352156
786.5357400407739	-56.704823696827205
789.9250512621642	-56.28350021182067
793.3143624835544	-55.87093453329215
796.7036737049447	-55.46096039428769
800.0929849263349	-55.04657482186806
803.4822961477252	-54.61461591774172
806.8716073691154	-54.15756319928342
808.3750184091087	-53.925366898461306
809.8784294491021	-53.65973094473477
811.3818404890955	-53.3543955972724
812.8852515290888	-52.999785722343354
813.6147467808456	-52.79264477519306
814.3442420326024	-52.546749173908395
815.0737372843593	-52.25921190637538
815.8032325361161	-51.89725622870897
816.1617301421554	-51.67580792109901
816.5202277481948	-51.41299265148213
816.8787253542341	-51.088897614961894
817.2372229602735	-50.668928998093435
817.3268473617833	-50.54277686446699
817.4164717632931	-50.40298161964883
817.5060961648029	-50.247141291052074
817.5957205663127	-50.0723445163054
817.6853449678225	-49.87261073305241
817.7749693693323	-49.64105995530375
817.822380057009	-49.50092106979859
817.8697907446857	-49.343692432832974
817.8881559654685	-49.277609058521165
817.9065211862513	-49.20793712080298
817.9459643893102	-49.04321713003109
817.9854075923691	-48.85413993034826
818.0059055581554	-48.74420626503417
818.0264035239417	-48.62371435339546
818.0469014897279	-48.490287307800635
818.0673994555142	-48.34038212601924
818.0878974213005	-48.16908333457364
818.0986437204788	-48.069242495038765
818.1093900196571	-47.96060406448227
818.1201363188354	-47.84145876879037
818.1308826180137	-47.709512581285054
818.1416289171921	-47.56178555996969
818.1519401250061	-47.4023909966507
818.1622513328202	-47.221202251321955
818.1725625406343	-47.01231295122868
818.1828737484484	-46.768109752702934
818.1931849562625	-46.479080142515514
818.2034961640766	-46.13442574250302
818.2138073718907	-45.723503846693475
818.2241185797047	-45.23778110392594
818.2344297875188	-44.672501005378024
818.2410146048662	-44.269116442134724
818.2475994222136	-43.83356041501919
818.254184239561	-43.36684537225936
818.2607690569084	-42.869938649279966
818.2673538742558	-42.34364051580004
818.2739386916032	-41.78858196479341
818.2843421882379	-40.85446073297431
818.2947456848726	-39.85239786747291
818.3051491815073	-38.784835803785676
818.315552678142	-37.65420256687053
818.3259561747767	-36.46255548579308
818.3363596714114	-35.21067265282199
818.3467631680461	-33.89774436119421
818.3635725483463	-31.639230777760016
818.3803819286464	-29.193083000028665
818.3971913089466	-26.527150323124925
818.4140006892468	-23.60062391475032
818.430810069547	-20.372097012090475
818.4476194498471	-16.815619339575882
818.4644288301473	-12.942940594216587
818.4812382104475	-8.8255259720729
818.4980475907477	-4.594964173297462
818.5148569710478	-0.4268927023969557
818.531666351348	3.497656464684836
818.5484757316482	7.0312971326357125
818.5652851119484	10.091563654406588
818.5820944922485	12.659252572819911
818.5989038725487	14.760699755091972
818.6157132528489	16.4473201382323
818.632522633149	17.77953563448395
818.6493320134492	18.816375378605358
818.6661413937494	19.609904934147377
818.6829507740496	20.20322272609443
818.6997601543497	20.629850205420194
818.7165695346499	20.91814689205641
818.7333789149501	21.088778242513154
818.7501882952503	21.15859819966525
818.7669976755504	21.14099133130213
818.7838070558506	21.04731881479657
818.8006164361508	20.887526736874918
818.817425816451	20.67044572859813
818.8342351967511	20.403871638428466
818.8510445770513	20.094703153966556
818.8678539573515	19.748823316889514
818.8785879830352	19.511111928252483
818.889322008719	19.26147484115778
818.9000560344027	19.000732454723998
818.9107900600865	18.729573758883163
818.9215240857702	18.448573704332947
818.932258111454	18.158213948650474
818.9429921371377	17.85890079554105
818.9537261628215	17.55097765899986
818.9644601885052	17.23473348799136
818.975194214189	16.910409312240947
818.9859282398727	16.578204282072843
818.9966622655564	16.23828172921013
819.0073962912402	15.890775112859128
819.0181303169239	15.53579487631642
819.0288643426077	15.173433363489538
819.0395983682914	14.803771491425183
819.0503323939752	14.426883920955898
819.0610664196589	14.042843647592711
819.0718004453427	13.651726144820326
819.0825344710264	13.253613156675483
819.0932684967102	12.848596156915647
819.1040025223939	12.436779601021808
819.1147365480776	12.018283520023381
819.1254705737614	11.593245875666996
819.1362045994451	11.161824092144787
819.1469386251289	10.724195465940454
819.1576726508126	10.28055638447786
819.1684066764964	9.831120406891687
819.1791407021801	9.37611542626594
819.1898747278639	8.915780221382834
819.2006087535476	8.450360720989059
819.2113427792314	7.980106288350125
819.2220768049151	7.505266211168908
819.2328108305989	7.026087132504996
819.2435448562826	6.542810275635286
819.2542788819663	6.055670095566825
819.2650129076501	5.564893326487665
819.2757469333338	5.070698541165642
819.2864809590176	4.573296179726487
819.2972149847013	4.072888902046535
819.3079490103851	3.569672090356167
819.3186830360688	3.0638344356669585
819.3294170617526	2.555558204022354
819.3401510874363	2.0450195581904813
819.3508851131201	1.5323885252966039
819.3616191388038	1.0178288429585782
819.3723531644875	0.5014977834420851
819.3830871901713	-0.016453904677870064
819.393821215855	-0.5358813093188397
819.4045552415388	-1.0566434734880152
819.4152892672225	-1.5786018638155237
819.4260232929063	-2.1016198443521352
819.43675731859	-2.62556307997534
819.4474913442738	-3.1503002271759195
819.4582253699575	-3.6757019201192596
819.4689593956413	-4.201640123340843
819.479693421325	-4.727989203899489
819.4904274470088	-5.254624345593695
819.5011614726925	-5.781421414630572
819.5118954983762	-6.308259783336374
819.52262952406	-6.83501819170691
819.5333635497437	-7.361575234576724
819.5440975754275	-7.887810716709123
819.5548316011112	-8.413603960125876
819.565565626795	-8.938835860802662
819.5762996524787	-9.463383055821934
819.5870336781625	-9.987126358531604
819.5977677038462	-10.50995217757716
819.60850172953	-11.031735927444808
819.6192357552137	-11.552357109321145
819.6299697808975	-12.071676524925241
819.647013571445	-12.892985819208404
819.6640573619925	-13.709481607493732
819.68110115254	-14.52068759727125
819.6981449430875	-15.326133661755188
819.715188733635	-16.125253582407765
819.7322325241826	-16.917642772348202
819.7492763147301	-17.703083002390684
819.7663201052776	-18.48140828463609
819.7833638958251	-19.252437336185714
819.8004076863726	-20.01597821311982
819.8174514769202	-20.771874816583853
819.8344952674677	-21.52003043729724
819.8515390580152	-22.260369311901012
819.8685828485627	-22.99279669332657
819.8856266391102	-23.717212475234717
819.9026704296577	-24.433537293522217
819.9197142202053	-25.141698778604457
819.9367580107528	-25.8415982284943
819.9538018013003	-26.533101349910005
819.9708455918478	-27.21604648316385
819.9878893823953	-27.890241914953968
820.0049331729429	-28.555456626604787
820.0219769634904	-29.211422554534632
820.0390207540379	-29.857847046774047
820.0560645445854	-30.49442100739477
820.0731083351329	-31.12082151261253
820.0901521256804	-31.736717437603545
820.107195916228	-32.34177829660917
820.1242397067755	-32.93568011423014
820.141283497323	-33.51810742460204
820.1583272878705	-34.08875546035982
820.175371078418	-34.647335758639244
820.1924148689656	-35.193582750451164
820.2094586595131	-35.72725765442415
820.2265024500606	-36.248151693009056
820.2435462406081	-36.75608996019448
820.2605900311556	-37.25093341975847
820.2776338217031	-37.73257994807625
820.2946776122507	-38.20096656158961
820.3117214027982	-38.65606849863117
820.3287651933457	-39.097897254259635
820.3458089838932	-39.526498699568364
820.3628527744407	-39.94195051889647
820.3798965649883	-40.34435977627171
820.3969403555358	-40.73385856051309
820.4139841460833	-41.11059831237542
820.4310279366308	-41.474752406963916
820.4480717271783	-41.82651112613828
820.4651155177258	-42.166078769570696
820.4821593082734	-42.49367537656021
820.4992030988209	-42.809664504090044
820.5162468893684	-43.11441343271931
820.5332906799159	-43.40819651756506
820.5503344704634	-43.691298373228264
820.567378261011	-43.964029864684605
820.5844220515585	-44.22668895545006
820.601465842106	-44.47955060508192
820.6185096326535	-44.72288282173781
820.6458856281852	-45.09448871626231
820.6732616237168	-45.443423538784266
820.7006376192485	-45.77090962740998
820.7280136147801	-46.078183278633475
820.7553896103118	-46.36645916886585
820.7827656058435	-46.63692194190032
820.8101416013751	-46.89073736760092
820.8375175969068	-47.12905246047991
820.8648935924384	-47.35298279209036
820.8922695879701	-47.563604949412216
820.9196455835017	-47.761958366699446
820.9470215790334	-47.94904800918314
820.974397574565	-48.12584270959632
821.0187470762506	-48.39276363242529
821.0630965779362	-48.638764650152375
821.1074460796218	-48.8672223435179
821.1517955813074	-49.08117754130543
821.196145082993	-49.283302869388116
821.2404945846786	-49.475906405458964
821.2848440863642	-49.66096083653783
821.3556445764723	-49.944811576374526
821.4264450665804	-50.219044150414874
821.4972455566885	-50.48761260547695
821.5680460467967	-50.75327683040098
821.6388465369048	-51.01783618194277
821.7475508196908	-51.424329868482936
821.8562551024768	-51.83243103697979
821.9649593852628	-52.241750554029096
822.0736636680488	-52.65092000112601
822.1823679508348	-53.05824206037198
822.2910722336208	-53.46198917446775
822.4762254511216	-54.13751453647756
822.6613786686225	-54.79261661733412
822.8465318861234	-55.42219692378154
823.0316851036243	-56.02273630324399
823.2168383211252	-56.593234916538044
823.4019915386261	-57.134802430613
823.7023784177661	-57.9561672952634
824.0027652969061	-58.71163416764301
824.3031521760461	-59.40988335455983
824.603539055186	-60.054171894760444
824.903925934326	-60.64790147883279
825.204312813466	-61.19629621164111
825.504699692606	-61.703840423209684
825.805086571746	-62.173396989897576
826.2576332496859	-62.81364608887845
826.7101799276259	-63.37965089241828
827.1627266055658	-63.878497293284
827.6152732835058	-64.31658034112496
828.0678199614457	-64.69964299971275
828.7620878190206	-65.19210807705362
829.4563556765955	-65.58455398042823
830.1506235341704	-65.89208410035991
830.8448913917454	-66.12755528472186
831.5391592493203	-66.30199311156339
832.2334271068952	-66.42484855360529
832.9276949644701	-66.5041383044213
833.621962822045	-66.54659860571806
834.3162306796199	-66.55787042403809
835.0104985371948	-66.54269248875332
835.7047663947698	-66.50506781325578
836.3990342523447	-66.44839262834695
837.4417540951671	-66.33347488074534
838.4844739379895	-66.18999635251808
839.5271937808119	-66.02441008931235
840.5699136236343	-65.84189164053396
841.6126334664567	-65.64636398958937
842.6553533092791	-65.44098291315164
843.6980731521015	-65.2283697785405
844.7407929949239	-65.01056830576559
845.7835128377463	-64.7892343794695
846.8262326805688	-64.56571796158514
847.8689525233912	-64.34108561529263
848.9116723662136	-64.11620314791779
849.954392209036	-63.891759076376935
850.9971120518584	-63.668294617931245
852.0398318946808	-63.44624498476166
853.0825517375032	-63.22594267868763
854.1252715803256	-63.00768815245983
855.167991423148	-62.79172368057634
856.2107112659704	-62.578228297775766
857.2534311087928	-62.367314808044014
858.2961509516152	-62.15905862381357
859.3388707944376	-61.95351255766771
860.38159063726	-61.75071582593359
861.4243104800825	-61.55070336919492
862.4670303229049	-61.35349479374775
863.5097501657273	-61.1590989563738
864.5524700085497	-60.96753129882455
865.5951898513721	-60.77878937342877
866.6379096941945	-60.5928371348709
867.6806295370169	-60.409670513293136
868.7233493798393	-60.229290863514265
869.3072772142332	-60.129480553392874
869.8912050486271	-60.030503327324126
870.4751328830209	-59.93233929692393
871.0590607174148	-59.83498114515737
871.6429885518087	-59.73843635965403
872.2269163862026	-59.64271698659292
872.8108442205964	-59.54783082036898
873.8824310573427	-59.375842093477594
874.954017894089	-59.20659586814383
876.0256047308353	-59.04004859266919
877.0971915675816	-58.876130686823586
878.1687784043279	-58.7147736946667
879.2403652410742	-58.55592370440901
880.3119520778205	-58.39952937483952
881.3835389145668	-58.24551369051152
883.1690342634901	-57.993977970451375
884.9545296124134	-57.74857783888588
886.7400249613366	-57.5090444504786
888.5255203102599	-57.27513538061963
890.3110156591832	-57.04618097476205
892.0965110081065	-56.82180420769271
893.8820063570298	-56.60152236992835
895.6675017059531	-56.38514382856899
897.4529970548764	-56.17158776870218
899.2384924037997	-55.96102252165432
900.1331458525216	-55.85602702142289
901.0277993012435	-55.751219789362175
901.9224527499654	-55.64665194338471
903.4209762071115	-55.4712719702065
904.9194996642576	-55.29488323434909
906.4180231214037	-55.11723365427409
908.8840091335062	-54.81731342638523
911.3499951456087	-54.501364348491265
913.8159811577111	-54.16919827718408
916.2819671698136	-53.79218808008056
917.517833392115	-53.572082627369895
918.7536996144164	-53.32339790634194
919.9895658367178	-53.03191511799658
921.2254320590192	-52.67541294597089
921.8447605718729	-52.458414639193435
922.4640890847267	-52.20143706334264
923.0834175975804	-51.8958016966697
923.4219128095608	-51.69286599276748
923.7604080215413	-51.45173589339819
924.0989032335217	-51.16572045564587
924.4373984455021	-50.80468914391276
924.5220222484973	-50.69817301171831
924.6066460514924	-50.58201375155608
924.6912698544875	-50.4549272194508
924.7758936574826	-50.3157428723659
924.9096471715359	-50.062108925215895
925.0434006855892	-49.75130552212307
925.0768390641025	-49.6626974127002
925.1102774426158	-49.56773424846539
925.1638829376669	-49.39909967360898
925.217488432718	-49.206298437294976
925.2710939277691	-48.97898347306753
925.297978163247	-48.84900171091141
925.3248623987248	-48.70443097070193
925.3517466342026	-48.540838478290624
925.3786308696805	-48.35166654548538
925.3921949446639	-48.24470044159207
925.4057590196472	-48.127652350550676
925.4193230946306	-47.99821977165723
925.432887169614	-47.85355730395554
925.4464512445974	-47.68951281574073
925.453729185117	-47.59223497346912
925.4610071256367	-47.486910088234175
925.4682850661563	-47.37218049323949
925.475563006676	-47.246421062133244
925.4828409471957	-47.10766010953505
925.4901188877153	-46.95350995853205
925.497396828235	-46.78112008272814
925.5046747687546	-46.58717580084515
925.5119527092743	-46.36797328426416
925.5192306497939	-46.119516111995985
925.5265085903136	-45.83810136066511
925.5303239848424	-45.67662440118705
925.5341393793713	-45.5048314865701
925.5379547739001	-45.32238639308298
925.5439447981704	-45.01397737926012
925.5499348224407	-44.67838261460988
925.555924846711	-44.315593309100265
925.5619148709814	-43.92604175657049
925.5679048952517	-43.51043514321228
925.573894919522	-43.06951751826627
925.5798849437923	-42.603919429573565
925.5901667507524	-41.748576039340655
925.6004485577124	-40.82442413521956
925.6107303646725	-39.83390340115116
925.6210121716325	-38.779469158766105
925.6312939785926	-37.66346312011262
925.6415757855526	-36.48768964308858
925.6518575925127	-35.25291290053492
925.6621393994727	-33.95845651940888
925.6724212064328	-32.60205304905162
925.6895813816013	-30.18738742755583
925.7067415567699	-27.558336961617936
925.7239017319384	-24.673667565328596
925.741061907107	-21.489416528290516
925.7582220822756	-17.970807431318217
925.7753822574441	-14.114548523736962
925.7925424326127	-9.97492504762052
925.8097026077812	-5.677701770760935
925.8268627829498	-1.396288085074562
925.8440229581183	2.6751778503180415
925.8611831332869	6.3674500448368
925.8783433084554	9.578279285719944
925.895503483624	12.276557452381264
925.9126636587926	14.484159319015571
925.9298238339611	16.252871314577757
925.9469840091297	17.64601512240692
925.9641441842982	18.72645584617173
925.9813043594668	19.55003930803379
925.9984645346353	20.163086347271314
926.0156247098039	20.60245911114453
926.0327848849724	20.896350255739144
926.049945060141	21.068163828841737
926.0671052353096	21.135367312668944
926.0842654104781	21.112486247235413
926.1014255856467	21.011416305717717
926.1185857608152	20.84249671948493
926.1357459359838	20.614903801269282
926.1529061111523	20.33680033003423
926.1637895419456	20.13761224652074
926.1746729727388	19.922632471931987
926.185556403532	19.693253234042682
926.1964398343252	19.450688820906826
926.2073232651185	19.195972781316353
926.2182066959117	18.929964807803536
926.2290901267049	18.653371922561952
926.2399735574982	18.36677637936057
926.2508569882914	18.070661502075417
926.2617404190846	17.76543119378935
926.2726238498778	17.451423438931407
926.2835072806711	17.128919951300414
926.2943907114643	16.798153464094927
926.3052741422575	16.459316203237957
926.3161575730508	16.11256454944867
926.327041003844	15.758027284326818
926.3379244346372	15.395811713647639
926.3488078654304	15.026009408970657
926.3596912962237	14.648701883426039
926.3705747270169	14.26396616206285
926.3814581578101	13.871879894791114
926.3923415886034	13.472525920675338
926.4032250193966	13.06599568241504
926.4141084501898	12.652392857068094
926.424991880983	12.231836152149977
926.4358753117763	11.804462033454437
926.4467587425695	11.37042671887704
926.4576421733627	10.929907110935996
926.468525604156	10.483100534810797
926.4794090349492	10.030223250335272
926.4902924657424	9.571507876112117
926.5011758965356	9.10719999233001
926.5120593273289	8.637554255171482
926.5229427581221	8.162830376313039
926.5338261889153	7.683289302152807
926.5447096197086	7.199189866492624
926.5555930505018	6.710786095579365
926.566476481295	6.218325240785745
926.5773599120882	5.72204652826231
926.5882433428815	5.222180555709621
926.5991267736747	4.718949192855271
926.6100102044679	4.212566046854168
926.6208936352612	3.703236736643254
926.6317770660544	3.191159723156438
926.6426604968476	2.6765266064925726
926.6535439276408	2.1595225002358247
926.6644273584341	1.6403260388976182
926.6753107892273	1.1191092414526231
926.6861942200205	0.5960373235583307
926.6970776508138	0.07126856427770045
926.707961081607	-0.4550451218848306
926.7188445124002	-0.9827562483024564
926.7297279431934	-1.5117199676444184
926.7406113739867	-2.0417934345192945
926.7514948047799	-2.5728362492358094
926.7623782355731	-3.1047112884757024
926.7732616663664	-3.6372835386894953
926.7841450971596	-4.170419266582701
926.7950285279528	-4.703987288862311
926.805911958746	-5.237857318190487
926.8167953895393	-5.77189976282282
926.8276788203325	-6.305988719574019
926.8385622511257	-6.839997587513035
926.849445681919	-7.373799732214726
926.8603291127122	-7.907268700605182
926.8712125435054	-8.440277841769765
926.8820959742986	-8.972705197245906
926.8929794050919	-9.504423050450338
926.9038628358851	-10.03530715662661
926.9147462666783	-10.565236438370357
926.9256296974715	-11.094082045915963
926.9365131282648	-11.621714778239971
926.947396559058	-12.147993500554266
926.9642843054942	-12.961306206204856
926.9811720519303	-13.769834720302148
926.9980597983665	-14.573130658492904
927.0149475448027	-15.37073238265607
927.0318352912388	-16.1620989045872
927.048723037675	-16.946855176161293
927.0656107841112	-17.724793284841237
927.0824985305474	-18.495746812160387
927.0993862769835	-19.259536470861534
927.1162740234197	-20.015976112569895
927.1331617698559	-20.76491510620828
927.150049516292	-21.50625925475403
927.1669372627282	-22.23993374461421
927.1838250091644	-22.96584545097751
927.2007127556005	-23.68389635160445
927.2176005020367	-24.394008655791186
927.2344882484729	-25.09611190868728
927.251375994909	-25.790110848195518
927.2682637413452	-26.475876037385913
927.2851514877814	-27.153251986752547
927.3020392342175	-27.822054980282548
927.3189269806537	-28.482063626565488
927.3358147270899	-29.133019965614263
927.352702473526	-29.77464115467474
927.3695902199622	-30.40662800692122
927.3864779663984	-31.028667885398935
927.4033657128346	-31.64043959520253
927.4202534592707	-32.24162155534152
927.4371412057069	-32.83189777277518
927.4540289521431	-33.410960137543924
927.4709166985792	-33.97851039587447
927.4878044450154	-34.53426501384704
927.5046921914516	-35.077961442715996
927.5215799378877	-35.609362325637846
927.5384676843239	-36.128258529111
927.5553554307601	-36.634472886270444
927.5722431771962	-37.12786255113539
927.5891309236324	-37.60831961544752
927.6060186700686	-38.07577379371121
927.6229064165047	-38.530192427141536
927.6397941629409	-38.97157745013834
927.6566819093771	-39.39996516526851
927.6735696558133	-39.8154231711814
927.6904574022494	-40.2180469931827
927.7073451486856	-40.60795805094981
927.7242328951218	-40.98529886554074
927.7411206415579	-41.35023136057876
927.7580083879941	-41.7029359310878
927.7748961344303	-42.04360500429669
927.7917838808664	-42.372450006990825
927.8086716273026	-42.68973760983032
927.8255593737388	-42.995882182806255
927.8424471201749	-43.29116996621185
927.8593348666111	-43.575858451751174
927.8762226130473	-43.85024680706225
927.8931103594834	-44.114635607649646
927.9099981059196	-44.36929941803547
927.9368217933339	-44.75443885911193
927.9636454807483	-45.11680388420251
927.9904691681626	-45.45751041577092
928.0172928555769	-45.777671546312774
928.0441165429912	-46.07846837503571
928.0709402304055	-46.36103373212423
928.0977639178199	-46.62648489292201
928.1245876052342	-46.87592231536586
928.1514112926485	-47.11042123351387
928.1782349800628	-47.33102803583495
928.2050586674771	-47.538758681100774
928.2318823548915	-47.73459709655514
928.2587060423058	-47.919493738283606
928.2855297297201	-48.094364000466285
928.3281915373833	-48.353973971121846
928.3708533450465	-48.59373905884131
928.4135151527097	-48.81669726892213
928.4561769603729	-49.02559735448296
928.4988387680361	-49.222894220328214
928.5415005756993	-49.41074482410692
928.6068653550265	-49.6843518144667
928.6722301343536	-49.94557572343452
928.7375949136808	-50.19871724146328
928.8489636458321	-50.61990666845635
928.9603323779834	-51.036432901408126
929.0717011101347	-51.45280224225146
929.1830698422859	-51.87054349878083
929.2944385744372	-52.28931496887412
929.4058073065885	-52.707629822939104
929.5171760387398	-53.12355928047274
929.6892752243224	-53.75787105406699
929.861374409905	-54.376949613903015
930.0334735954876	-54.975700307587445
930.2055727810703	-55.550407471631786
930.3776719666529	-56.09941525845357
930.5497711522355	-56.62287885350055
930.8331326832193	-57.430929417589006
930.9999999999793	-57.87823403279854
931.0000000000103	-57.87823403279854
931.0001179602531	-57.88489205742153
931.0003865236027	-57.89909945566615
931.0010405773883	-57.93064599192198
931.0020637802447	-57.97545846665087
931.0030869831012	-58.0170229141175
931.0047711809651	-58.07940021297175
931.0073692210697	-58.16867043956082
931.0099672611742	-58.25090719444246
931.0160100058833	-58.42422175031196
931.0220527505925	-58.579346582579134
931.0280954953016	-58.72271045955366
931.0341382400107	-58.85766645451471
931.0434498236397	-59.05354737260401
931.0527614072686	-59.236978655142224
931.0620729908975	-59.41019583326268
931.0779106931132	-59.68576731643448
931.0937483953288	-59.94151388531496
931.1226536011881	-60.368478312840196
931.1515588070473	-60.75648866721411
931.1804640129066	-61.11451798140991
931.2093692187658	-61.447743019015945
931.238274424625	-61.759791748042026
931.2866212789015	-62.24172210612992
931.334968133178	-62.68287957274195
931.3833149874545	-63.091137054729884
931.4316618417309	-63.47200229227472
931.5088780106812	-64.03280449232811
931.5860941796315	-64.54664250359747
931.6633103485817	-65.02309107499661
931.7834643003832	-65.70514852624301
931.9036182521847	-66.33051296920495
932.0237722039863	-66.91127275867046
932.2387734519623	-67.8644569315433
932.4537746999383	-68.72993139795875
932.6687759479144	-69.52338794315831
932.8837771958904	-70.25647509475102
933.0987784438664	-70.93871896590088
933.3137796918425	-71.57678101514188
933.6522369005894	-72.50165919587478
933.9906941093363	-73.33873573252944
934.3291513180833	-74.09676301174346
934.6676085268302	-74.78403455783054
935.0060657355772	-75.40808352356741
935.5616238323914	-76.31097234453689
936.1171819292057	-77.08160340672765
936.6727400260199	-77.73765193852405
937.2282981228342	-78.29429904729805
937.7838562196484	-78.76484072903664
938.6816262168816	-79.37121994942116
939.5793962141147	-79.8198989655372
940.4771662113478	-80.14040685602106
941.374936208581	-80.35640857010019
942.2727062058141	-80.4872664325012
943.1704762030472	-80.54859712554976
944.5257557661072	-80.5370285195599
945.8810353291672	-80.42925492257878
947.2363148922271	-80.25037846923813
948.5915944552871	-80.01966127895774
949.9468740183471	-79.75189838209033
951.3021535814071	-79.45869866587597
952.6574331444671	-79.1487350317019
954.012712707527	-78.82862014819227
955.367992270587	-78.50354311570811
956.723271833647	-78.17736568212534
958.078551396707	-77.8529774251534
958.8814146380993	-77.66254992515572
959.4390083206101	-77.53134540781646
959.996602003121	-77.4011349343403
960.5541956856318	-77.27197912719573
961.1117893681427	-77.14392609126777
961.6693830506536	-77.01703023181105
962.2269767331644	-76.89135208910285
962.7845704156753	-76.76695191089979
963.3421640981861	-76.64387932614046
963.899757780697	-76.52217365006489
964.4573514632078	-76.40186980523394
965.0149451457187	-76.28299715193107
965.4041788952964	-76.2008777102562
965.793412644874	-76.11947521338757
966.1826463944517	-76.03879961957867
966.5718801440294	-75.95885991295253
966.961113893607	-75.87966110676453
967.3503476431847	-75.80120415841746
967.7395813927624	-75.72348756894722
968.12881514234	-75.64650946457381
968.5180488919177	-75.57026941601305
968.9072826414954	-75.49476759238027
969.296516391073	-75.42000417420059
969.6857501406507	-75.3459791909536
970.0749838902284	-75.27269209171166
970.4642176398061	-75.20014167145496
970.8534513893837	-75.12832648851256
971.2426851389614	-75.05724501333457
971.6319188885391	-74.98689539606355
972.0211526381167	-74.91727548630863
972.4103863876944	-74.84838293157883
972.7996201372721	-74.78021504736427
973.1888538868498	-74.71276891970597
973.5780876364274	-74.64604159073771
973.9673213860051	-74.58002976400317
974.3565551355828	-74.51472947760233
974.7457888851604	-74.45013638117766
975.1350226347381	-74.38624629514297
975.5242563843158	-74.32305559081162
975.9134901338934	-74.26056123111114
976.3027238834711	-74.19876032438907
976.6919576330488	-74.13764961767154
977.0811913826265	-74.07722542947293
977.4704251322041	-74.01748374305842
977.8596588817818	-73.95842030284255
978.2488926313595	-73.90003086451726
978.6381263809371	-73.84231125285721
979.0273601305148	-73.7852571839262
979.4165938800925	-73.7288643278654
979.8058276296701	-73.67312839250758
980.1950613792478	-73.61804499163827
980.5842951288255	-73.5636097370587
980.9735288784032	-73.50981836749067
981.3627626279808	-73.45666644241547
981.7519963775585	-73.40414908013577
982.1412301271362	-73.352261250645
982.5304638767138	-73.30099825051202
982.9196976262915	-73.25035598725218
983.3089313758692	-73.20033093993746
983.6981651254468	-73.15091970648156
984.0873988750245	-73.10211860179153
984.4766326246022	-73.05392364820268
984.8658663741799	-73.00633062868108
985.2551001237575	-72.95933518464557
985.6443338733352	-72.91293305036156
986.0335676229129	-72.86712003148918
986.4228013724905	-72.8218918543961
986.8120351220682	-72.77724427231826
987.2012688716459	-72.73317306334708
987.5905026212235	-72.68967390388677
987.9797363708012	-72.64674253269077
988.3689701203789	-72.60437478831686
988.7582038699566	-72.56256634955668
989.1474376195342	-72.52131284721212
989.5366713691119	-72.48061026179668
989.9259051186896	-72.44045494892544
990.3151388682672	-72.40084331049192
990.7043726178449	-72.36177141724319
991.0936063674226	-72.32323474803188
991.4828401170003	-72.28522842431725
991.8720738665779	-72.24774768191689
992.2613076161556	-72.21078798456642
992.6505413657333	-72.17434501732735
993.0397751153109	-72.13841469015941
993.4290088648886	-72.10299287918514
993.8182426144663	-72.06807532839028
994.2074763640439	-72.03365785898787
994.5967101136216	-71.99973630559313
994.9859438631993	-71.9663064239831
995.375177612777	-71.93336407697458
995.7644113623546	-71.90090513260726
996.1536451119323	-71.868925299557
996.54287886151	-71.83742045446826
996.9321126110876	-71.80638678388091
997.3213463606653	-71.77582034666267
997.710580110243	-71.7457166920348
998.0998138598206	-71.71607091968683
998.4890476093983	-71.68687802802505
998.878281358976	-71.65813342773221
999.2675151085537	-71.62983304945267
999.6567488581313	-71.60197295286774
1000.045982607709	-71.57454912816569
1000.4352163572867	-71.5475574432758
1000.8244501068643	-71.52099350777915
1001.213683856442	-71.49485286696755
1001.6029176060197	-71.46913122111079
1001.9921513555973	-71.44382421616581
1002.381385105175	-71.41892742531199
1002.7706188547527	-71.39443652724239
1003.1598526043304	-71.37034711022748
1003.549086353908	-71.34665465462933
1003.9383201034857	-71.32335480399676
1004.3275538530634	-71.3004430755894
1004.716787602641	-71.27791445536639
1005.1060213522187	-71.2557637307522
1005.4952551017964	-71.2339861672672
1005.884488851374	-71.21257777323974
1006.2737226009517	-71.19153510097831
1006.6629563505294	-71.17085462265943
1007.052190100107	-71.1505322552126
1007.4414238496847	-71.13056352402107
1007.8306575992624	-71.11094380655756
1008.2198913488401	-71.09166843139371
1008.6091250984177	-71.07273291547594
1008.9983588479954	-71.05413292180697
1009.3875925975731	-71.03586396938717
1009.7768263471507	-71.01792156276497
1010.1660600967284	-71.00030131527785
1010.5552938463061	-70.98299873363999
1010.9445275958838	-70.96600934609948
1011.3337613454614	-70.94932886472972
1011.7229950950391	-70.93295288916154
1012.1122288446168	-70.91687696033874
1012.5014625941944	-70.9010968921793
1012.8906963437721	-70.88560848446177
1013.4751362840329	-70.86288961484384
1014.0595762242938	-70.84080110412498
1014.9967701645364	-70.806659579233
1015.9339641047791	-70.77404471187803
1016.8711580450217	-70.74290116956217
1017.8083519852644	-70.71317394643998
1018.745545925507	-70.68481250528633
1019.6827398657497	-70.65776352887535
1020.6199338059923	-70.6319722405982
1021.557127746235	-70.60738924353437
1022.4943216864776	-70.58395938380697
1023.4315156267203	-70.56162102388795
1024.368709566963	-70.54033074183147
1025.3059035072056	-70.5200416100328
1025.9009352686535	-70.50764920720687
1026.4959670301014	-70.49561267463508
1027.0909987915493	-70.4839194377434
1027.6860305529972	-70.47256411130479
1028.281062314445	-70.46154376622349
1029.307006027058	-70.44330834355995
1030.3329497396708	-70.42600809829659
1031.9050287139912	-70.40117214108828
1033.4771076883117	-70.37822489620791
1035.049186662632	-70.35697536511442
1036.6212656369526	-70.33727453949368
1039.4668069104819	-70.304940022384
1042.3123481840112	-70.27641357656147
1045.1578894575405	-70.25100236955466
1048.0034307310698	-70.22826116737694
1050.848972004599	-70.20767349967764
1053.6945132781284	-70.18871597478929
1056.5400545516577	-70.17110880152069
1059.385595825187	-70.154591738286
1060.9169636413103	-70.14614359995699
1062.4483314574336	-70.13792109170058
1063.979699273557	-70.12988161246932
1065.5110670896802	-70.12201790788104
1067.0424349058035	-70.11433408888236
1068.5738027219268	-70.10681956486997
1070.10517053805	-70.09944940493581
1071.6365383541734	-70.09221899908229
1073.1679061702966	-70.08513588794561
1074.69927398642	-70.078167252553
1076.2306418025432	-70.07129941734749
1077.7620096186665	-70.0645799222621
1079.2933774347898	-70.05798356094992
1080.824745250913	-70.05143410964217
1082.3561130670364	-70.04501705760995
1083.0550487593966	-70.04214682752405
1083.7539844517569	-70.03930968593912
1084.4529201441171	-70.03649796661243
1085.1518558364774	-70.03370790827782
1085.8507915288376	-70.03093643030167
1086.5497272211978	-70.02817878875472
1087.248662913558	-70.0254342385653
1088.4009514257473	-70.020940776146
1089.5532399379365	-70.01648805703977
1091.3800162920481	-70.00959051504148
1093.2067926461598	-70.00277154314942
1096.1658952556795	-69.99219630268158
1099.1249978651992	-69.98181512346328
1102.084100474719	-69.97182592371786
1105.0432030842387	-69.96220709939561
1108.0023056937584	-69.95297585252554
1110.9614083032782	-69.94407656931992
1113.920510912798	-69.93545650011262
1118.4749973873124	-69.92319440035054
1123.029483861827	-69.91146858936119
1127.5839703363415	-69.90022143771247
1130.999999999975	-69.89239011272952
1131.0000000000127	-69.89239011272952
