t	v
0.0	-80.0
0.00019565455330560475	-79.99897025881636
0.0011826301420205208	-79.9943631564873
0.0038988823976395066	-79.98346891869181
0.00939692533423554	-79.96497871027857
0.014894968270831574	-79.94866746251766
0.024770672753281556	-79.92319977190843
0.03464637723573154	-79.9000795858034
0.05037715893339154	-79.86678491865321
0.07448939559145301	-79.81948566363857
0.09860163224951447	-79.77587656660411
0.15490973762829716	-79.68362181760547
0.21121784300707985	-79.60123848974771
0.2675259483858625	-79.52531438984464
0.3238340537646452	-79.45392988437213
0.38014215914342786	-79.38597767809145
0.47521779390621616	-79.27722657692621
0.5702934286690045	-79.17445832648558
0.7857022221005031	-78.95816208705689
1.0011110155320018	-78.75785476121095
1.2165198089635003	-78.56901917929994
1.4319286023949989	-78.38958988962003
1.6473373958264974	-78.21818140828289
2.014812675548514	-77.94131173846999
2.3822879552705305	-77.68045187894457
2.749763234992547	-77.43283807508931
3.3177349757270145	-77.07280045868136
3.885706716461482	-76.736446940372
4.796874577065215	-76.2398130875625
5.708042437668948	-75.78914873027267
6.619210298272681	-75.37890232386903
8.092199300520365	-74.79139327900825
9.56518830276805	-74.28680389542589
11.038177305015735	-73.85492617331899
12.51116630726342	-73.48580942821144
13.984155309511104	-73.17161506038892
15.457144311758789	-72.90528307292361
17.792709074300653	-72.56642673021699
20.128273836842517	-72.313155681375
22.46383859938438	-72.1274034716438
24.799403361926245	-71.99537764803567
27.13496812446811	-71.90553848515091
29.470532887009973	-71.84843157071734
31.806097649551837	-71.81704076410472
34.1416624120937	-71.80537205893499
36.477227174635566	-71.80853301001291
38.81279193717743	-71.8229396569049
42.569905827890985	-71.8624311109021
46.32701971860454	-71.91410861086675
50.084133609318094	-71.97165810633298
56.736837670322004	-72.0747278215337
63.389541731325906	-72.171516516706
70.04224579232981	-72.25879656117466
76.69494985333371	-72.33410794254318
83.34765391433761	-72.39813073737957
90.00035797534152	-72.45471942094508
96.65306203634542	-72.49772360320956
103.30576609734932	-72.53166627989982
109.95847015835322	-72.56798330667762
116.61117421935712	-72.58539288590124
120.85578495969794	-72.5925884212706
125.10039570003876	-72.60376393811077
129.3450064403796	-72.61100264698696
133.5896171807204	-72.61935528358599
137.83422792106123	-72.62964075042656
142.07883866140205	-72.63747849678732
146.32344940174286	-72.64787611045571
150.56806014208368	-72.65643489289985
154.8126708824245	-72.65700148318398
159.05728162276532	-72.66588127843134
161.80520046833013	-72.67398927176036
164.55311931389494	-72.67806521509114
167.30103815945975	-72.68068811518955
170.04895700502456	-72.68139854663937
172.79687585058937	-72.67998585038299
175.54479469615418	-72.68141371697098
178.292713541719	-72.68262363450954
181.0406323872838	-72.68205062429607
183.78855123284862	-72.68489992407217
186.53647007841343	-72.6856237949246
189.28438892397824	-72.6844146011201
192.03230776954305	-72.68817025220275
194.78022661510786	-72.68795254496844
197.52814546067268	-72.68652770673798
200.2760643062375	-72.69159579385493
203.0239831518023	-72.68968319042932
204.85959726240546	-72.68552244007667
206.69521137300862	-72.68417522863842
208.53082548361178	-72.68424033482435
210.36643959421494	-72.68557739614243
212.2020537048181	-72.68816608181251
215.35570729153716	-72.69137599273266
218.50936087825622	-72.69073785742309
223.45943740531217	-72.69190978335608
228.40951393236813	-72.69275244441747
233.35959045942408	-72.69278093765882
238.30966698648004	-72.69532673339344
243.259743513536	-72.69697104750614
248.20982004059195	-72.6967783990924
255.84851341137747	-72.69778028052636
263.487206782163	-72.69895556453478
276.6969466460842	-72.7008439771216
319.9916373900218	-72.70110420615096
363.28632813395944	-72.70333437732499
406.58101887789707	-72.70475662798424
472.7791203503186	-72.70335282454775
530.9999999999882	-72.70501959463937
531.0000000000059	-72.70501959463937
531.0000607540408	-72.70201366083778
531.0002448315299	-72.69335359855587
531.0007050182624	-72.67333126201233
531.0014369735152	-72.64388517829175
531.0026215291514	-72.60009926385649
531.0038060847876	-72.55918608651729
531.0059718605833	-72.48945022957847
531.0092341495296	-72.39477766535329
531.0157962488769	-72.23044179839015
531.0223583482242	-72.09080621959325
531.0289204475715	-71.96641022673727
531.0354825469188	-71.85188831572682
531.0420446462662	-71.74439513154628
531.0533604937463	-71.57078407470257
531.0646763412263	-71.40981629382318
531.0828652131219	-71.1716918262228
531.1010540850174	-70.95365522375329
531.1334679789912	-70.6023579321236
531.1658818729651	-70.28564377893228
531.1982957669389	-69.99477676000286
531.2307096609128	-69.72504417423751
531.2631235548866	-69.4731434226325
531.315360413499	-69.09846798982267
531.3675972721113	-68.75490057591176
531.4198341307236	-68.43636043448956
531.501281752819	-67.9805336233
531.5827293749143	-67.56509917678977
531.6641769970096	-67.1825993946425
531.816876471235	-66.53564572323917
531.9695759454604	-65.96146989769815
532.1222754196858	-65.44544159991493
532.2749748939112	-64.97574345205781
532.4276743681366	-64.54287067889878
532.5803738423621	-64.14028630372341
532.8192254028999	-63.56078506092536
533.0580769634377	-63.03212594380025
533.2969285239755	-62.5451568467723
533.5357800845132	-62.09241070141467
533.774631645051	-61.668203434538064
534.162946941812	-61.02892731943913
534.551262238573	-60.440911475036884
534.939577535334	-59.894167428875626
535.327892832095	-59.380757670093594
535.716208128856	-58.89472716501211
536.3868189682464	-58.10663483874014
537.0574298076368	-57.36706393645365
537.7280406470272	-56.65629482750147
538.3986514864176	-55.953227653776715
539.069262325808	-55.236961819444026
539.7398731651984	-54.48417707065458
540.4104840045889	-53.65419391356403
540.5781367144365	-53.4258837481844
540.7457894242841	-53.18147632455845
540.9134421341317	-52.92042942473649
541.0810948439794	-52.64112007330921
541.248747553827	-52.337971230635695
541.4164002636746	-52.00048174218904
541.5840529735223	-51.61647150173218
541.7517056833699	-51.16599828102522
541.8461951175547	-50.86985837416358
541.9103443203348	-50.642241016345984
541.974493523115	-50.38142147214505
541.9905308238101	-50.30922629393011
542.0065681245052	-50.23336366994689
542.031101642095	-50.108506160395855
542.0556351596848	-49.96938666171746
542.0713244114881	-49.87011147068844
542.0870136632915	-49.75946791695392
542.0967106894848	-49.68351200762297
542.1064077156781	-49.59991439573158
542.1161047418714	-49.50654645367126
542.1258017680647	-49.40074603951967
542.1323001295461	-49.32135226440237
542.1387984910276	-49.234027529781464
542.1452968525091	-49.13789820706678
542.1517952139906	-49.03225918029071
542.158293575472	-48.91662395795257
542.1647919369535	-48.79072570952488
542.171290298435	-48.65447365207867
542.1777886599165	-48.50788504397535
542.184287021398	-48.351019509262585
542.1907853828794	-48.18393798495986
542.1972837443609	-48.00669405767359
542.2072606318303	-47.714955590084216
542.2172375192997	-47.39982900697982
542.2272144067691	-47.062103969122305
542.2371912942385	-46.70316826899716
542.2471681817079	-46.32502305766012
542.2571450691773	-45.92996482316894
542.2671219566467	-45.520239376557626
542.2770988441162	-45.097808992967934
542.2922351194635	-44.43587409109933
542.3073713948108	-43.75044896988708
542.3225076701582	-43.040194240968205
542.3376439455055	-42.30029749510863
542.3527802208529	-41.523123374949826
542.3679164962002	-40.698633738389795
542.3830527715476	-39.81422448139116
542.3981890468949	-38.85403104937864
542.421526769581	-37.17708450265743
542.444864492267	-35.171201925177385
542.4682022149531	-32.685543659288975
542.4915399376391	-29.489844036840246
542.5148776603252	-25.234382403647956
542.5382153830112	-19.406496931514177
542.5615531056973	-11.542414431768801
542.5759749051401	-5.595113616765867
542.590396704583	0.9432819465665538
542.6048185040258	7.5941056680907995
542.6192403034687	13.798735180978591
542.6291492796502	17.589622219579805
542.6390582558316	20.921315131150624
542.6489672320131	23.76997111247432
542.6588762081946	26.15286388861823
542.668785184376	28.118267139368335
542.6786941605575	29.723900793329417
542.688603136739	31.021948755256066
542.6985121129204	32.05583931659723
542.7084210891019	32.86244757576014
542.7183300652833	33.47404221304763
542.7282390414648	33.91901189126513
542.7381480176463	34.222016175030085
542.7480569938277	34.40418659457682
542.7579659700092	34.483521353055444
542.7678749461907	34.47527338760552
542.78275644979	34.32590540576234
542.7976379533893	34.04208039418889
542.8125194569886	33.64906465173115
542.827400960588	33.166027947458765
542.8422824641873	32.60793899074076
542.8571639677866	31.98665414121198
542.872045471386	31.311802368559285
542.8869269749853	30.59140541783014
542.9018084785846	29.83226867547732
542.9166899821839	29.04020582370105
542.9315714857833	28.220159967279105
542.9464529893826	27.376305477291968
542.9613344929819	26.51216351297164
542.9762159965812	25.630710359905663
542.9910975001806	24.734460308465493
543.0059790037799	23.825528319306905
543.0290182279257	22.397387943617698
543.0520574520715	20.948333008715625
543.0750966762173	19.48230876445746
543.0981359003631	18.00243468336934
543.1211751245089	16.511270731154408
543.1442143486547	15.01099653004915
543.1672535728005	13.503547882232692
543.1902927969463	11.99068768381744
543.2133320210921	10.474043020721005
543.2363712452379	8.955132650168284
543.2594104693837	7.435380073062642
543.2824496935295	5.91610547663264
543.318194028529	3.5627328765961925
543.3539383635284	1.2171718238098095
543.3896826985278	-1.1178209545119244
543.4254270335273	-3.4403043137717604
543.4611713685267	-5.749558810503656
543.4969157035262	-8.0460865531675
543.5326600385256	-10.331582379084281
543.568404373525	-12.608405708673226
543.6041487085245	-14.859984925526689
543.6398930435239	-17.061653635095137
543.6756373785233	-19.21341327239539
543.7113817135228	-21.32221955677226
543.7471260485222	-23.391536364040196
543.7828703835216	-25.421611516631323
543.8186147185211	-27.420408441749842
543.8543590535205	-29.400406739324534
543.89010338852	-31.371438053831344
543.9258477235194	-33.33438869846269
543.9615920585188	-35.283333458807675
543.9973363935183	-37.20723842891871
544.0330807285177	-39.09090414694676
544.0688250635171	-40.91465859438357
544.1045693985166	-42.656796244937546
544.140313733516	-44.29878209151572
544.1760580685154	-45.83396088232443
544.2118024035149	-47.26387697080444
544.2475467385143	-48.58357055709597
544.2832910735137	-49.786755911523336
544.3190354085132	-50.87360937409744
544.3547797435126	-51.85099732125824
544.390524078512	-52.72739067664696
544.4262684135115	-53.51086365699231
544.4620127485109	-54.21004236736432
544.4977570835104	-54.834453571141616
544.5335014185098	-55.3936022753184
544.5872849463536	-56.13025986330951
544.6410684741975	-56.76303324870406
544.6948520020413	-57.31232100799597
544.7486355298852	-57.79423275382227
544.8363396581354	-58.467718011446316
544.9240437863857	-59.03544392842039
545.011747914636	-59.52380415878008
545.0994520428862	-59.950505866522555
545.1871561711365	-60.32765394719004
545.2748602993868	-60.66375362105649
545.4109698521997	-61.11927879189005
545.5470794050127	-61.50849807564999
545.6831889578257	-61.84138910080375
545.8192985106386	-62.12473462669509
545.9554080634516	-62.364516047442706
546.0915176162646	-62.56660686868074
546.317688147549	-62.83255179192453
546.5438586788334	-63.02705727724691
546.7700292101179	-63.16272081951421
546.9961997414023	-63.24805209965102
547.2223702726867	-63.29071611636
547.4485408039711	-63.29838169493242
547.8079803133581	-63.25350055248578
548.1674198227452	-63.154981413544434
548.5268593321322	-63.01552924363067
548.8862988415192	-62.84402477788067
549.2457383509062	-62.648055467901905
549.6051778602932	-62.43423665163244
550.2019782827348	-62.0528611923584
550.7987787051763	-61.65236616220859
551.3955791276179	-61.24340732674401
551.9923795500595	-60.83276271774632
552.589179972501	-60.424958366149504
553.1859803949426	-60.02322050235433
554.1629682264835	-59.38473231273196
555.1399560580244	-58.7737769789942
556.1169438895653	-58.19032940881987
557.0939317211062	-57.630089890433986
558.0709195526471	-57.09027983527291
559.047907384188	-56.56338194227056
560.0248952157289	-56.04702962859425
561.0018830472698	-55.53150100566381
561.9788708788107	-55.01409326515015
562.9558587103515	-54.46638864713006
563.9328465418924	-53.875964576431336
564.1770934997777	-53.713358863844796
564.421340457663	-53.541833733062944
564.6655874155482	-53.36116162863992
564.9098343734335	-53.17560463772691
565.1540813313187	-52.97889464780167
565.398328289204	-52.77009094903829
565.6425752470892	-52.53723681003884
565.8868222049745	-52.27945856184149
566.1310691628597	-51.99607281986667
566.375316120745	-51.67369025925056
566.6195630786302	-51.29381317232524
566.8638100365155	-50.838125869411506
566.9248717759867	-50.70710060491909
566.985933515458	-50.56610893315419
567.0469952549292	-50.415296234457095
567.1466174352438	-50.1451026396512
567.2462396155584	-49.83710453471192
567.3458617958729	-49.478007408096175
567.4454839761875	-49.04897773717686
567.470389521266	-48.92720010003391
567.4952950663446	-48.797499172038094
567.5202006114232	-48.65897286915536
567.5451061565018	-48.51027798026862
567.5700117015804	-48.34942208328534
567.594917246659	-48.173622063413426
567.6087910834395	-48.067871105615474
567.6226649202201	-47.955265149677004
567.6365387570007	-47.834401532241316
567.6504125937813	-47.70331887456185
567.6642864305619	-47.559207720986045
567.6723730408678	-47.46775676808486
567.6804596511737	-47.369464329763304
567.6855917076596	-47.30293171538315
567.6907237641454	-47.23266960912953
567.6958558206313	-47.15820354239243
567.7009878771172	-47.07902411715135
567.7061199336031	-46.994600581846846
567.711251990089	-46.90440164370191
567.7163840465748	-46.80792191960782
567.7215161030607	-46.7047099816264
567.7266481595466	-46.59439264249808
567.7317802160325	-46.47669024143086
567.7369122725183	-46.351418823769784
567.7420443290042	-46.218479276615504
567.7471763854901	-46.077838176299444
567.752308441976	-45.9295069964116
567.7574404984618	-45.773525006092825
567.7625725549477	-45.60994856531449
567.7705920535598	-45.339298462991486
567.7786115521718	-45.05060176773879
567.7866310507839	-44.7443038943158
567.7946505493959	-44.42102910921149
567.8026700480079	-44.08157958382667
567.81068954662	-43.72684599919545
567.818709045232	-43.357693778457495
567.8316227731892	-42.73477569488419
567.8445365011464	-42.07826117866289
567.8574502291036	-41.38794454691104
567.8703639570608	-40.66099366869291
567.883277685018	-39.89195996353874
567.8961914129752	-39.07293789591917
567.9091051409324	-38.19365514165318
567.9220188688896	-37.240955822754316
567.9349325968468	-36.1983801032322
567.947846324804	-35.04540845823215
567.9676219913918	-33.00569036594302
567.9873976579795	-30.522209491194342
568.0071733245672	-27.421655417934694
568.026948991155	-23.467939231225305
568.0467246577427	-18.36505588823978
568.0665003243305	-11.898420457787577
568.0862759909182	-4.123209915368157
568.0993763435259	1.5060058154869225
568.1124766961336	7.137624622479043
568.1255770487413	12.436085096831226
568.138677401349	17.11955481772103
568.1517777539567	21.067107636491176
568.1648781065644	24.287279884872515
568.1779784591721	26.851563608944502
568.1910788117798	28.850311952864303
568.2041791643875	30.374319663267535
568.2172795169952	31.506300952859824
568.2303798696029	32.31669943706318
568.2434802222106	32.86331936481284
568.2565805748183	33.193178478496606
568.269680927426	33.3447754234666
568.2827812800336	33.34967679236845
568.2958816326413	33.23343708313021
568.308981985249	33.0163156545079
568.3220823378567	32.71415134137147
568.3351826904644	32.339411641058
568.3482830430721	31.90217960177219
568.3613833956798	31.41086772805528
568.3744837482875	30.87263714478837
568.3875841008952	30.2936343470158
568.4006844535029	29.679156860325694
568.4137848061106	29.033792506854613
568.4268851587183	28.361531691374022
568.4473916796126	27.26337683251439
568.4678982005069	26.11893528248752
568.4884047214011	24.936998748818063
568.5089112422954	23.72465546616202
568.5294177631897	22.487575027892216
568.549924284084	21.23021889921892
568.5704308049783	19.956104156016572
568.5909373258726	18.66803205413489
568.6114438467669	17.368287688901454
568.6319503676611	16.058808517191903
568.6524568885554	14.741297313647436
568.6729634094497	13.417282680031512
568.693469930344	12.08815369917329
568.7256634138572	9.994276831815405
568.7578568973704	7.895432875106136
568.7900503808836	5.795658940672454
568.8222438643968	3.6984562871174145
568.85443734791	1.6067655263605298
568.8866308314232	-0.4770500949208389
568.9188243149364	-2.551246252191205
568.9510177984496	-4.614756283054539
568.9832112819628	-6.667250494754554
569.015404765476	-8.709170420663666
569.0475982489892	-10.741688669231712
569.0797917325024	-12.766297508812427
569.1119852160156	-14.768588148210949
569.1441786995288	-16.733177008732493
569.176372183042	-18.659065943724514
569.2085656665552	-20.548941256917765
569.2407591500684	-22.402648597180228
569.2729526335816	-24.220118782651312
569.3051461170948	-26.006627985978483
569.337339600608	-27.770737590416818
569.3863883155846	-30.428516520389678
569.4354370305612	-33.056942053075595
569.4844857455378	-35.65078878377987
569.5335344605144	-38.186720437663325
569.582583175491	-40.624109623962326
569.6316318904676	-42.91603951177992
569.6806806054442	-45.02677281892888
569.7297293204208	-46.954458390668044
569.7787780353974	-48.68752278212394
569.827826750374	-50.2146235837881
569.8768754653506	-51.54293447982375
569.9259241803272	-52.696073267077665
569.9749728953038	-53.69842892908554
570.0240216102804	-54.56916351077273
570.073070325257	-55.32563225811003
570.1221190402337	-55.98560579591168
570.1711677552103	-56.56589221315358
570.2202164701869	-57.08063745188573
570.2692651851635	-57.54102981279859
570.3183139001401	-57.95589023796618
570.3931233695943	-58.51703156603171
570.4679328390484	-59.00847643930442
570.5427423085026	-59.444204836276725
570.6175517779568	-59.83445003336689
570.7370559813528	-60.3825701681776
570.8565601847488	-60.85632629790186
570.9760643881448	-61.26887257046433
571.0955685915408	-61.62902396673505
571.2150727949368	-61.94380510170065
571.3345769983328	-62.219328925208075
571.5280261019873	-62.59525590857915
571.8302320384746	-63.03954641173113
572.1324379749619	-63.346844946485255
572.4346439114493	-63.5493011609623
572.7368498479366	-63.67534509809182
573.0390557844239	-63.7347856019128
573.3412617209112	-63.74128601367227
573.6434676573986	-63.71012575238237
573.9456735938859	-63.64970823486692
574.2478795303732	-63.563913285867244
574.726864501151	-63.39009774945983
575.2058494719288	-63.179944567792205
575.6848344427066	-62.94630706852089
576.1638194134844	-62.70018464073688
576.6428043842621	-62.44748724759838
577.1217893550399	-62.19065807341591
577.8450981645408	-61.80309890438411
578.5684069740416	-61.42284674212933
579.2917157835425	-61.05293231169575
580.0150245930433	-60.696839903318015
580.7383334025442	-60.355969259093506
581.461642212045	-60.032548000962166
582.1849510215459	-59.72489099284968
582.9082598310467	-59.43492760071228
583.6315686405476	-59.15909968658196
584.3548774500484	-58.90197430319645
585.0781862595493	-58.654600057924014
585.8014950690501	-58.42917773014362
586.524803878551	-58.21534702505089
587.2481126880518	-58.019005830743
587.9714214975527	-57.81965747904669
588.6947303070535	-57.631520983153166
589.4180391165544	-57.46245925652045
590.1413479260552	-57.30542682411413
590.8646567355561	-57.17051100032104
591.5879655450569	-57.034382857025804
592.3112743545578	-56.89313704618269
593.0345831640586	-56.76640737706223
593.7578919735595	-56.65167291409566
594.4812007830603	-56.544486605921975
595.2045095925612	-56.44055369056662
595.927818402062	-56.34340181071391
596.6511272115629	-56.2446072866151
597.3744360210637	-56.16629705516599
598.0977448305646	-56.094546367224346
598.8210536400654	-56.01722046677767
599.5443624495663	-55.94429859052139
600.2676712590671	-55.87777995892575
600.990980068568	-55.82595236592694
601.7142888780688	-55.778336198117124
602.4375976875697	-55.74259885025293
603.1609064970705	-55.6931567831618
603.8842153065714	-55.646139276303174
604.6075241160722	-55.60912962992092
605.3308329255731	-55.57038052389193
606.0541417350739	-55.533294598234306
606.7774505445748	-55.50506060168302
607.5007593540756	-55.4814317089459
608.2240681635765	-55.47125419149543
608.9473769730773	-55.45829396813921
609.6706857825782	-55.440894144345464
610.393994592079	-55.39944814181395
611.1173034015799	-55.381220079556826
611.6079326633837	-55.384934127822575
612.0985619251876	-55.380758651239326
612.5891911869915	-55.37320452441944
613.0798204487953	-55.35815624544572
613.5704497105992	-55.35728175039998
614.061078972403	-55.36198577740658
614.5517082342069	-55.36075195930677
615.0423374960108	-55.36395976419436
615.5329667578146	-55.36706157988195
616.0235960196185	-55.37431816690382
616.5142252814223	-55.38250905475075
617.0048545432262	-55.38977439321685
617.4954838050301	-55.37412480849624
617.9861130668339	-55.362878776084635
618.4767423286378	-55.370154704463076
618.9673715904416	-55.37792510741688
619.4580008522455	-55.393959120062
619.9486301140494	-55.374354426066624
620.2720496799275	-55.36569503241764
620.5954692458056	-55.3768200766039
620.9188888116837	-55.38614277733639
621.2423083775618	-55.38881316808334
621.5657279434399	-55.39102539463878
621.889147509318	-55.38751662326651
622.2125670751961	-55.39421863103943
622.5359866410743	-55.403998683388025
622.8594062069524	-55.41795170720088
623.1828257728305	-55.41895240889645
623.5062453387086	-55.42571096354589
623.8296649045867	-55.43295146680701
624.1530844704648	-55.44694285230878
624.4765040363429	-55.451509745856114
624.799923602221	-55.45187032275931
625.1233431680992	-55.44392904374266
625.4467627339773	-55.44913580209382
625.7701822998554	-55.4587870432971
626.0936018657335	-55.473843296349614
626.4170214316116	-55.47350533714889
626.7404409974897	-55.471170365921076
627.0638605633678	-55.47621966243489
627.3872801292459	-55.48147698523426
627.710699695124	-55.494921646582966
628.0341192610022	-55.49432109137055
628.3575388268803	-55.492064765428765
628.6809583927584	-55.49749233501184
629.0043779586365	-55.502104576653025
629.3277975245146	-55.51626064637214
629.6512170903927	-55.52585489502962
629.9746366562708	-55.532830010580504
630.298056222149	-55.528966077949015
630.621475788027	-55.52769309359544
630.9448953539052	-55.52582360010638
631.2683149197833	-55.5341595948754
631.5917344856614	-55.542647727710104
631.9151540515395	-55.55494002281713
632.2385736174176	-55.556047390044576
632.5619931832957	-55.555125836057876
632.8854127491738	-55.54913227389961
633.208832315052	-55.549915404369564
633.5322518809301	-55.557068005170045
633.8556714468082	-55.56510388069649
634.1790910126863	-55.57038671500754
634.5025105785644	-55.57210134248967
634.8259301444425	-55.57397029259332
635.1493497103206	-55.576923618783475
635.4727692761987	-55.58247101547545
635.7961888420768	-55.58519174316022
636.119608407955	-55.58910572818542
636.4430279738331	-55.58874994793424
636.7664475397112	-55.59583346986407
637.0898671055893	-55.59366646857637
637.4132866714674	-55.604226506242696
637.7367062373455	-55.5921422468872
638.0601258032236	-55.612130621166784
638.3835453691017	-55.627947714374095
638.7069649349799	-55.62331890144549
639.030384500858	-55.62576621808842
639.3538040667361	-55.631183987350504
639.6772236326142	-55.630523236539744
640.0006431984923	-55.63809851691324
640.3240627643704	-55.633522348973194
640.6474823302485	-55.62850543133942
640.9709018961266	-55.618353202417914
641.2943214620047	-55.624859823775
641.6177410278829	-55.62156327625369
641.941160593761	-55.61890864453528
642.2645801596391	-55.607908159737384
642.5879997255172	-55.61067131309014
642.9114192913953	-55.61765344141663
643.2348388572734	-55.633960205578475
643.5582584231515	-55.632990452158886
643.8816779890296	-55.62730347602269
644.2050975549078	-55.61468886900151
644.5285171207859	-55.62104712648188
644.851936686664	-55.61755375063401
645.1753562525421	-55.61421375173755
645.4987758184202	-55.60069095820462
645.8221953842983	-55.59691059203637
646.1456149501764	-55.6030678990882
646.4690345160545	-55.6127021245082
646.7924540819326	-55.616023592639976
647.1158736478108	-55.61337407069016
647.4392932136889	-55.60718875342711
647.762712779567	-55.60940840433456
648.0861323454451	-55.61024581629291
648.4095519113232	-55.60953423655211
648.7329714772013	-55.60313961417035
649.0563910430794	-55.602268104387775
649.3798106089575	-55.60041765647147
649.7032301748357	-55.609966694525774
650.0266497407138	-55.59963840205818
650.3500693065919	-55.589311066112515
650.67348887247	-55.590736276309514
650.9969084383481	-55.59094400993175
651.3203280042262	-55.600651828029655
651.6437475701043	-55.59126636480549
651.9671671359824	-55.58096266063918
652.2905867018605	-55.58129162597254
652.6140062677387	-55.58304420819614
652.9374258336168	-55.580946324329226
653.2608453994949	-55.57972319808511
653.584264965373	-55.570929385320106
653.9076845312511	-55.57081781505087
654.2311040971292	-55.572621703664915
654.5545236630073	-55.5788149496218
654.8779432288854	-55.57356657092154
655.2013627947636	-55.573113554105056
655.5247823606417	-55.57200942984591
655.8482019265198	-55.57672885953974
656.1716214923979	-55.5735133008893
656.495041058276	-55.566573896465464
656.8184606241541	-55.551660700551345
657.1418801900322	-55.54807694857436
657.4652997559103	-55.54184053106008
657.7887193217884	-55.5370215715421
658.1121388876666	-55.52318903422461
658.4355584535447	-55.51767580466933
658.7589780194228	-55.51748602357059
659.0823975853009	-55.515465577406985
659.405817151179	-55.51326979592881
659.7292367170571	-55.499411602819116
660.0526562829352	-55.48987890993558
660.3760758488133	-55.486831896109734
660.6994954146915	-55.49331826231803
661.0229149805696	-55.48471757019376
661.3463345464477	-55.47399879474485
661.6697541123258	-55.46569813883817
661.9931736782039	-55.46891965291362
662.316593244082	-55.46087115824794
662.6400128099601	-55.45160966359839
662.9634323758382	-55.442115588111854
663.2868519417163	-55.44288221596123
663.6102715075945	-55.43389974938428
663.9336910734726	-55.42515645832289
664.2571106393507	-55.423107064784
664.5805302052288	-55.41737868641244
664.9039497711069	-55.41936234495599
665.227369336985	-55.40850064113474
665.5507889028631	-55.39751751826267
665.8742084687412	-55.394485710213466
666.1976280346194	-55.38824324610943
666.5210476004975	-55.38100545937821
666.8444671663756	-55.373922300941956
667.1678867322537	-55.366249920742675
667.4913062981318	-55.359596945372175
668.0387996454392	-55.35698647289167
668.5862929927466	-55.34963954988077
669.133786340054	-55.3399581941863
669.6812796873614	-55.322074677101035
670.2287730346688	-55.31527883870112
670.7762663819763	-55.3072991585569
671.3237597292837	-55.30062487353477
671.8712530765911	-55.28722352977686
672.4187464238985	-55.27831826630263
672.9662397712059	-55.266775831225566
673.5137331185133	-55.2564058353152
674.0612264658207	-55.24331743773785
674.6087198131281	-55.23295790026149
675.1562131604355	-55.212855941773185
675.7037065077429	-55.195642308579075
676.2511998550503	-55.17899025325626
676.7986932023578	-55.16808037985688
677.3461865496652	-55.15071086174781
677.8936798969726	-55.13475589803376
678.44117324428	-55.11783992824939
678.9886665915874	-55.10368937212291
679.5361599388948	-55.08985246832497
680.0836532862022	-55.07772487627075
680.6311466335096	-55.06300416238062
681.178639980817	-55.04915814175841
681.7261333281244	-55.02804614468834
682.2736266754318	-55.0091874622506
682.8211200227393	-54.991225609002804
683.3686133700467	-54.97690093441805
683.9161067173541	-54.95782237452349
684.4636000646615	-54.939472130887054
685.0110934119689	-54.92076963982352
685.5585867592763	-54.90358165394556
686.1060801065837	-54.884412419063075
686.6535734538911	-54.8703936068867
687.2010668011985	-54.854420090117976
687.7485601485059	-54.837733065965864
688.2960534958133	-54.81733329581208
688.8435468431207	-54.800320933872634
689.3910401904282	-54.782064929943296
689.9385335377356	-54.76123759615443
690.486026885043	-54.74345214048571
691.0335202323504	-54.71889577776441
691.5810135796578	-54.69559306537735
692.1285069269652	-54.67130462063915
692.6760002742726	-54.65128401806778
693.22349362158	-54.62636502718506
693.7709869688874	-54.60291144103619
694.3184803161948	-54.578904529129524
694.8659736635022	-54.55592906833056
695.4134670108097	-54.53070981818473
695.9609603581171	-54.50667120236391
696.5084537054245	-54.4834624793013
697.0559470527319	-54.459236005037866
697.6034404000393	-54.43431716723444
698.1509337473467	-54.40892243871654
698.6984270946541	-54.383663674466824
699.2459204419615	-54.35816545189366
699.7934137892689	-54.331540247324426
700.3409071365763	-54.30465159223567
700.8884004838837	-54.277359650028494
701.4358938311912	-54.24957193159933
701.9833871784986	-54.22119478151852
702.530880525806	-54.19191973215037
703.0783738731134	-54.16188672264281
703.6258672204208	-54.13047806215483
704.1733605677282	-54.09907751846473
704.7208539150356	-54.06595738278621
705.268347262343	-54.0324347108348
705.8158406096504	-53.997242786141854
706.3633339569578	-53.961955983490085
706.9108273042652	-53.92423460164883
707.4583206515726	-53.88629681025897
708.0058139988801	-53.84688579660931
708.5533073461875	-53.80674063318338
709.1008006934949	-53.76389160400177
709.6482940408023	-53.72032061557455
710.1957873881097	-53.67501788202203
710.7432807354171	-53.62829116993653
711.2907740827245	-53.578405301395556
711.8382674300319	-53.52684918272664
712.3857607773393	-53.47237634301863
712.9332541246467	-53.4158814482046
713.4807474719541	-53.35537338421995
714.0282408192616	-53.291179112130344
714.575734166569	-53.222240465700935
715.1232275138764	-53.149064613040224
715.6707208611838	-53.07002829458385
716.2182142084912	-52.985346484897704
716.7657075557986	-52.89231718335605
717.313200903106	-52.79006218325821
717.8606942504134	-52.67621571015767
718.4081875977208	-52.54911751856691
718.9556809450282	-52.404236847791324
719.5031742923356	-52.23878791177796
720.050667639643	-52.04304072689766
720.5981609869505	-51.80599932903811
721.1456543342579	-51.51361625460695
721.6931476815653	-51.132029491669485
722.2406410288727	-50.598067096370414
722.5792099812935	-50.136927433353875
722.9177789337143	-49.48502938383803
723.1172984460318	-48.946639123810584
723.3168179583492	-48.21972348897183
723.3666978364286	-47.992857972115075
723.4165777145079	-47.73874713647907
723.4664575925872	-47.4534016498349
723.5544079836376	-46.85578644885328
723.642358374688	-46.089733233523944
723.6643459724506	-45.86385132397499
723.6863335702133	-45.61963431782555
723.7288812636829	-45.08498582836849
723.7714289571525	-44.44665568803772
723.7820658805199	-44.26748688054393
723.7927028038873	-44.078890795023064
723.8133910778998	-43.68148087894817
723.8340793519124	-43.23665961268107
723.846899241217	-42.93290030059665
723.8597191305216	-42.60367584475456
723.8725390198263	-42.244670705148835
723.8853589091309	-41.85041557224627
723.8981787984355	-41.41370124157601
723.9053633053812	-41.147074736673005
723.9125478123269	-40.86202392158425
723.9197323192726	-40.55605777250918
723.9269168262183	-40.226442991647254
723.934101333164	-39.87027213937968
723.9412858401097	-39.484655101812976
723.9484703470554	-39.0669851268068
723.9556548540011	-38.61519126873436
723.9628393609468	-38.12773073148461
723.9700238678925	-37.60355760804445
723.9772083748381	-37.04191591397926
723.9843928817838	-36.44203381450022
723.9915773887295	-35.802822928402115
723.9987618956752	-35.122668259538344
724.0059464026209	-34.39929873338913
724.0131309095666	-33.629693093999116
724.0203154165123	-32.80999530250806
724.027499923458	-31.935440414406646
724.0346844304037	-31.000297665233116
724.0465979339368	-29.297317454371864
724.05851143747	-27.372111726937913
724.0704249410031	-25.180830299063494
724.0823384445363	-22.67338157765273
724.100303110554	-18.183420008358933
724.1182677765718	-12.751724870453394
724.1362324425895	-6.425531250369385
724.1541971086073	0.4899878968435261
724.172161774625	7.381400555839582
724.184472534664	11.748818763036043
724.196783294703	15.65041157939519
724.209094054742	19.01950707892164
724.221404814781	21.85345477994606
724.2337155748199	24.190317142198037
724.2460263348589	26.086904834244635
724.2583370948979	27.603112487828827
724.2706478549369	28.79416918644309
724.2829586149759	29.708577639729604
724.2952693750149	30.388316966906785
724.3075801350539	30.86942620169059
724.3198908950928	31.182547554933183
724.3322016551318	31.353433394772804
724.3445124151708	31.403449869190943
724.3568231752098	31.350127676453376
724.3691339352488	31.207784395218653
724.3814446952878	30.988171530588094
724.3937554553268	30.70106060292074
724.4060662153657	30.35470744660747
724.4183769754047	29.95618752209054
724.4369452928047	29.26984616311937
724.4555136102047	28.4965325726677
724.4740819276046	27.650782899325645
724.4926502450046	26.744870958632166
724.5112185624046	25.78910949769331
724.5297868798045	24.792024314752677
724.5483551972045	23.760602019741533
724.5669235146045	22.700546203513888
724.5854918320044	21.6165289285808
724.6040601494044	20.5124011988117
724.6226284668044	19.39134504230409
724.6411967842043	18.255995540671638
724.6597651016043	17.108557161605827
724.6889978771051	15.282117222955636
724.7182306526058	13.436571667171348
724.7474634281066	11.577023318814971
724.7766962036073	9.707952428640972
724.8059289791081	7.8333411421752315
724.8351617546089	5.9567044061468515
724.8643945301096	4.081105685794872
724.8936273056104	2.209160926500445
724.9228600811111	0.3430436449509448
724.9520928566119	-1.5155041786259278
724.9813256321127	-3.3651652365734557
725.0105584076134	-5.205056394960088
725.056953769418	-8.104163057782989
725.1033491312226	-10.978351510384158
725.1497444930271	-13.821554296057355
725.1961398548317	-16.613237157501345
725.2425352166363	-19.320493710152206
725.2889305784408	-21.94244166343049
725.3353259402454	-24.494084010167295
725.38172130205	-26.98268605566617
725.4281166638546	-29.414800427884785
725.4745120256591	-31.797324301806647
725.5209073874637	-34.13677023019288
725.5673027492683	-36.426305415441895
725.6136981110728	-38.64549763534964
725.6600934728774	-40.76465930093634
725.706488834682	-42.75483614593938
725.7528841964865	-44.59430822302357
725.7992795582911	-46.28268467475399
725.8456749200957	-47.81695045222023
725.8920702819003	-49.19133111617673
725.9384656437048	-50.40778053515703
725.9848610055094	-51.48176953124368
726.031256367314	-52.430630656475515
726.0776517291185	-53.268206309923976
726.1240470909231	-54.00713251617966
726.1704424527277	-54.660947070427724
726.2168378145323	-55.243019038396575
726.2632331763368	-55.764867774432844
726.3096285381414	-56.23574478527689
726.3806597121219	-56.8748656329729
726.4516908861024	-57.4335270030019
726.5227220600829	-57.92786860608725
726.5937532340633	-58.370139680995436
726.7070390726224	-58.99041559876325
726.8203249111814	-59.52813074104787
726.9336107497404	-59.99955780362805
727.0468965882994	-60.41547288428964
727.1601824268585	-60.78385089790233
727.2734682654175	-61.111138994096265
727.4552003231302	-61.56399777841797
727.6369323808428	-61.94258521163119
727.9189861309634	-62.407430198383096
728.201039881084	-62.7497235954511
728.4830936312045	-63.012893174461
728.765147381325	-63.19942533074528
729.0472011314456	-63.31085304885428
729.3292548815662	-63.36826871876908
729.6113086316867	-63.39604935870324
729.8933623818073	-63.40037350613589
730.1754161319278	-63.37631598287468
730.4574698820484	-63.326427975947496
730.7395236321689	-63.26057510030752
731.0215773822895	-63.18453197256026
731.30363113241	-63.098246473081
731.5856848825306	-63.00210194823624
731.8677386326511	-62.89848377259587
732.1497923827717	-62.789358223013316
732.4318461328922	-62.67608452367925
732.7138998830128	-62.56025564349489
733.148795023038	-62.37763528260436
733.5836901630632	-62.19306609371019
734.0185853030885	-62.00681756952179
734.4534804431137	-61.81994708964282
734.8883755831389	-61.634577108385045
735.5480598885397	-61.360353790790526
736.2077441939405	-61.09548771232151
736.8674284993413	-60.839152450241755
737.527112804742	-60.591330249938444
738.1867971101428	-60.35479902086022
738.8464814155436	-60.1296879412338
739.5061657209444	-59.91526402356633
740.6212114210496	-59.57278369682688
741.7362571211547	-59.260992406334935
742.8513028212599	-58.97606760993206
743.966348521365	-58.71988324678518
745.0813942214702	-58.4759776816589
746.1964399215753	-58.25556908867945
747.3114856216805	-58.05031306417102
748.4265313217857	-57.88070524849271
749.5415770218908	-57.72397798570138
750.656622721996	-57.568248391695604
751.7716684221011	-57.427239470569596
752.8867141222063	-57.29643382268252
754.0017598223114	-57.205019189179495
755.1168055224166	-57.10987040388922
756.2318512225218	-56.99503860091444
757.3468969226269	-56.89006896391282
758.4619426227321	-56.80702556715849
759.5769883228372	-56.75080598386644
760.6920340229424	-56.69292507101523
761.8070797230475	-56.6150056234676
762.9221254231527	-56.536588293589396
764.0371711232578	-56.49472687811212
765.152216823363	-56.45372331991835
766.2672625234682	-56.373027670818786
767.3823082235733	-56.26841928205216
768.4973539236785	-56.235344362035654
769.1983083233939	-56.23418202638528
769.8992627231094	-56.20798417810891
770.6002171228248	-56.16665604592306
771.3011715225402	-56.130214116523554
772.0021259222557	-56.13687849271171
772.4830025910267	-56.13575717838412
772.9638792597976	-56.11183841707746
773.4447559285686	-56.09049010772498
773.9256325973396	-56.066401792521454
774.4065092661106	-56.06789822388676
774.8873859348815	-56.02559006973169
775.1947313337494	-56.00128610636556
775.5020767326172	-56.00037606944572
775.809422131485	-56.00019076498822
776.1167675303528	-56.00643685671864
776.4241129292207	-55.99090435877812
776.7314583280885	-55.97260523537236
777.0388037269563	-55.949783687172506
777.3461491258241	-55.94814748834856
777.653494524692	-55.93623241145571
777.9608399235598	-55.92387369739453
778.2681853224276	-55.90373052048354
778.5755307212954	-55.89682922384212
778.8828761201632	-55.88482913243682
779.1902215190311	-55.87621593625422
779.4975669178989	-55.861380322180416
779.8049123167667	-55.85380563984661
780.1122577156345	-55.84160927585771
780.4196031145024	-55.833702357563766
780.7269485133702	-55.822543933142924
781.034293912238	-55.81592950277033
781.3416393111058	-55.81136387026772
781.6489847099737	-55.814164863645786
781.9563301088415	-55.809241095377075
782.2636755077093	-55.799667045088896
782.5710209065771	-55.7842197104934
782.878366305445	-55.77849074627296
783.1857117043128	-55.770882936129865
783.4930571031806	-55.77443044102749
783.8004025020484	-55.7547419486882
784.1077479009163	-55.73673521928119
784.4150932997841	-55.73275655413096
784.7224386986519	-55.72741676873538
785.0297840975197	-55.73058438191415
785.3371294963875	-55.716192268928246
785.6444748952554	-55.701310930523114
785.9518202941232	-55.682674096692224
786.259165692991	-55.68163578895432
786.5665110918588	-55.68226129333511
786.8738564907267	-55.68707216836254
787.1812018895945	-55.67514925999262
787.4885472884623	-55.66130376027819
787.7958926873301	-55.65453741359053
788.103238086198	-55.64736096658082
788.4105834850658	-55.648595317105546
788.7179288839336	-55.63744391084126
789.0252742828014	-55.62438074198575
789.3326196816693	-55.60726230455464
789.6399650805371	-55.603770363434975
789.9473104794049	-55.59340285251212
790.2546558782727	-55.58351553809923
790.5620012771406	-55.56788325159169
790.8693466760084	-55.561448947511636
791.1766920748762	-55.55021037013962
791.484037473744	-55.54200327989479
791.7913828726118	-55.52939146954073
792.0987282714797	-55.52274747624142
792.4060736703475	-55.510856445137385
792.7134190692153	-55.502649072727046
793.0207644680831	-55.49242779553496
793.328109866951	-55.48677030608459
793.6354552658188	-55.48233531568678
793.9428006646866	-55.48426207807311
794.2501460635544	-55.479042260510326
794.5574914624223	-55.46972576494318
794.8648368612901	-55.45420798270887
795.1721822601579	-55.44824507910722
795.4795276590257	-55.439847797903234
795.7868730578936	-55.44516518422129
796.0942184567614	-55.42370737738725
796.3037004205925	-55.40932041507379
796.5131823844235	-55.40818288230441
796.7226643482546	-55.40756329111428
796.9321463120857	-55.40877698831303
797.1416282759168	-55.40196404787479
797.3511102397479	-55.39801297130601
797.560592203579	-55.386557941248945
797.77007416741	-55.385292348502
797.9795561312411	-55.375461427186586
798.1890380950722	-55.378281948806496
798.3985200589033	-55.363579056824314
798.6080020227344	-55.350677043161326
798.8174839865654	-55.338460256589194
799.0269659503965	-55.338658970612165
799.2364479142276	-55.332113318814756
799.4459298780587	-55.33566615743212
799.6554118418898	-55.32439729688678
799.8648938057208	-55.31340229838796
800.0743757695519	-55.30094783039417
800.283857733383	-55.29951578432681
800.4933396972141	-55.29941366083498
800.7028216610452	-55.30073653162088
800.9123036248762	-55.29458450095075
801.1217855887073	-55.28973107946963
801.3312675525384	-55.28504540358472
801.5407495163695	-55.28155132349653
801.7502314802006	-55.276775141660735
801.9597134440316	-55.27178782012286
802.1691954078627	-55.26353694018349
802.3786773716938	-55.25760994613685
802.5881593355249	-55.25069029611721
802.797641299356	-55.24802495547747
803.007123263187	-55.2401225276166
803.2166052270181	-55.2365505974402
803.4260871908492	-55.22616050886858
803.6355691546803	-55.217111967854734
803.8450511185114	-55.208168632791335
804.0545330823425	-55.20447818784269
804.2640150461735	-55.197805283196644
804.4734970100046	-55.19657402792693
804.6829789738357	-55.19383023343858
804.8924609376668	-55.19001459364548
805.1019429014979	-55.181568195808126
805.311424865329	-55.17626343417108
805.52090682916	-55.17153656234018
805.7303887929911	-55.16679773737841
805.9398707568222	-55.1600796711695
806.1493527206533	-55.15432621745492
806.3588346844843	-55.146604811263934
806.5683166483154	-55.14116158010687
806.7777986121465	-55.13314679115005
806.9872805759776	-55.12943730533278
807.1967625398087	-55.12067454939728
807.4062445036398	-55.117798245220015
807.6157264674708	-55.106262346521135
807.8252084313019	-55.09581761902922
808.034690395133	-55.08556896399023
808.2441723589641	-55.082141314304195
808.4536543227952	-55.0747514730779
808.6631362866262	-55.074011155251924
808.8726182504573	-55.071441814855085
809.0821002142884	-55.063825855287654
809.2915821781195	-55.05637485276143
809.5010641419506	-55.04745082850401
809.7105461057816	-55.04209216664657
809.9200280696127	-55.03435064587828
810.1295100334438	-55.03101637636198
810.3389919972749	-55.02175739976117
810.548473961106	-55.0185784527649
810.757955924937	-55.00624976620279
810.9674378887681	-55.005727772789655
811.1769198525992	-54.99073833935054
811.3864018164303	-54.97746538899776
811.5958837802614	-54.96352398824865
811.8053657440925	-54.961370428228165
812.0148477079235	-54.9527621769384
812.2243296717546	-54.956190259038486
812.4338116355857	-54.95599192363656
812.6432935994168	-54.9537783640241
812.8527755632479	-54.94131603863907
813.0622575270789	-54.92979259681688
813.27173949091	-54.92361414369611
813.4812214547411	-54.91674597085874
813.6907034185722	-54.91256739629825
813.9001853824033	-54.90457776237377
814.1096673462343	-54.89988664475149
814.3191493100654	-54.888152586768484
814.5286312738965	-54.88407294020531
814.7381132377276	-54.87141530275853
814.9475952015587	-54.87218125047283
815.1570771653898	-54.87110050797736
815.3665591292208	-54.86936669990916
815.5760410930519	-54.85752309389508
815.785523056883	-54.8517590075269
815.9950050207141	-54.83564122353564
816.2044869845452	-54.82264033790272
816.4139689483762	-54.81096616012031
816.6234509122073	-54.808481787412674
816.8329328760384	-54.79902652721767
817.0424148398695	-54.797761620134224
817.2518968037006	-54.79434820694527
817.4613787675316	-54.7846517048029
817.6708607313627	-54.77596371024831
817.8803426951938	-54.76442390639921
818.0898246590249	-54.75818834408739
818.299306622856	-54.74764863609281
818.508788586687	-54.745283853002526
818.7182705505181	-54.73225983549993
818.9277525143492	-54.73088487546012
819.1372344781803	-54.72826450147759
819.3467164420114	-54.72673978858327
819.5561984058425	-54.71534536491746
819.7656803696735	-54.70892673574723
819.9751623335046	-54.690517152390484
820.1846442973357	-54.67578663683688
820.3941262611668	-54.663516821309855
820.6036082249979	-54.66126072225513
820.8130901888289	-54.65050309809115
821.02257215266	-54.648564400977996
821.2320541164911	-54.64459388712868
821.4415360803222	-54.63386048227974
821.6510180441533	-54.62436262960672
821.8605000079843	-54.61117141957443
822.0699819718154	-54.6043732075724
822.2794639356465	-54.592314127855595
822.4889458994776	-54.581003814018054
822.6984278633087	-54.56907059571301
822.9079098271397	-54.56141869598163
823.1173917909708	-54.551199077320256
823.3268737548019	-54.54733546741989
823.536355718633	-54.5358973927895
823.7458376824641	-54.53212585260337
823.9553196462952	-54.52690197875417
824.1648016101262	-54.52258663387047
824.3742835739573	-54.51133082520982
824.5837655377884	-54.503965981155986
824.7932475016195	-54.48663722558283
825.0027294654506	-54.47188787978313
825.2122114292816	-54.45916549059337
825.4216933931127	-54.45484502555579
825.6311753569438	-54.4492757174415
825.8406573207749	-54.44307696803547
826.050139284606	-54.43107068597033
826.259621248437	-54.42292617516381
826.4691032122681	-54.41487863376726
826.6785851760992	-54.406431853365326
826.8880671399303	-54.395482499019984
827.0975491037614	-54.38628578801336
827.3070310675924	-54.37353439639975
827.5165130314235	-54.36447128567478
827.7259949952546	-54.35017441616194
827.9354769590857	-54.3450383936073
828.1449589229168	-54.33897174124092
828.3544408867479	-54.33228959348436
828.5639228505789	-54.317804962964466
828.77340481441	-54.30887610344541
828.9828867782411	-54.30042522101352
829.1923687420722	-54.291812667694366
829.4018507059033	-54.27921693755264
829.6113326697343	-54.269419086662786
829.8208146335654	-54.25936205460622
830.0302965973965	-54.24694352988653
830.2397785612276	-54.2356981413927
830.4492605250587	-54.22317630063665
830.6587424888897	-54.21289222993033
830.8682244527208	-54.198503025221086
831.0777064165519	-54.18917945076074
831.287188380383	-54.17357902515716
831.4966703442141	-54.16778581822046
831.7061523080451	-54.147046507817485
831.9156342718762	-54.14517312117417
832.0603326983218	-54.14401401543252
832.2050311247673	-54.13178810071252
832.3497295512128	-54.11987208301505
832.4944279776583	-54.1062955001828
832.6391264041039	-54.098317499338236
832.7838248305494	-54.088373897454716
832.9285232569949	-54.083664730792506
833.0732216834405	-54.07335093886062
833.217920109886	-54.066863249560186
833.3626185363315	-54.05338628013209
833.507316962777	-54.04743724441555
833.6520153892226	-54.03458788520307
833.7967138156681	-54.03056479410368
833.9414122421136	-54.01575494129574
834.0861106685592	-54.01181695272192
834.2308090950047	-54.007512635597415
834.3755075214502	-54.00253259867831
834.5202059478958	-53.99033548770308
834.6649043743413	-53.98045276991709
834.8096028007868	-53.96616340266143
834.9543012272323	-53.953808267494345
835.0989996536779	-53.942826555085276
835.2436980801234	-53.93531034074793
835.3883965065689	-53.92541009689926
835.5330949330145	-53.9168985819694
835.67779335946	-53.90511080318557
835.8224917859055	-53.89650405834035
835.967190212351	-53.884091816692006
836.1118886387966	-53.87191028415737
836.2565870652421	-53.86005497912187
836.4012854916876	-53.85076643721609
836.5459839181332	-53.840187684350674
836.6906823445787	-53.83106211410467
836.8353807710242	-53.819330895529426
836.9800791974698	-53.809717156760215
837.1247776239153	-53.796769987001355
837.2694760503608	-53.78736270313154
837.4141744768064	-53.773843008357076
837.5588729032519	-53.765399163921764
837.7035713296974	-53.75063810397416
837.8482697561429	-53.73593157720638
837.9929681825885	-53.7252277149554
838.137666609034	-53.71404747259607
838.2823650354795	-53.704131875683615
838.4270634619251	-53.691438779090596
838.5717618883706	-53.680516734821815
838.7164603148161	-53.66620483022854
838.8611587412616	-53.655075481640345
839.0058571677072	-53.64019316437903
839.1505555941527	-53.630343705488194
839.2952540205982	-53.61459598577032
839.4399524470438	-53.60502079935707
839.5846508734893	-53.58696061782561
839.7293492999348	-53.57855280712119
839.8740477263804	-53.558499905464565
840.0187461528259	-53.539076763630476
840.1634445792714	-53.52036398296197
840.3081430057169	-53.50970288750613
840.4528414321625	-53.49509349152836
840.597539858608	-53.48606888440257
840.7422382850535	-53.47485381447158
840.8869367114991	-53.458557129561
841.0316351379446	-53.44205862697406
841.1763335643901	-53.42456691431936
841.3210319908356	-53.409905120627435
841.4657304172812	-53.39343825660549
841.6104288437267	-53.37961626385359
841.7551272701722	-53.361719522766606
841.8998256966178	-53.34728705013904
842.0445241230633	-53.327161786505805
842.1892225495088	-53.31333861971151
842.3339209759544	-53.29159136974584
842.4786194023999	-53.279348025228224
842.6233178288454	-53.25428902945076
842.768016255291	-53.22966231527057
842.9127146817365	-53.20582208253772
843.057413108182	-53.190845513583454
843.2021115346275	-53.170755111525665
843.3468099610731	-53.15720910596948
843.4915083875186	-53.14113700966298
843.6362068139641	-53.11874542762028
843.7809052404097	-53.0962467272692
843.9256036668552	-53.07190018480476
844.0703020933007	-53.05136570940591
844.2150005197462	-53.027589532102425
844.3596989461918	-53.00321530862586
844.5043973726373	-52.978586453179446
844.6490957990828	-52.95540728781454
844.7937942255284	-52.93063709546874
844.9384926519739	-52.90704138455666
845.0831910784194	-52.8805224491113
845.227889504865	-52.85593691818299
845.3725879313105	-52.82627943831858
845.517286357756	-52.80085517985996
845.6619847842015	-52.76827664154255
845.8066832106471	-52.73539617993027
845.9513816370926	-52.702005106021666
846.0960800635381	-52.67293829482706
846.2407784899837	-52.63983705611049
846.3854769164292	-52.61093886154926
846.5301753428747	-52.57969748828995
846.6748737693202	-52.542793275131274
846.8195721957658	-52.50512668257748
846.9642706222113	-52.464614096288514
847.1089690486568	-52.42671719955228
847.2536674751024	-52.38379317254212
847.3983659015479	-52.345033023837765
847.5430643279934	-52.29651069200923
847.687762754439	-52.25647593604512
847.8324611808845	-52.2138973078705
847.97715960733	-52.16109085981913
848.1218580337755	-52.1085658113273
848.2665564602211	-52.04822594726221
848.4112548866666	-51.99435545629106
848.5559533131121	-51.938088232456124
848.7006517395577	-51.87911782207475
848.8453501660032	-51.80931069295033
848.9900485924487	-51.73952243869849
849.1347470188942	-51.66561492245778
849.2794454453398	-51.58582344100727
849.4241438717853	-51.4977011961956
849.5688422982308	-51.404983967739106
849.7135407246764	-51.302180727572974
849.8582391511219	-51.19564326448669
850.0029375775674	-51.08009749567591
850.147636004013	-50.954152455870876
850.2923344304585	-50.811040077164215
850.437032856904	-50.65570299689065
850.5817312833495	-50.48220866312733
850.7264297097951	-50.28505658409414
850.8711281362406	-50.0573736615671
851.0158265626861	-49.79672238566085
851.1605249891317	-49.49069416627362
851.3052234155772	-49.11925481993096
851.4499218420227	-48.663503646382296
851.5946202684682	-48.07649990114587
851.7393186949138	-47.29519474516196
851.7754933015252	-47.05656523645795
851.8116679081367	-46.792620427126
851.8478425147481	-46.50020789835784
851.910982407806	-45.90532289139022
851.974122300864	-45.16702097446095
852.0144162441193	-44.59376035605366
852.0547101873746	-43.911294383227585
852.0782843587376	-43.44688787658531
852.1018585301007	-42.92114108148591
852.1254327014638	-42.31940577589016
852.1395542975325	-41.91500461760302
852.1536758936013	-41.470885376544295
852.1677974896701	-40.979659836406555
852.1819190857389	-40.43183752100709
852.1960406818076	-39.81478130266612
852.2101622778764	-39.11174817822021
852.2155647451821	-38.81586346508988
852.2209672124877	-38.5026272573412
852.2263696797934	-38.1704069023557
852.231772147099	-37.81754580287123
852.2371746144047	-37.44240965403506
852.2425770817104	-37.04345078516905
852.247979549016	-36.61927045444055
852.2533820163217	-36.16865600816428
852.2587844836273	-35.69057842903071
852.264186950933	-35.18414594715668
852.2695894182386	-34.64851303828671
852.2749918855443	-34.08277597290752
852.28039435285	-33.485877944722596
852.2857968201556	-32.8565306077578
852.2911992874613	-32.19315173892986
852.2997167874461	-31.07330879118321
852.3082342874309	-29.854637643412122
852.3167517874157	-28.525439865555747
852.3252692874005	-27.071468300360802
852.3337867873853	-25.47632367494082
852.3423042873701	-23.722104140535354
852.3555256325653	-20.640658445159804
852.3687469777606	-17.06805141796824
852.3819683229558	-12.974402094715664
852.395189668151	-8.38575457092726
852.4084110133463	-3.405585933252722
852.4216323585415	1.7588907300890169
852.4348537037367	6.832014326491992
852.448075048932	11.55327734383975
852.4612963941272	15.752800845331988
852.4745177393224	19.344659037980914
852.4877390845177	22.321782506070818
852.5009604297129	24.731726966570285
852.5141817749081	26.64687120507568
852.5274031201034	28.142002183439907
852.5406244652986	29.284096838590177
852.5538458104938	30.13048901582104
852.5670671556891	30.729760567805407
852.5802885008843	31.12270798563521
852.5935098460795	31.34317478496034
852.6067311912748	31.418935297189055
852.61995253647	31.372581992824518
852.6331738816652	31.22236780103297
852.6463952268605	30.983035780719966
852.6596165720557	30.66662733464243
852.672837917251	30.28317943981682
852.6860592624462	29.841230571672554
852.6992806076414	29.348140707625884
852.7125019528366	28.810294821636113
852.7257232980319	28.23325452419602
852.7457086871938	27.29727460891548
852.7656940763557	26.297056175059534
852.7856794655175	25.244149031290664
852.8056648546794	24.148089227310802
852.8256502438413	23.016676635972676
852.8456356330032	21.856193973205542
852.8656210221651	20.67168620648241
852.885606411327	19.467212347861196
852.9055918004889	18.24607343064597
852.9255771896508	17.011012255437887
852.9455625788127	15.76436039223734
852.9655479679745	14.50813489190152
852.9855333571364	13.244107119776876
853.0162019128478	11.292829152483662
853.0468704685592	9.33195721643431
853.0775390242705	7.365906519306788
853.1082075799819	5.398555352098776
853.1388761356933	3.4332667874974594
853.1695446914047	1.4728913364946234
853.200213247116	-0.4802349054037466
853.2308818028274	-2.42429489200139
853.2615503585388	-4.358001573714811
853.2922189142502	-6.280613913660134
853.3228874699615	-8.191953585319503
853.3705241482945	-11.13944091783603
853.4181608266275	-14.05324731789547
853.4657975049605	-16.898099858851314
853.5134341832935	-19.665744747803444
853.5610708616265	-22.353428937829438
853.6087075399595	-24.965451133418895
853.6563442182925	-27.50477204563733
853.7039808966255	-29.98372189797994
853.7516175749585	-32.41329683351011
853.7992542532915	-34.798604419932616
853.8468909316244	-37.126673577795216
853.8945276099574	-39.37153341130069
853.9421642882904	-41.50216440823921
853.9898009666234	-43.48869460615938
854.0374376449564	-45.31743404176521
854.0850743232894	-46.98591058734363
854.1327110016224	-48.48916856596419
854.1803476799554	-49.82350203777723
854.2279843582884	-50.996856308487764
854.2756210366214	-52.027426409687834
854.3232577149544	-52.93379858746594
854.3708943932874	-53.73219342873641
854.4185310716204	-54.43679890908828
854.4661677499533	-55.06085390518504
854.5138044282863	-55.61675492808733
854.5614411066193	-56.115472200563396
854.6090777849523	-56.56610046589038
854.6806868446453	-57.16881818794282
854.7522959043382	-57.69856572480668
854.8239049640312	-58.169588143546875
854.8955140237241	-58.59259125367064
855.0114102921942	-59.19619348827239
855.1273065606644	-59.72010478110691
855.2432028291345	-60.17949434630854
855.3590990976046	-60.58445042880872
855.4749953660747	-60.94255775774173
855.5908916345448	-61.260073744915644
855.777940944559	-61.70039474293969
856.0591741270299	-62.22373371206665
856.3404073095008	-62.61412623431838
856.6216404919718	-62.900426374418544
856.9028736744427	-63.109403297527756
857.1841068569137	-63.25095710442409
857.4653400393846	-63.33788660319955
857.7465732218556	-63.38429339845733
858.0278064043265	-63.39854682210408
858.3090395867974	-63.38477844531255
858.7624554573785	-63.31766516301994
859.2158713279595	-63.205543426497
859.6692871985405	-63.06226281342791
860.1227030691215	-62.899818121735215
860.5761189397025	-62.724630701762216
861.0295348102835	-62.539580970251066
861.7189473822207	-62.24855089115675
862.4083599541578	-61.95389860779079
863.097772526095	-61.66053864782085
863.7871850980322	-61.37309826043814
864.4765976699694	-61.09433122741068
865.1660102419065	-60.8263385453565
866.2820422492587	-60.41583308151126
867.3980742566108	-60.03711155809938
868.514106263963	-59.687951991840066
869.6301382713151	-59.37106688313557
870.7461702786673	-59.07914053274373
871.8622022860194	-58.813736189827665
872.9782342933715	-58.56494331671841
874.0942663007237	-58.348170510207076
875.2102983080758	-58.14799570034456
876.326330315428	-57.95748391119768
877.4423623227801	-57.78561802721303
878.5583943301323	-57.63044377286036
879.6744263374844	-57.4959614536276
880.7904583448366	-57.3696672794463
881.9064903521887	-57.25089092371613
883.0225223595409	-57.133946486037544
884.138554366893	-57.05519409870089
885.2545863742452	-56.97397553574416
886.3706183815973	-56.871312787661715
887.4866503889494	-56.782188518406954
888.6026823963016	-56.70152388062123
889.7187144036537	-56.63495599849136
890.8347464110059	-56.54595569275753
891.950778418358	-56.468452359446935
893.0668104257102	-56.424825864655425
894.1828424330623	-56.3869666571582
895.2988744404145	-56.36826258955315
896.0554706201635	-56.34043991889619
896.8120667999126	-56.30343434440672
897.5686629796617	-56.25250319049377
898.3252591594107	-56.22338065520403
899.0818553391598	-56.19579197668665
899.8384515189089	-56.17357690337883
900.5950476986579	-56.12555180920882
901.351643878407	-56.0868421526776
902.1082400581561	-56.07323230552777
902.8648362379051	-56.0665041049217
903.6214324176542	-56.04681105970715
904.3780285974033	-56.00247371913083
905.1346247771523	-55.96800319264203
905.8912209569014	-55.95553114493422
906.6478171366505	-55.95982586249329
907.4044133163995	-55.92544466410705
907.9304425194028	-55.897394651417805
908.4564717224061	-55.888198134610406
908.9825009254095	-55.88395414317355
909.5085301284128	-55.885610191639195
910.0345593314161	-55.85147673522838
910.5605885344194	-55.81962629145633
911.0866177374227	-55.81326101652006
911.612646940426	-55.80148401549525
912.1386761434293	-55.78498888798307
912.6647053464326	-55.75810634044844
913.1907345494359	-55.73880725119721
913.7167637524392	-55.73103251660534
914.2427929554425	-55.743518078108416
914.7688221584458	-55.73422078171443
915.2948513614491	-55.712058561312375
915.8208805644524	-55.673977216143626
916.3469097674557	-55.67717625956213
916.7092840212605	-55.68282416691532
917.0716582750653	-55.6710281171319
917.43403252887	-55.657078148446395
917.7964067826748	-55.63219191285647
918.1587810364796	-55.633818360164945
918.5211552902844	-55.6382943173682
918.8835295440891	-55.62855131390492
919.2459037978939	-55.61916745501273
919.6082780516987	-55.61190433839349
919.9706523055034	-55.60840978755858
920.3330265593082	-55.60710127440466
920.695400813113	-55.59882011974787
921.0577750669178	-55.582436047561345
921.4201493207225	-55.56525630598842
921.7825235745273	-55.56100386724005
922.1448978283321	-55.557400026597854
922.5072720821369	-55.553185543057616
922.8696463359416	-55.52815959789175
923.2320205897464	-55.50865906559978
923.5943948435512	-55.504350146748216
923.956769097356	-55.50134641643906
924.3191433511607	-55.49801707860242
924.6815176049655	-55.484245637547794
925.0438918587703	-55.48120627523458
925.406266112575	-55.47745880217333
925.7686403663798	-55.47435539882496
926.1310146201846	-55.460007173056304
926.4933888739894	-55.45630618924412
926.8557631277941	-55.45091081233015
927.2181373815989	-55.44790438388694
927.5805116354037	-55.433768276475014
927.9428858892085	-55.418614848963756
928.3052601430132	-55.395592828966535
928.667634396818	-55.38770392966604
929.0300086506228	-55.38381864341391
929.3923829044276	-55.3890747309838
929.7547571582323	-55.3733174252668
930.1171314120371	-55.3541517016041
930.4795056658419	-55.32695867940999
930.8418799196467	-55.32651416873458
930.9999999999793	-55.32791755077748
931.0000000000103	-55.32791755077748
931.0000607554464	-55.330917972528574
931.0002448399318	-55.339561222609426
931.0007050504958	-55.35954052117291
931.0014370741538	-55.388916656422865
931.0026217958241	-55.43258558901465
931.0038065174944	-55.473377423351096
931.0059725941512	-55.54288366427584
931.0092351097059	-55.6371938527425
931.0158020539963	-55.80090251967124
931.0223689982867	-55.93991769419698
931.028935942577	-56.06373463005329
931.0355028868674	-56.17774755082528
931.0420698311578	-56.28481879360571
931.0534033769342	-56.458090950479054
931.0647369227105	-56.61902853550514
931.0829417849131	-56.857670341261375
931.1011466471158	-57.077137090411945
931.1338470582531	-57.43583220477438
931.1665474693904	-57.76208205405064
931.1992478805277	-58.06424704939212
931.2319482916649	-58.34671033489206
931.2646487028022	-58.612350708824366
931.3175536524824	-59.01187691298499
931.3704586021626	-59.38061839015634
931.4233635518427	-59.723917833885444
931.5066995307342	-60.2212236996885
931.5900355096256	-60.67414171061921
931.6733714885171	-61.08995468330973
931.8328141969439	-61.80195127587641
931.9922569053707	-62.42577492866991
932.1516996137975	-62.97953242524671
932.3111423222243	-63.47752167349935
932.4705850306511	-63.93110187019374
932.630027739078	-64.34805509331527
932.7894704475048	-64.73371427010396
933.0791469923064	-65.36851879089782
933.368823537108	-65.93394846032308
933.6585000819097	-66.44308188882523
933.9481766267113	-66.9062838142718
934.2378531715129	-67.33155900459502
934.6833201002976	-67.92450744719962
935.1287870290822	-68.45616626983809
935.5742539578669	-68.93687296544245
936.0197208866515	-69.37451102331242
936.4651878154361	-69.77538387710243
937.1961619970267	-70.36632994660779
937.9271361786173	-70.88760476424072
938.6581103602078	-71.35005065383716
939.3890845417984	-71.76192304467749
940.120058723389	-72.13013380161715
941.232507537611	-72.61919185565868
942.344956351833	-73.03517070022428
944.1704693647933	-73.58822305706863
945.9959823777536	-74.0110724307485
947.821495390714	-74.33116615541554
949.6470084036742	-74.56865821000208
951.4725214166345	-74.73730396266136
953.2980344295948	-74.8543449758003
955.1235474425552	-74.93192860159917
956.9490604555155	-74.9741949235523
958.7745734684758	-74.99062073369153
960.600086481436	-74.98587086497108
962.4255994943964	-74.962101778113
964.2511125073567	-74.92893286520197
966.076625520317	-74.8846744622387
967.9021385332773	-74.82965188809072
969.7276515462376	-74.77417701989971
971.5531645591979	-74.71191756774671
972.8909619168601	-74.66061571990518
974.2287592745223	-74.61168660038065
975.5665566321845	-74.56467314583762
976.9043539898468	-74.51781891363088
978.242151347509	-74.47130758942686
979.5799487051712	-74.42270521403005
980.9177460628334	-74.3741365708892
982.2555434204957	-74.32830569319087
983.5933407781579	-74.28205979233405
984.9311381358201	-74.23628121210683
986.2689354934823	-74.19238782984756
987.6067328511446	-74.14812745475845
988.9445302088068	-74.10579265640673
990.282327566469	-74.0652915381942
991.6201249241312	-74.02386485446111
992.9579222817935	-73.98481407092768
994.2957196394557	-73.94750782385913
995.6335169971179	-73.9094853076246
996.9713143547801	-73.87416573987097
998.3091117124424	-73.83974061922773
999.6469090701046	-73.80525350525491
1000.9847064277668	-73.77338886480729
1002.322503785429	-73.74203757512741
1003.6603011430913	-73.71059358615933
1004.9980985007535	-73.68124246753975
1006.3358958584157	-73.65281856908936
1007.6736932160779	-73.62471083065977
1009.0114905737402	-73.59831085139938
1010.3492879314024	-73.57218758699523
1011.6870852890646	-73.54679779336188
1013.0248826467268	-73.52328866203119
1014.3626800043891	-73.4995290978171
1015.7004773620513	-73.47659620990737
1017.0382747197135	-73.45538907885864
1018.3760720773757	-73.43368890848146
1019.713869435038	-73.41325130460605
1021.0516667927002	-73.39416353234317
1022.3894641503624	-73.37421080522479
1023.7272615080246	-73.35595861111833
1025.065058865687	-73.33865356821833
1026.4028562233493	-73.32111857209944
1027.7406535810117	-73.30503347251764
1029.078450938674	-73.28947962780889
1030.4162482963363	-73.27308974278625
1031.7540456539987	-73.2572180688148
1033.091843011661	-73.24196969459437
1034.4296403693234	-73.22724976878912
1035.7674377269857	-73.21389237677855
1037.105235084648	-73.20045751100086
1038.4430324423104	-73.18706080408103
1039.7808297999727	-73.17502490445233
1041.118627157635	-73.16282026481588
1042.4564245152974	-73.15092628367864
1043.7942218729597	-73.14010740074026
1045.132019230622	-73.1285953809643
1046.4698165882844	-73.1178445264083
1047.8076139459467	-73.10815764590653
1049.145411303609	-73.09747379289992
1050.4832086612714	-73.08784682986973
1051.8210060189338	-73.07886584215697
1053.158803376596	-73.06943768551405
1054.4966007342584	-73.06086009141275
1055.8343980919208	-73.052318231831
1057.1721954495831	-73.04285616998722
1058.5099928072455	-73.03399972036931
1059.8477901649078	-73.02571420230467
1061.1855875225701	-73.01764915864874
1062.5233848802325	-73.01054227872135
1063.8611822378948	-73.0031320823923
1065.1989795955571	-72.99571146481864
1066.5367769532195	-72.98946810595197
1067.8745743108818	-72.98272825943059
1069.2123716685442	-72.97610707905156
1070.5501690262065	-72.9703919467635
1071.8879663838688	-72.96380637170166
1073.2257637415312	-72.9579102500115
1074.5635610991935	-72.95279607324869
1075.9013584568559	-72.94643897947648
1076.8877342326455	-72.9417295540056
1077.874110008435	-72.93838385508974
1078.8604857842247	-72.93577242329405
1079.8468615600143	-72.9328521705959
1080.833237335804	-72.92904171032697
1081.8196131115935	-72.92465557530763
1082.8059888873831	-72.9208282653306
1083.7923646631727	-72.91763775656966
1084.7787404389624	-72.91426946315362
1085.765116214752	-72.91067176780064
1086.7514919905416	-72.90709190339336
1087.7378677663312	-72.90367266947929
1088.7242435421208	-72.90055710949812
1089.7106193179104	-72.89741325074581
1090.6969950937	-72.89408506296483
1091.6833708694896	-72.89093688195635
1092.6697466452792	-72.88794888129706
1093.6561224210689	-72.88495919435455
1094.6424981968585	-72.88204667275829
1095.628873972648	-72.87912640736734
1096.6152497484377	-72.8762400262487
1098.2057361750003	-72.87160841764398
1099.796222601563	-72.86712757509036
1101.3867090281256	-72.86253884033911
1102.9771954546882	-72.8578596901405
1104.5676818812508	-72.85341814251342
1106.1581683078134	-72.84932906629317
1107.748654734376	-72.8456902990336
1109.3391411609387	-72.84235909271942
1110.9296275875013	-72.83903557770078
1112.520114014064	-72.83578011405201
1114.1106004406265	-72.83264034225954
1115.7010868671891	-72.82954603188793
1117.2915732937518	-72.8265869471492
1120.8119725529698	-72.820118939093
1124.3323718121878	-72.81346556343806
1127.8527710714059	-72.80714325134961
1130.999999999975	-72.80231599106723
1131.0000000000127	-72.80231599106723
