t	v
0.0	-80.0
0.0009436792625637924	-79.99469884745011
0.0026669679362320035	-79.98618186028203
0.006234303900787479	-79.97080608436939
0.011868826769317244	-79.94954399077803
0.01750334963784701	-79.93019688584884
0.027015068792356288	-79.90081501788866
0.03652678794686556	-79.87367165293632
0.04603850710137484	-79.84820288115205
0.06669596945552334	-79.79678797342454
0.08735343180967182	-79.7494573104712
0.13658605072744198	-79.64829996956469
0.18581866964521215	-79.55936292272821
0.2350512885629823	-79.47846621530584
0.28428390748075244	-79.40313156399549
0.3335165263985226	-79.33190687956656
0.4182417098469353	-79.21617849120092
0.502966893295348	-79.10765766082424
0.635380325676466	-78.94907705451217
0.7677937580575839	-78.80094803887646
1.0001526948007888	-78.55976293415331
1.2325116315439937	-78.33566353437025
1.4648705682871985	-78.12415215033492
1.6972295050304034	-77.92285664997678
1.9295884417736082	-77.73018179296184
2.3156768193675883	-77.42618622985455
2.7017651969615684	-77.13884979866206
3.0878535745555484	-76.86543814301568
3.699070063398851	-76.45713419450033
4.310286552242154	-76.07491296427743
4.921503041085456	-75.7156058017405
6.084404308271518	-75.08734892602777
7.247305575457579	-74.52371002070052
8.41020684264364	-74.01863110206324
9.573108109829702	-73.56612135417667
10.736009377015764	-73.16209495179915
11.898910644201825	-72.80253548370969
13.834016513341549	-72.29275039968648
16.90046122641775	-71.68752501806617
19.96690593949395	-71.28177855919414
23.033350652570153	-71.03817566193464
26.099795365646354	-70.91662945049387
29.166240078722556	-70.88738604621787
32.23268479179876	-70.9280344211823
35.29912950487496	-71.01484746719686
38.36557421795116	-71.13479547460155
41.432018931027365	-71.27857824361793
44.498463644103566	-71.43164214229728
47.56490835717977	-71.5902944310416
50.63135307025597	-71.75215386973626
53.69779778333217	-71.90700441561307
56.76424249640837	-72.05626376225918
59.83068720948457	-72.20084481596423
62.897131922560774	-72.33226084061558
65.96357663563698	-72.45457726757657
69.03002134871319	-72.57021125856906
72.0964660617894	-72.67139727635595
75.16291077486561	-72.76348184913864
78.22935548794182	-72.846689143265
81.29580020101803	-72.91829805397275
84.36224491409423	-72.9846112230987
87.42868962717044	-73.0447778187322
90.49513434024665	-73.0942922063175
93.56157905332286	-73.13925334587032
96.62802376639907	-73.17930109189956
99.69446847947528	-73.21038702688193
102.76091319255148	-73.2388750742885
105.8273579056277	-73.26439296878318
108.8938026187039	-73.28261434000314
111.96024733178011	-73.29972487439797
115.02669204485632	-73.31540868226585
118.09313675793253	-73.32507821820764
121.15958147100874	-73.3347171852031
124.22602618408494	-73.34415679892645
127.29247089716115	-73.34848748159344
130.35891561023735	-73.35264117026296
133.42536032331355	-73.35697314006597
136.49180503638976	-73.3597548100778
139.55824974946597	-73.36216016376896
142.62469446254218	-73.36427399781836
145.6911391756184	-73.36566400169399
148.7575838886946	-73.3668014982715
151.8240286017708	-73.36783183586711
156.77832392687154	-73.36881001318149
161.73261925197227	-73.36940401410729
169.484986930152	-73.36830071224449
177.2373546083317	-73.36689518538124
184.98972228651144	-73.36916364767276
192.74208996469116	-73.37048223582718
200.49445764287088	-73.37190084555189
208.2468253210506	-73.37457574833209
220.34000607785504	-73.37480245627803
232.43318683465947	-73.37603745219344
244.5263675914639	-73.37080626694973
256.6195483482683	-73.37282253338849
268.71272910507275	-73.38125535622169
280.8059098618772	-73.38370068860877
292.8990906186816	-73.37954263279222
304.99227137548604	-73.3698142311788
317.08545213229047	-73.37140238102313
329.1786328890949	-73.37248893749789
341.27181364589933	-73.38246196760375
353.36499440270376	-73.38974044296648
365.4581751595082	-73.36741473687549
371.6019165100398	-73.36497250537309
377.74565786057144	-73.36695809544965
383.88939921110307	-73.37064085759607
390.0331405616347	-73.37627339262455
396.1768819121663	-73.37899037076586
402.32062326269795	-73.37943912736608
408.4643646132296	-73.38299094115598
414.6081059637612	-73.38292015794072
420.75184731429283	-73.37916160543534
426.89558866482446	-73.38392663669157
433.0393300153561	-73.38428460634468
439.1830713658877	-73.37518616994757
443.03502192779507	-73.37348808433751
446.88697248970243	-73.37415233526991
450.7389230516098	-73.37780530418027
457.96264738318894	-73.37842461538365
465.1863717147681	-73.37926424763887
472.41009604634723	-73.38093657521301
484.04452077513395	-73.38134310367936
495.67894550392066	-73.38213083017553
521.8604615017891	-73.3814133304365
530.9999999999882	-73.38158569096136
531.0000000000059	-73.38158569096136
531.0003161788129	-73.36558898487259
531.0006323576199	-73.35057048553944
531.0012289753811	-73.32412646414565
531.0021356830025	-73.28657758160978
531.0030423906239	-73.25095481140018
531.0045513729242	-73.19558214456592
531.0068640587692	-73.11553784228617
531.0091767446143	-73.04074136097682
531.0145148998485	-72.88296128941519
531.0198530550826	-72.74089769676004
531.0251912103168	-72.60955916438904
531.030529365551	-72.48596647909427
531.0385763887414	-72.31028145043088
531.0466234119317	-72.14534997140913
531.054670435122	-71.98924103207725
531.0682624953473	-71.74195952284089
531.0818545555726	-71.51184300694871
531.1061004940688	-71.13481513250727
531.1303464325649	-70.79046623926244
531.1545923710611	-70.47111422293757
531.1788383095572	-70.17204714135985
531.2030842480534	-69.88993457719667
531.2420275619188	-69.46633987425311
531.2809708757842	-69.07198673757165
531.3199141896496	-68.70109992834495
531.3796547373347	-68.16944284580386
531.4393952850198	-67.67463419570058
531.499135832705	-67.2102399975387
531.6067033645759	-66.43611717014988
531.7142708964468	-65.72742987562827
531.8218384283177	-65.07271723539598
531.9294059601887	-64.46232634218116
532.0369734920596	-63.88839576849457
532.1445410239305	-63.345360100859736
532.323503367367	-62.49969101012528
532.5024657108036	-61.714822443899095
532.6814280542401	-60.98049061873651
532.8603903976766	-60.288124488670775
533.0393527411131	-59.63084599955339
533.3205795211069	-58.65614916118426
533.6018063011006	-57.73800093615757
533.8830330810944	-56.86140062250314
534.1642598610881	-56.011442657756305
534.4454866410819	-55.17255822532917
534.8828449240093	-53.8460614315527
535.3202032069368	-52.39416954877126
535.4295427776686	-51.991732337312264
535.5388823484005	-51.56102174039083
535.6482219191324	-51.09349888464597
535.7575614898643	-50.57790346692932
535.8669010605962	-49.99370424674723
535.9762406313281	-49.30615545485888
536.003575524011	-49.11209743881812
536.0309104166939	-48.906004192069645
536.0582453093768	-48.68580998986537
536.0855802020598	-48.44883864962891
536.1129150947427	-48.19138482207582
536.1402499874256	-47.9081303065886
536.1675848801085	-47.59090177483441
536.1949197727914	-47.22604258039341
536.2123500282329	-46.95846344106858
536.2297802836744	-46.651808967370734
536.2398783540505	-46.450293498188955
536.2499764244266	-46.22598670874225
536.2600744948027	-45.97365457918548
536.2701725651788	-45.6877621543841
536.2771602650039	-45.467494203831826
536.284147964829	-45.22729359222826
536.2911356646541	-44.96620777540549
536.2981233644792	-44.683627729766215
536.3051110643044	-44.379195728158564
536.3120987641295	-44.05273822231967
536.3190864639546	-43.70426004772404
536.3260741637797	-43.333978258319334
536.3330618636048	-42.942342426103494
536.34004956343	-42.530003701556055
536.3511656577656	-41.833199539180654
536.3622817521012	-41.08861400099722
536.3733978464369	-40.29775408092197
536.3845139407725	-39.45981491859121
536.3956300351082	-38.57101413586448
536.4067461294438	-37.62454805810862
536.4178622237795	-36.61067156165826
536.4347026474328	-34.91627292266351
536.4515430710861	-32.97514572696558
536.4683834947394	-30.70261101589794
536.4852239183928	-27.985069508115572
536.5020643420461	-24.67502860243718
536.5189047656994	-20.59603165924022
536.5357451893527	-15.593600464166753
536.552585613006	-9.599223083965846
536.5694260366594	-2.8286674118037904
536.5862664603127	4.178819969773727
536.603106883966	10.670162515277884
536.6136423243574	14.205770282784522
536.6241777647489	17.26397877162779
536.6347132051403	19.823261560906502
536.6452486455318	21.902876380015993
536.6557840859232	23.557369118456343
536.6663195263146	24.853755821645244
536.6768549667061	25.853380802179313
536.6873904070975	26.60666413738703
536.6979258474889	27.154870541158456
536.7084612878804	27.53230870190247
536.7189967282718	27.767267815784475
536.7352073773341	27.90139777954519
536.7514180263963	27.813273890173278
536.7676286754586	27.547824826432656
536.7838393245208	27.1385154215567
536.8000499735831	26.610353148264725
536.8162606226454	25.98213544605577
536.8324712717076	25.268709881228137
536.8486819207699	24.482470394202394
536.8648925698321	23.633902933838485
536.8897350684695	22.232155054791317
536.9145775671068	20.729774188108266
536.9394200657441	19.146506727626434
536.9642625643814	17.49863934407258
536.9891050630188	15.80000989780607
537.0139475616561	14.062194294929785
537.0387900602934	12.294713847580676
537.0636325589307	10.505505160086969
537.0884750575681	8.701383176889962
537.1133175562054	6.888276837613587
537.1381600548427	5.071303842213996
537.16300255348	3.2548228126844547
537.1878450521174	1.442501450122076
537.2259477586168	-1.322152679888086
537.2640504651163	-4.0609181818780975
537.3021531716157	-6.76703999983479
537.3402558781152	-9.436789464836528
537.3783585846146	-12.068020146382963
537.416461291114	-14.652763241653888
537.4545639976135	-17.151883317278255
537.4926667041129	-19.572928558976297
537.5307694106124	-21.925622086298077
537.5688721171118	-24.215599497962167
537.6069748236113	-26.4409464546458
537.6450775301107	-28.609728555426557
537.6831802366102	-30.727803043230942
537.7212829431096	-32.79705144226812
537.759385649609	-34.80257419701428
537.7974883561085	-36.724018576125495
537.8355910626079	-38.534541276074044
537.8736937691074	-40.21158681497512
537.9117964756068	-41.73488205053756
537.9498991821063	-43.09647089428884
537.9880018886057	-44.30384978889247
538.0261045951052	-45.36768815056679
538.0642073016046	-46.28924322077051
538.102310008104	-47.073173796130426
538.1404127146035	-47.73180337468079
538.1785154211029	-48.2792730491516
538.2166181276024	-48.726923919331945
538.2547208341018	-49.08563602134147
538.3133568048577	-49.492911007745036
538.3719927756135	-49.76276722907186
538.4306287463694	-49.93173514842171
538.4892647171253	-50.027558693349604
538.5479006878811	-50.07037762695668
538.6433474124198	-50.06517943398118
538.7387941369584	-50.0039160256313
538.834240861497	-49.91304291163495
538.9296875860357	-49.808936278238285
539.0251343105743	-49.70151851949807
539.120581035113	-49.59559654883292
539.2160277596516	-49.493207751040856
539.3693974127583	-49.33908887733513
539.522767065865	-49.197399667813826
539.6761367189716	-49.06487185185639
539.8295063720783	-48.93749522720137
539.982876025185	-48.81192523921046
540.1362456782916	-48.68571248907995
540.3835223734172	-48.47689614446256
540.6307990685428	-48.256685310431536
540.8780757636684	-48.0198100983866
541.125352458794	-47.75802555280208
541.3726291539197	-47.46424258910158
541.6199058490453	-47.128258071701055
541.8671825441709	-46.746250724353224
542.1144592392965	-46.30016570323068
542.3617359344221	-45.76585118182174
542.6090126295477	-45.10043719908707
542.8562893246733	-44.24706376594977
543.1035660197989	-43.056825695332684
543.1653851935803	-42.67177101620332
543.2272043673617	-42.23464446581603
543.289023541143	-41.733568245525596
543.3508427149244	-41.157523284928814
543.3931793742553	-40.705350349775905
543.4355160335862	-40.18864835460282
543.477852692917	-39.58905871138296
543.5034825372556	-39.17434457849494
543.5291123815942	-38.70772329795214
543.5547422259328	-38.17212661694813
543.5803720702714	-37.54149028833624
543.5827640087191	-37.47658339055169
543.5851559471668	-37.41046351686558
543.5875478856144	-37.34309703076697
543.591195134071	-37.23789099081641
543.5948423825275	-37.129572773105565
543.5984896309841	-37.01801963979917
543.6021368794406	-36.90311261326104
543.6083083732517	-36.700731232632066
543.617890216717	-36.365832368083346
543.6274720601823	-36.00477787412233
543.6370539036476	-35.617287010042794
543.6466357471129	-35.20409440121636
543.6562175905782	-34.766748902191495
543.6657994340435	-34.307282454161154
543.6753812775088	-33.82777046238406
543.6849631209741	-33.33001139777514
543.6945449644394	-32.81537566846025
543.7041268079047	-32.284788157680374
543.71370865137	-31.738771832568748
543.7232904948353	-31.177505785484826
543.7328723383006	-30.600880256399353
543.7482894840574	-29.639877585728424
543.7637066298142	-28.636026759926594
543.7791237755711	-27.58683972445266
543.8027626501608	-25.885636955016366
543.8264015247506	-24.07000836161306
543.8500403993404	-22.146143365894694
543.8736792739302	-20.134715482703808
543.89731814852	-18.07224723354265
543.9209570231097	-16.00948057451147
543.9445958976995	-14.006034174971468
543.9682347722893	-12.122918503254065
543.9918736468791	-10.41330081286344
544.0155125214688	-8.907939389436928
544.0391513960586	-7.624332941189181
544.0627902706484	-6.56867727939574
544.0864291452382	-5.734904954724644
544.110068019828	-5.107782768484457
544.1463053597025	-4.508307376418134
544.1825426995771	-4.2903333580321465
544.2187800394516	-4.391532951699156
544.2550173793262	-4.761138028761049
544.2912547192008	-5.357353604240976
544.3274920590753	-6.143906133943561
544.3637293989499	-7.089388701318905
544.3999667388244	-8.167401042428404
544.4546355639342	-9.995354140126306
544.5093043890439	-12.00693069770656
544.5639732141536	-14.144099751165374
544.6186420392634	-16.339432370781807
544.6733108643731	-18.554115208091336
544.7279796894828	-20.75532045641124
544.7826485145926	-22.91970676055219
544.8373173397023	-25.02700786476924
544.891986164812	-27.06303697652451
544.9466549899217	-29.015837960074286
545.0013238150315	-30.873668958982318
545.0559926401412	-32.62186828501506
545.1106614652509	-34.24479596038948
545.1653302903607	-35.727708266793
545.2199991154704	-37.05973110743007
545.2746679405801	-38.234927487342404
545.3293367656898	-39.253460326365264
545.3840055907996	-40.121578060001774
545.4386744159093	-40.85122817999947
545.493343241019	-41.45841433148073
545.5480120661288	-41.961277431550506
545.6026808912385	-42.37824233022169
545.6573497163482	-42.726263535287906
545.712018541458	-43.01826547643523
545.7666873665677	-43.26430654900396
545.8213561916774	-43.47314447108766
545.9077969616945	-43.74426045370411
545.9942377317117	-43.960121488177826
546.0806785017288	-44.13367774097611
546.167119271746	-44.274079263323074
546.2535600417631	-44.38900457100935
546.3885859603984	-44.53202572741967
546.5236118790336	-44.6440388309298
546.6586377976689	-44.73383571890814
546.7936637163042	-44.806010715483445
546.9286896349395	-44.86387296851777
547.1434700969627	-44.93305505199283
547.3582505589859	-44.98025600789585
547.5730310210091	-45.00893673014284
547.7878114830323	-45.019389431771636
548.0025919450555	-45.01247531172642
548.2173724070788	-44.98706545348872
548.432152869102	-44.94417811023399
548.6469333311252	-44.88275936858046
548.8617137931484	-44.80564009545405
549.0764942551716	-44.703484372655225
549.2912747171948	-44.57542282562543
549.506055179218	-44.42742983948877
549.7208356412413	-44.2457174881014
549.8720953333665	-44.093774156721146
550.0233550254917	-43.92830446151377
550.1746147176169	-43.74167669255774
550.3258744097421	-43.52077248738195
550.4771341018674	-43.26287588575078
550.5835712355428	-43.06113761776016
550.6900083692182	-42.8365570748815
550.7964455028936	-42.57875977691755
550.902882636569	-42.281400563710584
550.9294919199879	-42.200433939329024
550.9561012034068	-42.11581891872131
550.9827104868257	-42.02743591373163
551.0093197702446	-41.93520539562763
551.0359290536635	-41.83889355601768
551.0625383370824	-41.73799906679599
551.0891476205013	-41.631812593840195
551.1307237963775	-41.45370415003293
551.1722999722538	-41.25782770198866
551.21387614813	-41.03978377353407
551.2554523240062	-40.79269590734317
551.284138311708	-40.59956535386374
551.3128242994098	-40.38089105290927
551.3415102871116	-40.12698731256585
551.3701962748135	-39.82374655999038
551.3869261775105	-39.61688700365435
551.4036560802076	-39.38306402446857
551.4203859829047	-39.11937950381087
551.4319903683484	-38.91841160306258
551.443594753792	-38.703401648429484
551.4551991392357	-38.47569656613824
551.4668035246793	-38.23691533065849
551.478407910123	-37.98870624132253
551.4900122955667	-37.732648809019906
551.5016166810103	-37.470203149659646
551.513221066454	-37.202633130716926
551.5248254518976	-36.9309416316603
551.5435056405902	-36.486767177531085
551.5621858292827	-36.03592031494365
551.5808660179753	-35.57949886539621
551.5995462066678	-35.11791815628101
551.6182263953604	-34.651102187479644
551.6470811095278	-33.9186295341832
551.6759358236952	-33.16979310911452
551.7047905378627	-32.40147671792107
551.7336452520301	-31.611024311030683
551.7624999661975	-30.796894963019636
551.791354680365	-29.958625544207433
551.8371429902757	-28.581740884772728
551.8829313001863	-27.15997355900707
551.928719610097	-25.718623058119285
551.9745079200077	-24.295852040434063
552.0202962299184	-22.939750136846055
552.066084539829	-21.701661103569975
552.1118728497397	-20.628490682829902
552.1576611596504	-19.756329855816357
552.2034494695611	-19.106909134013648
552.2492377794717	-18.68714324558566
552.2950260893824	-18.49124168103236
552.3408143992931	-18.504143877614712
552.3866027092038	-18.705133256991825
552.4323910191144	-19.07096513309354
552.4781793290251	-19.578234773274897
552.5239676389358	-20.204823466804427
552.5697559488465	-20.930453902499462
552.6407522970868	-22.20884962634643
552.7117486453271	-23.622640933465792
552.7827449935675	-25.121670174104665
552.8537413418078	-26.663094797888952
552.9247376900481	-28.209712989880245
552.9957340382884	-29.730426289560757
553.0667303865288	-31.19770510418929
553.1377267347691	-32.58732392646067
553.2087230830094	-33.878559068525426
553.2797194312498	-35.05736499860924
553.3507157794901	-36.11637892608917
553.4217121277304	-37.05395688957646
553.4927084759707	-37.872979665958255
553.5637048242111	-38.581069923158935
553.6347011724514	-39.189416876618246
553.7056975206917	-39.71063478500172
553.776693868932	-40.15672187179325
553.8476902171724	-40.53911027169146
553.9186865654127	-40.868638501904314
553.989682913653	-41.154789338464894
554.0606792618934	-41.4048849117191
554.1316756101337	-41.62483796442459
554.202671958374	-41.8198978946395
554.2736683066144	-41.994477982540296
554.3860530098785	-42.23619795743455
554.4984377131427	-42.44351724297526
554.6108224164069	-42.623212314564626
554.7232071196711	-42.7805604351261
554.8355918229353	-42.91957547798499
555.0181993015501	-43.11351972426492
555.200806780165	-43.27501841467877
555.3834142587798	-43.41067408280592
555.5660217373946	-43.5241416092669
555.7486292160095	-43.61953343359043
555.9312366946243	-43.69847895052183
556.1138441732392	-43.763784018260665
556.296451651854	-43.81493017753254
556.4790591304688	-43.85336591271364
556.6616666090837	-43.87923548852213
556.9475850171643	-43.8957141914783
557.233503425245	-43.88096959786243
557.5194218333256	-43.833506540507805
557.8053402414063	-43.75066307685881
558.0912586494869	-43.62694725134968
558.3771770575676	-43.45558151317942
558.6630954656482	-43.22211738042338
558.9490138737289	-42.907396903071444
559.0949668848482	-42.706837886921875
559.2409198959675	-42.47137107921599
559.3868729070869	-42.191244015958006
559.4233611598667	-42.11340089153409
559.4598494126465	-42.03167318343667
559.5414940867826	-41.83245841575938
559.6689221810012	-41.46693904180314
559.7007792045558	-41.36382173520976
559.7326362281104	-41.25455449212492
559.7867298014692	-41.052590980044435
559.8408233748279	-40.82570737825393
559.8949169481866	-40.566774813649914
559.9490105215453	-40.264609318555465
559.982586853142	-40.04838171728996
560.0161631847387	-39.802763497969124
560.0497395163354	-39.51931585540155
560.0690390300817	-39.335383099103694
560.0883385438281	-39.1334489849042
560.1076380575744	-38.911821813559705
560.1269375713207	-38.66951971934821
560.146237085067	-38.40647090556429
560.1655365988133	-38.12368599663231
560.1848361125597	-37.82311732758221
560.204135626306	-37.507286544690714
560.2234351400523	-37.178803089814025
560.2427346537986	-36.83998284252979
560.2620341675449	-36.4926614322911
560.2813336812912	-36.13818371507949
560.3006331950376	-35.77747346629363
560.3326800115932	-35.16612353409635
560.3647268281488	-34.54019662017591
560.3967736447045	-33.899410421856615
560.4288204612601	-33.242779758503815
560.47748581681	-32.21347902396039
560.52615117236	-31.14428205105188
560.5748165279099	-30.0378933283897
560.6234818834598	-28.903146048828777
560.6721472390097	-27.75572850144016
560.7208125945597	-26.619396621298087
560.7694779501096	-25.523991230781416
560.8181433056595	-24.50331205918102
560.8668086612095	-23.590719259002324
560.9154740167594	-22.815946533872328
560.9641393723093	-22.20136201530643
561.0128047278592	-21.760602729349753
561.0614700834092	-21.497928808289853
561.1101354389591	-21.409581787221846
561.158800794509	-21.485448403248405
561.207466150059	-21.711402733635893
561.2828625306872	-22.320093991060695
561.3582589113155	-23.18680565493422
561.4336552919438	-24.250498158896722
561.509051672572	-25.454547133407612
561.5844480532003	-26.751821383268805
561.6598444338285	-28.099876427922716
561.7352408144568	-29.46207557963434
561.8106371950851	-30.805113947037416
561.8860335757133	-32.10158882022776
561.9614299563416	-33.328588427327865
562.0368263369699	-34.46929694200416
562.1551259914413	-36.058997812376504
562.2734256459128	-37.394272528421055
562.3917253003842	-38.490869769017124
562.5100249548557	-39.3797369726772
562.6283246093271	-40.100442347939826
562.7466242637986	-40.68685037816848
562.86492391827	-41.170664443626414
562.9832235727415	-41.575926764546665
563.101523227213	-41.9240512435659
563.2198228816844	-42.227832545050305
563.3381225361559	-42.49788800508677
563.4564221906273	-42.738806413757025
563.5747218450988	-42.956906206457575
563.6930214995702	-43.1549332230864
563.8113211540417	-43.33782525516513
563.9296208085132	-43.50634297825007
564.0479204629846	-43.66394132981226
564.1662201174561	-43.81046728172998
564.2845197719275	-43.94919621575467
564.402819426399	-44.079307767977795
564.5211190808704	-44.20260447484484
564.6394187353419	-44.319911559061325
564.7577183898134	-44.43237088874745
564.8760180442848	-44.539700196482336
564.9943176987563	-44.642733004958664
565.1126173532277	-44.74109491506615
565.2309170076992	-44.83582507798543
565.3492166621706	-44.92640646890851
565.4675163166421	-45.01404058798395
565.5858159711136	-45.097945073841835
565.704115625585	-45.17939568037518
565.8224152800565	-45.25717119230562
565.9407149345279	-45.332843180435596
566.0590145889994	-45.40487322168331
566.1773142434708	-45.47531541433243
566.2956138979423	-45.54200452250341
566.4139135524138	-45.60603672383835
566.5322132068852	-45.667766646143306
566.6505128613567	-45.728132434185206
566.7688125158281	-45.78604520464024
566.8871121702996	-45.841410181569294
567.005411824771	-45.894490718162615
567.1237114792425	-45.94559982827658
567.242011133714	-45.99457301888386
567.3603107881854	-46.041502888329966
567.4786104426569	-46.08612606205985
567.5969100971283	-46.1288612416835
567.7152097515998	-46.169220776280184
567.8335094060712	-46.207857708174856
567.9518090605427	-46.24398120695658
568.0701087150142	-46.27875033909212
568.1884083694856	-46.31170614573812
568.3067080239571	-46.34260000704781
568.4250076784285	-46.37079563261589
568.5433073329	-46.39703274142067
568.6616069873714	-46.42080031037221
568.7799066418429	-46.44337326217518
568.8982062963144	-46.46314735573927
569.0165059507858	-46.48048859850411
569.1348056052573	-46.495760228301975
569.2531052597287	-46.509709418077385
569.3714049142002	-46.521870326402656
569.4897045686716	-46.53233463545024
569.6080042231431	-46.539829353760176
569.7263038776146	-46.544530914769354
569.844603532086	-46.54680963032231
569.9629031865575	-46.54736065900567
570.0812028410289	-46.54562090305963
570.1995024955004	-46.54196209620532
570.3178021499718	-46.53578125262643
570.4361018044433	-46.52677707208427
570.5544014589148	-46.51412680739206
570.6727011133862	-46.4986251351265
570.7910007678577	-46.48052353314064
570.9093004223291	-46.45941706887794
571.0276000768006	-46.43449532156986
571.2542506068394	-46.376508789185685
571.4809011368782	-46.30258134304003
571.707551666917	-46.212632900759154
571.9342021969558	-46.103076775740945
572.1608527269946	-45.968322207317506
572.3875032570334	-45.80205327658161
572.6141537870722	-45.5950545630676
572.6708164195819	-45.53577853374118
572.7274790520917	-45.472738377154265
572.7841416846014	-45.405584145295826
572.8800541914197	-45.28111084470049
572.975966698238	-45.14185437750303
573.0718792050563	-44.984276580198724
573.1677917118747	-44.804220855857395
573.263704218693	-44.59601742831826
573.2876823453976	-44.538744715336954
573.3116604721022	-44.47877783230213
573.3497457920613	-44.37735799158542
573.4097929699215	-44.198678019713725
573.4382137223795	-44.1052436916388
573.4666344748375	-44.00471229419319
573.4950552272956	-43.89583738706255
573.5234759797536	-43.7768519210542
573.5518967322116	-43.64551395952762
573.5803174846696	-43.49872205876777
573.5940349810052	-43.42158377856937
573.6077524773407	-43.33943294171217
573.6214699736762	-43.25153419086653
573.6351874700117	-43.15702808545263
573.6489049663472	-43.05490456527359
573.6740906244407	-42.843161776347834
573.6992762825342	-42.593374344982735
573.7118863853374	-42.451180686261075
573.7244964881405	-42.29571115817191
573.7371065909437	-42.12599853065172
573.7497166937468	-41.94152134119939
573.7623267965499	-41.74220772189331
573.7749368993531	-41.52840033755169
573.7875470021562	-41.30079628590327
573.8001571049593	-41.06034451132712
573.8127672077625	-40.8081174466386
573.8253773105656	-40.54519468239252
573.8379874133688	-40.2725846239297
573.8582635291489	-39.816077690178744
573.878539644929	-39.33974317894808
573.8988157607091	-38.84564637555529
573.9190918764892	-38.33488761827506
573.9393679922694	-37.8074579122174
573.9596441080495	-37.26237195190745
573.9799202238296	-36.69788761767558
574.0001963396097	-36.11161508869005
574.0308318137453	-35.17752335619878
574.0614672878809	-34.174229037575884
574.0921027620165	-33.087621546630025
574.122738236152	-31.902277586274554
574.1533737102876	-30.602238761229774
574.1840091844232	-29.17297540165391
574.2302024576043	-26.7508773747512
574.2763957307853	-24.019410006774788
574.3225890039664	-21.049740808914365
574.3687822771475	-18.005082121828867
574.4149755503286	-15.124574761606398
574.4611688235096	-12.677793398152996
574.5073620966907	-10.822795148251963
574.5365626792008	-9.962934055162485
574.5657632617108	-9.337480962905339
574.5949638442208	-8.936257669968281
574.6241644267309	-8.741269622328076
574.6533650092409	-8.729306327083574
574.682565591751	-8.877742476284785
574.711766174261	-9.166472617703121
574.7409667567711	-9.578056905910286
574.7701673392811	-10.097211978951501
574.8147547163794	-11.067043633449707
574.8593420934777	-12.214263212664356
574.903929470576	-13.498016883531692
574.9485168476743	-14.880588802030632
574.9931042247727	-16.3348022942613
575.037691601871	-17.838036709439027
575.0822789789693	-19.369795259572285
575.1268663560676	-20.912794139236276
575.1714537331659	-22.45435415461469
575.2387163442428	-24.75525195209556
575.3059789553197	-27.00095483840166
575.3732415663966	-29.16394125202493
575.4405041774735	-31.216605217699477
575.5077667885504	-33.13024392655813
575.5750293996273	-34.87991848367209
575.6422920107042	-36.44742205479903
575.7095546217811	-37.82444821712112
575.776817232858	-39.01271369356973
575.8440798439349	-40.023065219662826
575.9113424550118	-40.872915373691136
575.9786050660887	-41.58394228582547
576.0458676771656	-42.17981719380508
576.1131302882425	-42.68447930356149
576.1803928993194	-43.11775696647575
576.2476555103963	-43.49343447138723
576.3149181214732	-43.82251361515597
576.3821807325501	-44.11462251233232
576.487041286844	-44.512908599739006
576.591901841138	-44.85733108436997
576.696762395432	-45.159136873226096
576.8016229497259	-45.42677588044684
576.9064835040199	-45.66811097549728
577.0113440583139	-45.88975572805873
577.1914102386975	-46.236112643719096
577.3714764190811	-46.55033753285747
577.5515425994647	-46.83935330630075
577.7316087798483	-47.10716990248735
577.911674960232	-47.35660658655952
578.0917411406156	-47.59046382214086
578.3901069377496	-47.94766534590991
578.6884727348836	-48.27408383474884
578.9868385320176	-48.57102643052878
579.2852043291516	-48.844453916180214
579.5835701262856	-49.0936256627118
579.8819359234196	-49.324329087921974
580.1803017205536	-49.533786017423246
580.4786675176877	-49.728507808209635
580.7770333148217	-49.9038043296476
581.0753991119557	-50.068527724145184
581.3737649090897	-50.218670091514916
581.6721307062237	-50.35651865544673
581.9704965033577	-50.4812287710626
582.2688623004917	-50.59662010504302
582.5672280976257	-50.69995326200337
582.8655938947597	-50.79723363584311
583.1639596918938	-50.88567277463136
583.4623254890278	-50.96640549669338
583.7606912861618	-51.03841858228846
584.0590570832958	-51.104450846625404
584.3574228804298	-51.16381246349517
584.6557886775638	-51.21690307383704
585.1305526163485	-51.28958133766572
585.6053165551332	-51.348812519790876
586.0800804939179	-51.39620981667993
586.5548444327026	-51.43172522570646
587.0296083714873	-51.4575480520513
587.504372310272	-51.47264448708814
588.2848603362072	-51.47816478069711
589.0653483621425	-51.46131116437671
589.8458363880777	-51.41882460533576
590.626324414013	-51.358830675992145
591.4068124399482	-51.270294489585424
592.1873004658835	-51.15932231606582
592.9677884918187	-51.01885229699296
593.748276517754	-50.84137360412153
594.5287645436892	-50.62049985379431
595.3092525696245	-50.342262666517165
595.5043745761084	-50.258994622751494
595.6994965825922	-50.16560389288667
595.8946185890761	-50.06357494586869
596.08974059556	-49.95147986004613
596.2848626020439	-49.82877103363358
596.4799846085277	-49.69359133303447
596.6751066150116	-49.54319801682295
596.9746209687177	-49.27552425947143
597.2741353224237	-48.94831962000069
597.5736496761298	-48.5250787491019
597.8731640298358	-47.94195420886185
597.9480426182623	-47.75917521538055
598.0229212066888	-47.55425110548
598.0977997951153	-47.32291104787058
598.1726783835418	-47.0595164272889
598.2475569719683	-46.754304797641936
598.3224355603948	-46.39358597279482
598.3650961618827	-46.1548638825144
598.4077567633706	-45.883391762425475
598.4504173648585	-45.568448596122174
598.4610825152305	-45.4814425476745
598.4717476656025	-45.39040139252351
598.499126831005	-45.13455540646164
598.5155583714363	-44.962648033649074
598.5319899118676	-44.77320366446112
598.548421452299	-44.561671332000905
598.5648529927303	-44.321701082440974
598.5812845331616	-44.044298933487056
598.58983396706	-43.88158916717178
598.5983834009585	-43.7036540825407
598.6069328348569	-43.5083835954084
598.6154822687554	-43.293768808604675
598.6240317026538	-43.05808686902928
598.6325811365523	-42.800083253286104
598.6411305704507	-42.51907966815794
598.6496800043492	-42.21495991806073
598.6582294382476	-41.88804812312543
598.6667788721461	-41.53895287335118
598.6753283060445	-41.16842846194076
598.683877739943	-40.777287807726545
598.6924271738415	-40.36634389794562
598.7065150540492	-39.64784940024219
598.7206029342569	-38.879903597880435
598.7346908144647	-38.063095197999004
598.7487786946724	-37.19494083128959
598.7628665748801	-36.26939642786475
598.7769544550879	-35.27743336632002
598.7910423352956	-34.20745575647496
598.8051302155034	-33.04488051131278
598.8192180957111	-31.771486491487813
598.8333059759188	-30.365579948184685
598.8473938561266	-28.802505920228125
598.8614817363343	-27.055128631968607
598.8755696165421	-25.094628469316778
598.9013493341984	-20.872909533284325
598.9271290518546	-15.746649450858506
598.9450843167152	-11.703304154415717
598.9630395815758	-7.448284147817609
598.9809948464364	-3.1782033499661826
598.998950111297	0.870428345603533
599.0169053761575	4.49451581832965
599.0348606410181	7.577524210147197
599.0528159058787	10.097308898354806
599.0707711707392	12.087667046309601
599.0887264355998	13.60826750860418
599.1066817004604	14.729379325843817
599.124636965321	15.520610147346733
599.1425922301815	16.04171398402155
599.1605474950421	16.339168431317486
599.1785027599027	16.448088478982783
599.1964580247633	16.395829856876905
599.2144132896238	16.204657308191514
599.2323685544844	15.893062939762183
599.250323819345	15.476407442462916
599.2783288531147	14.64650908079718
599.3063338868843	13.630754315356988
599.334338920654	12.460096273364965
599.3623439544236	11.160335558001254
599.3903489881933	9.753237566521033
599.418354021963	8.257088713778884
599.4463590557326	6.687465027699768
599.4743640895023	5.057974107265747
599.5023691232719	3.3806599946298523
599.5303741570416	1.6661356515694254
599.5729129167881	-0.9888828243566881
599.6154516765347	-3.6813495425317084
599.6579904362812	-6.38926052325211
599.7005291960278	-9.09486557346082
599.7430679557743	-11.78369421704408
599.7856067155209	-14.440788974179009
599.8281454752674	-17.02183090570475
599.870684235014	-19.523599606827236
599.9132229947605	-21.948230196983967
599.9557617545071	-24.295319980061922
599.9983005142536	-26.560604825434005
600.0408392740002	-28.74663445072387
600.0833780337467	-30.855786521839644
600.1259167934933	-32.884816663552364
600.1684555532398	-34.819419828190284
600.2109943129864	-36.640128373041115
600.2535330727329	-38.32669415273562
600.2960718324795	-39.86288082215035
600.338610592226	-41.23754211322765
600.3811493519726	-42.447559477574615
600.4236881117191	-43.50324808934309
600.4662268714657	-44.42512890424047
600.5087656312122	-45.22711712767062
600.5513043909588	-45.91954801766979
600.5938431507053	-46.515468958232354
600.6363819104519	-47.029599562261055
600.6789206701984	-47.47347083716728
600.721459429945	-47.855397503387486
600.7865097705493	-48.338584623647954
600.8515601111536	-48.723959773245106
600.916610451758	-49.03552949920959
600.9816607923623	-49.292299459393135
601.0467111329666	-49.507933397138366
601.1725676346397	-49.8451946909865
601.2984241363127	-50.11442876652139
601.4242806379858	-50.34296163870017
601.5501371396589	-50.54727742682698
601.675993641332	-50.73703425419109
601.801850143005	-50.91625802835119
601.9277066446781	-51.08720387731684
602.0535631463512	-51.25175543526457
602.2528728509828	-51.50266054854476
602.4521825556145	-51.742591994782
602.6514922602462	-51.96908704400705
602.8508019648779	-52.179404301679675
603.0501116695095	-52.373903769088585
603.2494213741412	-52.55505981313154
603.5845371814453	-52.83377811402444
603.9196529887494	-53.08154227166578
604.2547687960534	-53.30288637950366
604.5898846033575	-53.50014941702599
604.9250004106616	-53.67570674258611
605.2601162179657	-53.8298310792768
605.7932050188797	-54.04187159930357
606.3262938197937	-54.21998856605256
606.8593826207077	-54.3681439444748
607.3924714216217	-54.49203881532571
607.9255602225358	-54.59318264558966
608.4586490234498	-54.678208447019315
608.9917378243638	-54.74597426382741
609.5248266252778	-54.80423007212532
610.0579154261918	-54.84652513600387
610.5910042271058	-54.88538062404298
611.1240930280198	-54.91339313521934
611.6571818289339	-54.935200481281036
612.1902706298479	-54.94633124346976
612.7233594307619	-54.955548608614365
613.2564482316759	-54.952430093311285
613.7895370325899	-54.948585683612635
614.3226258335039	-54.94080136304343
614.855714634418	-54.935075545749406
615.388803435332	-54.92098144926126
615.921892236246	-54.906145855949916
616.45498103716	-54.891587065991686
616.988069838074	-54.87274188588919
617.521158638988	-54.856445143369356
618.054247439902	-54.83259031957167
618.5873362408161	-54.80899943536331
619.1204250417301	-54.78281684410436
619.6535138426441	-54.760139283020195
620.1866026435581	-54.73278006213315
620.7196914444721	-54.70651558070248
621.2527802453861	-54.678718650413266
621.7858690463001	-54.653006824452596
622.3189578472142	-54.62393823782429
622.8520466481282	-54.595958451157664
623.3851354490422	-54.5675346146041
623.9182242499562	-54.54040241066321
624.4513130508702	-54.51086064147413
624.9844018517842	-54.485874059236416
625.5174906526983	-54.45923473652538
626.0505794536123	-54.43256057264206
626.5836682545263	-54.4021526242271
627.1167570554403	-54.37179588511401
627.6498458563543	-54.340728283801475
628.1829346572683	-54.31227598335592
628.7160234581823	-54.28171917558911
629.2491122590964	-54.25205534708932
629.7822010600104	-54.22213952602627
630.3152898609244	-54.19375048891213
630.8483786618384	-54.16372487641931
631.3814674627524	-54.134434134448355
631.9145562636664	-54.1055205079795
632.4476450645805	-54.07747152656559
632.9807338654945	-54.048344701956566
633.5138226664085	-54.01941457962385
634.0469114673225	-53.991089006841754
634.5800002682365	-53.963282107026785
635.1130890691505	-53.93506632901547
635.6461778700645	-53.90655200918033
636.1792666709786	-53.87853538700229
636.7123554718926	-53.850815693550935
637.2454442728066	-53.82324414424389
637.7785330737206	-53.79510694546075
638.3116218746346	-53.76734731665714
638.8447106755486	-53.7396986448452
639.3777994764627	-53.712544111629356
639.9108882773767	-53.684670456459436
640.4439770782907	-53.65717872155035
640.9770658792047	-53.62961712080304
641.5101546801187	-53.6028003358721
642.0432434810327	-53.575071106115416
642.5763322819467	-53.5478186548279
643.1094210828608	-53.520289800532126
643.6425098837748	-53.49399819109239
644.1755986846888	-53.46734309573112
644.7086874856028	-53.44091915379779
645.2417762865168	-53.41361636076823
645.7748650874308	-53.38677190510889
646.3079538883449	-53.35957362069939
646.8410426892589	-53.33315010661019
647.3741314901729	-53.306344136437325
647.9072202910869	-53.280187761419626
648.4403090920009	-53.25314177266889
648.9733978929149	-53.226149252888185
649.506486693829	-53.198487203812526
650.039575494743	-53.17177816282104
650.572664295657	-53.14500003676272
651.105753096571	-53.11878873503972
651.638841897485	-53.091453440606955
652.171930698399	-53.0640223114366
652.705019499313	-53.03600486683613
653.238108300227	-53.008910697678495
653.7711971011411	-52.981582556680195
654.3042859020551	-52.954694365284205
654.8373747029691	-52.92669843711776
655.3704635038831	-52.89869808969397
655.9035523047971	-52.86995087893127
656.4366411057111	-52.84194602431628
656.9697299066252	-52.81349115550326
657.5028187075392	-52.78557648007364
658.0359075084532	-52.75650907829345
658.5689963093672	-52.72739969021566
659.1020851102812	-52.697682796796194
659.6351739111952	-52.668101374311114
660.1682627121093	-52.63815301842943
660.7013515130233	-52.60835683229644
661.2344403139373	-52.5774176566771
661.7675291148513	-52.54662354824271
662.3006179157653	-52.51455660811059
662.8337067166793	-52.482586050968116
663.3667955175933	-52.44931574984031
663.8998843185074	-52.4163531834658
664.4329731194214	-52.38201301612239
664.9660619203354	-52.348145988277686
665.4991507212494	-52.31264074247028
666.0322395221634	-52.277026266748216
666.5653283230774	-52.239248966099076
667.0984171239915	-52.20130147801797
667.6315059249055	-52.161330043598504
668.1645947258195	-52.121705213951785
668.6976835267335	-52.07992889911518
669.2307723276475	-52.03755710479921
669.7638611285615	-51.99277384237707
670.2969499294755	-51.9463142539038
670.8300387303896	-51.89672492659406
671.3631275313036	-51.845950020769166
671.8962163322176	-51.79181248376827
672.4293051331316	-51.736709037248986
672.9623939340456	-51.67664712836227
673.4954827349596	-51.611833246578215
674.3796858250607	-51.49410071384198
675.2638889151618	-51.35946958058928
676.1480920052629	-51.204066189529506
677.032295095364	-51.01782913639102
677.9164981854651	-50.78600021479964
678.8007012755662	-50.50227797983491
679.2186769293788	-50.326017125520295
679.6366525831914	-50.106728663645704
680.0546282370041	-49.84123845426908
680.4726038908167	-49.49556369813721
680.6826642703785	-49.27644617945523
680.8927246499403	-49.0158984158527
681.1027850295021	-48.69617021813152
681.3128454090639	-48.29110675804112
681.3653605039543	-48.17327352488078
681.4178755988447	-48.046373813689456
681.5128725612558	-47.78885548443259
681.6078695236669	-47.489081954071175
681.7028664860779	-47.1315125541175
681.7266157266807	-47.03190048597229
681.7503649672835	-46.927039630970825
681.7933845713083	-46.72162050226276
681.8464983839501	-46.43637025981883
681.899612196592	-46.10850531755066
681.9527260092339	-45.72336013265011
681.9829641472776	-45.47094215304597
682.0132022853213	-45.18697895907167
682.043440423365	-44.86218294891892
682.0601393495594	-44.66088341938297
682.0768382757539	-44.43978016004496
682.0935372019483	-44.19408970823789
682.1102361281427	-43.917222790100745
682.1269350543371	-43.59990279230187
682.1357494734056	-43.4121165390113
682.144563892474	-43.20712626092357
682.1533783115425	-42.98221819358485
682.162192730611	-42.73466465299745
682.1710071496794	-42.461895547240374
682.1798215687479	-42.16174227759467
682.1886359878164	-41.832661237150404
682.1974504068849	-41.47383850336509
682.2062648259533	-41.08512331144866
682.2150792450218	-40.66684768217809
682.2238936640903	-40.21959766462969
682.2327080831587	-39.744036230791195
682.2415225022272	-39.24077399158259
682.2503369212957	-38.710244304507206
682.2591513403642	-38.152553874292245
682.2679657594326	-37.567326097889605
682.2767801785011	-36.95356576259176
682.2903060131468	-35.952111341544544
682.3038318477926	-34.87010461973696
682.3173576824383	-33.69416965836315
682.3308835170841	-32.40640437584033
682.3444093517298	-30.984666054101456
682.3671927233668	-28.211937085623628
682.3899760950037	-24.835159910095157
682.4127594666406	-20.68829484399535
682.4355428382776	-15.683322943923889
682.4583262099145	-9.885346529785627
682.4811095815514	-3.6747003836216408
682.5038929531884	2.3022070913976482
682.51900988553	5.848603350407037
682.5341268178715	8.939650269913692
682.5492437502131	11.53515305640889
682.5643606825547	13.644112782510263
682.5794776148963	15.313110257913202
682.5945945472379	16.605287720297696
682.6097114795795	17.583083329045376
682.624828411921	18.29978765805346
682.6399453442626	18.79830895172974
682.6550622766042	19.112957866714847
682.6701792089458	19.27143443174387
682.6852961412874	19.296211679364195
682.7081112261428	19.119848383264998
682.7309263109983	18.72906878415407
682.7537413958537	18.1590888868716
682.7765564807091	17.438709145872437
682.7993715655646	16.59162386171961
682.82218665042	15.63648045952613
682.8450017352754	14.588305159784424
682.8678168201309	13.460014935394167
682.8906319049863	12.263051557700209
682.9262235481508	10.282051794861648
682.9618151913153	8.19034195752525
682.9974068344798	6.014346668595764
683.0329984776442	3.7763132603148333
683.0685901208087	1.4953611274767427
683.1041817639732	-0.8122734375026484
683.1397734071377	-3.1332276949690923
683.1753650503022	-5.456652000942716
683.2109566934666	-7.773489157853938
683.2465483366311	-10.076329330474792
683.2821399797956	-12.35882937235344
683.3177316229601	-14.607292618621564
683.3533232661246	-16.799643816347697
683.388914909289	-18.933832391216065
683.4245065524535	-21.011732984415755
683.460098195618	-23.033551434488313
683.4956898387825	-24.997574061763302
683.531281481947	-26.906977263031855
683.5668731251114	-28.766394683907365
683.6024647682759	-30.577820111438513
683.6380564114404	-32.33715042564079
683.6736480546049	-34.03618685225381
683.7092396977694	-35.664165303759816
683.7654942537421	-38.063608748846015
683.8217488097148	-40.210575551220025
683.8780033656875	-42.0706773150467
683.9342579216602	-43.63804320015286
683.9905124776329	-44.955916011524835
684.0467670336056	-46.054122566382105
684.1030215895784	-46.95099240289461
684.1592761455511	-47.67458607066232
684.2155307015238	-48.26505578672008
684.2717852574965	-48.75336017783974
684.3280398134692	-49.15627545746865
684.3842943694419	-49.486228319780295
684.4405489254146	-49.75780176186688
684.4968034813874	-49.985661450860654
684.5530580373601	-50.18100063359322
684.638448081553	-50.42975917938537
684.7238381257458	-50.637415675258644
684.8092281699387	-50.81751658908898
684.8946182141316	-50.97922104905186
684.9800082583245	-51.12855410177447
685.0653983025173	-51.2693464747432
685.203601274698	-51.483901540952736
685.3418042468787	-51.68731452438976
685.4800072190594	-51.883117368169884
685.7035928575203	-52.187657462277166
685.9271784959813	-52.4730812954293
686.1507641344422	-52.7373026722524
686.3743497729031	-52.98426829205592
686.597935411364	-53.21262792610256
686.8215210498249	-53.423685635780124
687.0451066882858	-53.61702180351349
687.2686923267468	-53.79629240700813
687.4922779652077	-53.961575496881885
687.7158636036686	-54.11458917494825
688.1163308399617	-54.359060388017475
688.5167980762549	-54.5688209295247
688.917265312548	-54.752819435235246
689.3177325488411	-54.91309735055656
689.7181997851343	-55.054938340315445
690.1186670214274	-55.177179018935014
690.5191342577206	-55.284845543502996
690.9196014940137	-55.37702089163929
691.3200687303068	-55.459082861406365
691.7205359666	-55.52864135847739
692.1210032028931	-55.59075013754275
692.5214704391863	-55.64206885415794
692.9219376754794	-55.68843726208134
693.3224049117725	-55.7254071934247
693.7228721480657	-55.759508943733955
694.1233393843588	-55.784764937453204
694.523806620652	-55.80906988970405
694.9242738569451	-55.824684188938704
695.3247410932382	-55.84139669566379
695.7252083295314	-55.85286501713845
696.1256755658245	-55.859611129126186
696.5261428021176	-55.864167892854574
696.9266100384108	-55.86508647661018
697.3270772747039	-55.864995121123485
697.7275445109971	-55.86175987833214
698.1280117472902	-55.858348212324444
698.5284789835833	-55.85127511146101
698.9289462198765	-55.84464444428108
699.3294134561696	-55.83395636511155
699.7298806924628	-55.82510578152626
700.1303479287559	-55.81144180057156
700.530815165049	-55.80109464957082
700.9312824013422	-55.78437854641304
701.3317496376353	-55.76866588479482
701.7322168739285	-55.75177495268507
702.1326841102216	-55.7368230027471
702.5331513465147	-55.71941572083361
702.9336185828079	-55.70432214864384
703.334085819101	-55.68475912333026
703.7345530553941	-55.66867578119261
704.1350202916873	-55.6506243024585
704.5354875279804	-55.632558174826485
704.9359547642736	-55.61191066519018
705.3364220005667	-55.59230607711737
705.7368892368598	-55.569707857288606
706.137356473153	-55.55032338323614
706.5378237094461	-55.52701686212315
706.9382909457393	-55.508827963330205
707.3387581820324	-55.48854247229245
707.7392254183255	-55.468294286527765
708.1396926546187	-55.44513054080718
708.5401598909118	-55.423833355876745
708.940627127205	-55.39895087660923
709.3410943634981	-55.37861713248555
709.7415615997912	-55.35284461401275
710.1420288360844	-55.328974400715296
710.5424960723775	-55.304545046880435
710.9429633086706	-55.28315505031171
711.3434305449638	-55.25944506845139
711.7438977812569	-55.23993070813514
712.1443650175501	-55.21849869125615
712.5448322538432	-55.1968703679054
712.9452994901363	-55.172710154346355
713.3457667264295	-55.150616501954616
713.7462339627226	-55.12527267313833
714.1467011990158	-55.10455894410645
714.5471684353089	-55.08262145358482
714.947635671602	-55.06109491889831
715.3481029078952	-55.037033314685246
715.7485701441883	-55.014768578176806
716.1490373804814	-54.988766436646195
716.5495046167746	-54.96793746049817
716.9499718530677	-54.946011833731035
717.3504390893609	-54.92467042058099
717.750906325654	-54.90048959994441
718.1513735619471	-54.878306650969776
718.5518407982403	-54.851767273296986
718.9523080345334	-54.8313911999822
719.3527752708266	-54.809757545774254
719.7532425071197	-54.7887975289995
720.1537097434128	-54.76557372243942
720.554176979706	-54.7423842541517
720.9546442159991	-54.717057545797616
721.3551114522922	-54.69483981039847
721.7555786885854	-54.66938243760633
722.1560459248785	-54.64526241121553
722.5565131611717	-54.62079350747
722.9569803974648	-54.59860680019052
723.3574476337579	-54.57459026742625
723.7579148700511	-54.55456501993852
724.1583821063442	-54.528868081877114
724.5588493426374	-54.504445442931384
724.9593165789305	-54.479421334189006
725.3597838152236	-54.45777968111632
725.7602510515168	-54.433500422858614
726.1607182878099	-54.410215930002366
726.561185524103	-54.38677714729457
726.9616527603962	-54.36467554151549
727.3621199966893	-54.34125927057212
727.7625872329825	-54.320911917236344
728.1630544692756	-54.29955381720827
728.5635217055687	-54.27801988445089
728.9639889418619	-54.2544570193247
729.364456178155	-54.23272270095682
729.7649234144482	-54.21059315833425
730.1653906507413	-54.188496874366564
730.5658578870344	-54.16550661448277
730.9663251233276	-54.143251073737765
731.3667923596207	-54.11900223296186
731.7672595959139	-54.09766918113863
732.167726832207	-54.075877100325734
732.5681940685001	-54.054373690178416
732.9686613047933	-54.03111162842687
733.3691285410864	-54.0092443471687
733.7695957773795	-53.983540339850265
734.1700630136727	-53.95903440558981
734.5705302499658	-53.934850662694444
734.970997486259	-53.9131696475953
735.3714647225521	-53.88897934356962
735.7719319588452	-53.86517665293372
736.1723991951384	-53.84295680848319
736.5728664314315	-53.81915904931715
736.9733336677247	-53.79828865962517
737.3738009040178	-53.77284075806917
737.7742681403109	-53.74835474788199
738.1747353766041	-53.723498496895104
738.5752026128972	-53.70113906389733
738.9756698491904	-53.67639908726977
739.3761370854835	-53.652438389033996
739.7766043217766	-53.628730164404665
740.1770715580698	-53.605860947148436
740.5775387943629	-53.58189325309723
740.978006030656	-53.56044202794682
741.3784732669492	-53.53831921465773
741.7789405032423	-53.51595734329278
742.1794077395355	-53.49172454487622
742.5798749758286	-53.46911572600154
742.9803422121217	-53.44614162190289
743.3808094484149	-53.42283004512322
743.781276684708	-53.39881603402544
744.1817439210012	-53.37420428196541
744.5822111572943	-53.34914535075012
744.9826783935874	-53.32434565078773
745.3831456298806	-53.29940805044334
745.7836128661737	-53.27598141120789
746.1840801024669	-53.25226906921107
746.58454733876	-53.22794114810677
746.9850145750531	-53.20253357448566
747.3854818113463	-53.17784433027948
747.7859490476394	-53.153214484851794
748.1864162839325	-53.12810109906818
748.5868835202257	-53.1025997499432
748.9873507565188	-53.07676568380129
749.387817992812	-53.051052007293315
749.7882852291051	-53.02476184131454
750.1887524653982	-52.99851273336799
750.5892197016914	-52.97144990626551
750.9896869379845	-52.94447926466811
751.3901541742777	-52.91678572103402
751.7906214105708	-52.88907220899762
752.1910886468639	-52.86100841634582
752.5915558831571	-52.83288506185902
752.9920231194502	-52.80477798654729
753.3924903557433	-52.775701481263276
753.7929575920365	-52.74577501757198
754.1934248283296	-52.71567728983683
754.5938920646228	-52.68536723450737
754.9943593009159	-52.65488403967003
755.394826537209	-52.623424606366925
755.7952937735022	-52.59191277759838
756.1957610097953	-52.559385106798075
756.5962282460885	-52.5273938415723
756.9966954823816	-52.493995379511176
757.3971627186747	-52.460359120717925
757.7976299549679	-52.4252125770196
758.198097191261	-52.390929423604824
758.5985644275542	-52.354837204466456
758.9990316638473	-52.318005866240284
759.6305051321181	-52.257776705070036
760.2619786003888	-52.19488237169248
760.8934520686596	-52.12980870180611
761.5249255369304	-52.06088912915586
762.1563990052011	-51.98706369797098
763.1242821182575	-51.86743012289522
764.0921652313139	-51.73315437370916
765.0600483443702	-51.57893911595325
766.0279314574266	-51.40782526976775
766.9958145704829	-51.20032861340158
767.9636976835393	-50.936745495057636
768.9315807965957	-50.59461228017076
769.1735515748597	-50.492743388182184
769.4155223531238	-50.374226900425626
769.6574931313879	-50.23797449251778
769.899463909652	-50.08701822987467
770.1414346879161	-49.913477207477314
770.3834054661802	-49.7183522253073
770.6253762444443	-49.48543032260553
770.8673470227084	-49.203568453979805
771.1093178009725	-48.86222400809027
771.2323969995672	-48.65117808447738
771.3554761981619	-48.40627754127672
771.4785553967566	-48.120412919967556
771.6016345953514	-47.77703233599543
771.6679416517416	-47.562318871910826
771.7342487081318	-47.3208056053673
771.800555764522	-47.04636306816649
771.8668628209122	-46.72804048439027
771.9006930138843	-46.54579336468488
771.9345232068564	-46.346954154173275
771.9683533998285	-46.1285222664109
772.0021835928006	-45.88601420448635
772.0360137857728	-45.61406144135142
772.0514184725841	-45.47924569657494
772.0668231593955	-45.33614499367015
772.0822278462069	-45.18362830782446
772.0976325330183	-45.02024489309116
772.1130372198297	-44.84439140243108
772.1270179330711	-44.67255641759321
772.1409986463125	-44.486901688361314
772.1549793595539	-44.28470869162914
772.1689600727952	-44.062434337330075
772.1829407860366	-43.81536441854879
772.196921499278	-43.53716449350896
772.2048597551823	-43.362404525111884
772.2127980110865	-43.173126467104346
772.2207362669908	-42.967289962861116
772.2286745228951	-42.7428463902329
772.2366127787993	-42.49784357513038
772.2445510347036	-42.23057807380638
772.2524892906079	-41.93974155464149
772.2604275465121	-41.624509568647944
772.2683658024164	-41.28452660466585
772.2763040583206	-40.91981748279547
772.2842423142249	-40.530659561283244
772.2921805701292	-40.11746474776103
772.3001188260334	-39.68069092417737
772.3080570819377	-39.22076535159886
772.315995337842	-38.737997005527184
772.3297849547671	-37.844992903514594
772.3435745716922	-36.88105164466421
772.3573641886173	-35.840586878752625
772.3711538055425	-34.71300520020464
772.3849434224676	-33.482580901732575
772.3987330393927	-32.129114295736365
772.4125226563178	-30.628034547978395
772.426312273243	-28.949884683714977
772.4401018901681	-27.06016124698581
772.4538915070932	-24.92096973377764
772.4749708540545	-21.08860882721665
772.4960502010158	-16.488597658210747
772.5171295479771	-11.172356438028961
772.5382088949384	-5.404094835372885
772.5592882418997	0.36562998832795474
772.580367588861	5.580543222097736
772.5939875215389	8.483503244299232
772.6076074542168	10.98770721130581
772.6212273868947	13.08603370350153
772.6348473195726	14.796158887635682
772.6484672522505	16.161088866494342
772.6620871849284	17.233201555467847
772.6757071176063	18.059805857821182
772.6893270502842	18.67880154466751
772.7029469829621	19.120580036455337
772.71656691564	19.410472838533607
772.7370611545849	19.60633545045964
772.7575553935299	19.562653862395493
772.7780496324748	19.32362254896828
772.7985438714197	18.920330266137558
772.8190381103647	18.377744637149384
772.8395323493096	17.7162943588274
772.8600265882545	16.952412562752443
772.8805208271995	16.099669632298223
772.912658754848	14.610997174916175
772.9447966824966	12.96937489084091
772.9769346101452	11.204185325841324
773.0090725377938	9.340321349927752
773.0412104654424	7.39927180301758
773.073348393091	5.399279785629634
773.1054863207396	3.3556667892635184
773.1376242483882	1.2814409136359692
773.1697621760368	-0.812193680745339
773.2019001036854	-2.9156585098202017
773.234038031334	-5.020923729987181
773.2661759589826	-7.121231795196172
773.2983138866311	-9.211016112338912
773.3304518142797	-11.285656240774136
773.3625897419283	-13.34081978765047
773.3947276695769	-15.35675980266721
773.4268655972255	-17.325810119988486
773.4590035248741	-19.248352176431066
773.4911414525227	-21.124553225369546
773.5232793801713	-22.95233433978035
773.5554173078199	-24.7324764972911
773.5875552354685	-26.469033579921618
773.6196931631171	-28.166100673977372
773.6518310907657	-29.82460298294736
773.6839690184142	-31.442197480863175
773.7367826206831	-33.999309906459445
773.789596222952	-36.40216866254804
773.8424098252209	-38.609983445868494
773.8952234274898	-40.586094478284835
773.9480370297587	-42.3060583601733
774.0008506320276	-43.770896007892354
774.0536642342964	-45.014517044024736
774.1064778365653	-46.059449848164654
774.1592914388342	-46.92227613165065
774.2121050411031	-47.628986532421905
774.264918643372	-48.21295510667703
774.3177322456409	-48.69915996180793
774.3705458479097	-49.10226286398564
774.4233594501786	-49.43451532985889
774.4761730524475	-49.70982819014476
774.5289866547164	-49.94158887039062
774.6211898290896	-50.267718822350346
774.7133930034629	-50.525063427150734
774.8055961778362	-50.738310304014774
774.8977993522094	-50.922912057171125
774.9900025265827	-51.08896210420111
775.0822057009559	-51.242868389172095
775.1744088753292	-51.38851932207202
775.2666120497024	-51.528200223452586
775.4142078778203	-51.74174743135295
775.5618037059382	-51.94592475697022
775.7093995340562	-52.142719858446945
775.9599535517385	-52.462287724752514
776.2105075694209	-52.75789891810397
776.4610615871032	-53.02784028731295
776.7116156047856	-53.27754203592649
776.962169622468	-53.505387710079255
777.2127236401503	-53.71352905382476
777.4632776578327	-53.9015576401961
777.713831675515	-54.07499700580806
777.9643856931974	-54.23312707145671
778.2149397108798	-54.37861777232619
778.6032464849267	-54.57884884925552
778.9915532589736	-54.75136031454416
779.3798600330205	-54.90362878195363
779.7681668070674	-55.03667738440201
780.1564735811143	-55.15476097665247
780.5447803551612	-55.256660806438894
780.933087129208	-55.34669080170845
781.321393903255	-55.423823777358805
781.7097006773018	-55.49253886813786
782.0980074513487	-55.55067139028361
782.4863142253956	-55.60253674488962
782.8746209994425	-55.64527225965361
783.2629277734894	-55.683767967866295
783.6512345475363	-55.714265968391445
784.0395413215832	-55.742194209253334
784.4278480956301	-55.76263908420981
784.816154869677	-55.782075654728764
785.2044616437239	-55.79422830599049
785.5927684177708	-55.806995896545715
785.9810751918177	-55.81218554892943
786.3693819658646	-55.81622130811674
786.7576887399115	-55.817460636117076
787.1459955139584	-55.81846983279095
787.5343022880053	-55.816180765478016
787.9226090620522	-55.81395623837395
788.3109158360991	-55.80752754187905
788.699222610146	-55.80183651475441
789.0875293841929	-55.79160035942102
789.4758361582398	-55.783791907080264
789.8641429322867	-55.77062093356599
790.2524497063336	-55.76144321158368
790.6407564803804	-55.749530709800744
791.0290632544273	-55.737038362810516
791.4173700284742	-55.72133962762053
791.8056768025211	-55.706424009802475
792.193983576568	-55.68827437332921
792.5822903506149	-55.67285444163745
792.9705971246618	-55.65357768299367
793.3589038987087	-55.638464456066835
793.7472106727556	-55.617147076527786
794.1355174468025	-55.5972813755833
794.5238242208494	-55.576684173479876
794.9121309948963	-55.558643308065996
795.3004377689432	-55.538382499687444
795.6887445429901	-55.52110724739768
796.077051317037	-55.499172818134596
796.4653580910839	-55.478003324924664
796.8536648651308	-55.45618457705918
797.2419716391777	-55.43634591925625
797.6302784132246	-55.414980266500734
798.0185851872715	-55.39605408970603
798.4068919613184	-55.37344254455719
798.7951987353653	-55.3544541590859
799.1835055094122	-55.329804166046735
799.571812283459	-55.312213874748664
799.960119057506	-55.2923403695743
800.3484258315528	-55.27282718998221
800.7367326055997	-55.24950345731617
801.1250393796466	-55.228675480657564
801.5133461536935	-55.202972740667235
801.9016529277404	-55.17941248195836
802.2899597017873	-55.15601371127646
802.6782664758342	-55.13540939270705
803.0665732498811	-55.112378307336314
803.454880023928	-55.092861858902175
803.8431867979749	-55.071844960300176
804.2314935720218	-55.05091945850741
804.6198003460687	-55.02777764359691
805.0081071201156	-55.00637137023343
805.3964138941625	-54.98193720398862
805.7847206682094	-54.96178335943156
806.1730274422563	-54.93633084135726
806.5613342163032	-54.912714707854036
806.9496409903501	-54.8887165181968
807.337947764397	-54.86784116684332
807.7262545384439	-54.84457351713301
808.1145613124908	-54.82601353538579
808.5028680865377	-54.80554991289196
808.8911748605846	-54.7849200572888
809.2794816346315	-54.76146909720731
809.6677884086783	-54.7383461082063
810.0560951827252	-54.71497960302822
810.4444019567721	-54.693158177356516
810.832708730819	-54.670481437977294
811.2210155048659	-54.65017757987264
811.6093222789128	-54.6266504062413
811.9976290529597	-54.60377063931955
812.3859358270066	-54.58057333765495
812.7742426010535	-54.55924043596023
813.1625493751004	-54.53657604654885
813.5508561491473	-54.51699947620034
813.9391629231942	-54.49297520224864
814.3274696972411	-54.46985943870255
814.715776471288	-54.44633409702426
815.1040832453349	-54.425392039647576
815.4923900193818	-54.40249297403387
815.8806967934287	-54.38403228421849
816.2690035674756	-54.363909805308346
816.6573103415225	-54.34352280040893
817.0456171155694	-54.320389099422194
817.4339238896163	-54.297459548658594
817.8222306636632	-54.27428337460517
818.2105374377101	-54.252644185767025
818.598844211757	-54.23003522966509
818.9871509858039	-54.21023536921127
819.3754577598507	-54.18949867545141
819.7637645338976	-54.168554021286795
820.1520713079445	-54.14584877116393
820.5403780819914	-54.12479804970033
820.9286848560383	-54.10067329042263
821.3169916300852	-54.08148011601157
821.7052984041321	-54.0612148442061
822.093605178179	-54.041158134089514
822.4819119522259	-54.01829202792418
822.8702187262728	-53.99773771433312
823.2585255003197	-53.97642392957173
823.6468322743666	-53.95491892795137
824.0351390484135	-53.93241488989965
824.4234458224604	-53.91087788641908
824.8117525965073	-53.88679858763427
825.2000593705542	-53.86337397143037
825.5883661446011	-53.84007906542771
825.976672918648	-53.81857239607717
826.3649796926949	-53.795360305104914
826.7532864667418	-53.772397090598886
827.1415932407887	-53.74946829205469
827.5299000148356	-53.72732007884365
827.9182067888825	-53.70444733790946
828.3065135629294	-53.68367407519535
828.6948203369762	-53.66235430186943
829.0831271110231	-53.640720891383154
829.47143388507	-53.617570892037314
829.8597406591169	-53.59572147125439
830.2480474331638	-53.573686661442764
830.6363542072107	-53.551397035188955
831.0246609812576	-53.528463964462674
831.4129677553045	-53.50584672773277
831.8012745293514	-53.48151991463749
832.1895813033983	-53.45739416284561
832.5778880774452	-53.43342960844907
832.9661948514921	-53.410048789800754
833.354501625539	-53.38654340964023
833.7428083995859	-53.36391705336131
834.1311151736328	-53.339600991528236
834.5194219476797	-53.315178854539695
834.9077287217266	-53.29067283758449
835.2960354957735	-53.26682929294736
835.6843422698204	-53.24229254224348
836.0726490438673	-53.21975487322039
836.4609558179142	-53.196669617895864
836.8492625919611	-53.173044113904474
837.237569366008	-53.1479641121852
837.6258761400549	-53.12398703862282
838.0141829141018	-53.09986089593005
838.4024896881486	-53.075108347012524
838.7907964621955	-53.049899851701866
839.1791032362424	-53.02447127659304
839.5674100102893	-52.99911360032801
839.9557167843362	-52.9730359167926
840.3440235583831	-52.94700684458302
840.9414116090668	-52.90580606930383
841.5387996597505	-52.86456820442339
842.8749153442124	-52.77086650135011
844.2110310286743	-52.66807214215995
845.5471467131362	-52.566336505022136
845.8811756342516	-52.53787275635236
846.215204555367	-52.509910530918205
846.5492334764824	-52.4822088296648
847.3201537205911	-52.416645609659334
848.0910739646997	-52.34460267010598
848.8619942088084	-52.27068135347797
849.632914452917	-52.19527578473855
849.9932372491978	-52.157591220891696
850.3535600454786	-52.12007886204847
850.7138828417594	-52.07956577960024
851.0742056380402	-52.03848720716837
851.434528434321	-51.99641001175101
852.274285548802	-51.892459295666114
853.114042663283	-51.77579085633286
853.9537997777641	-51.653826953119044
854.1637390563843	-51.61821835261507
854.3736783350046	-51.58214779549479
854.5836176136248	-51.54554318496364
855.1021415286324	-51.449891577148115
855.62066544364	-51.3444484073756
856.1391893586475	-51.22631159915885
856.6577132736551	-51.097748547826825
857.1762371886626	-50.9490918025879
857.6947611036702	-50.77383972605626
858.2132850186778	-50.57313051866495
858.7318089336853	-50.32405536760389
859.2503328486929	-50.002352660356834
859.7688567637005	-49.57852424638819
860.0274152032487	-49.29947644741334
860.2859736427969	-48.94684483926589
860.5445320823451	-48.48826806822184
860.6091716922322	-48.35451130138884
860.6738113021192	-48.20667789065017
860.7384509120063	-48.04370839642767
860.841424145398	-47.74718951512317
860.9443973787897	-47.39361682935563
860.996319559228	-47.1888762540323
861.0482417396663	-46.961375866348206
861.1001639201046	-46.70620963875314
861.1520861005429	-46.41535412869793
861.1793876043205	-46.24590184718264
861.2066891080981	-46.062596376918485
861.2339906118757	-45.86312162953449
861.2612921156533	-45.64417357457567
861.2885936194309	-45.40181975597144
861.3017301116824	-45.27589144693966
861.314866603934	-45.142771066340714
861.3280030961855	-45.001529992728756
861.341139588437	-44.851001522240324
861.3542760806886	-44.68988972394405
861.3665889117541	-44.52805099161681
861.3789017428196	-44.3539010899638
861.3912145738851	-44.16514912002858
861.4035274049506	-43.958874693897556
861.4158402360162	-43.73130908781476
861.4281530670817	-43.47754236210312
861.4404658981472	-43.1914807027064
861.4475293163398	-43.0101657171992
861.4545927345324	-42.81445603756574
861.461656152725	-42.602909281590705
861.4687195709176	-42.37423032537351
861.4757829891103	-42.12735953527705
861.4828464073029	-41.86153398423663
861.4899098254955	-41.57629985172877
861.4969732436881	-41.2714776751135
861.5040366618807	-40.94710428456481
861.5111000800733	-40.6033659176832
861.518163498266	-40.24053803445496
861.5252269164586	-39.85893839587709
861.5322903346512	-39.45888496506615
861.5446776284474	-38.713427331106494
861.5570649222436	-37.91243905682498
861.5694522160398	-37.054745124303835
861.5818395098361	-36.13638941265115
861.5942268036323	-35.15016728072979
861.6066140974285	-34.08592531277553
861.6190013912247	-32.93080492009655
861.631388685021	-31.6689094301383
861.6505171217892	-29.46448481477354
861.6696455585575	-26.871590706442667
861.6887739953257	-23.79086287436257
861.707902432094	-20.125877128810835
861.7270308688622	-15.821971103495232
861.7461593056305	-10.94196006385125
861.7652877423988	-5.702803272671655
861.784416179167	-0.4392624915858614
861.8035446159353	4.428665328544418
861.8226730527035	8.59686704110185
861.8418014894718	11.957485634190313
861.86092992624	14.550549067992304
861.8800583630083	16.469786432868666
861.8991867997765	17.8241306758201
861.9183152365448	18.726275644599852
861.937443673313	19.277335203187512
861.9565721100813	19.554008938314013
861.9757005468496	19.608446110018377
861.9948289836178	19.476646961824716
862.0139574203861	19.186480028455687
862.0330858571543	18.76137855159155
862.0522142939226	18.22097065825538
862.0713427306908	17.581136234238027
862.1005192226222	16.4422541024308
862.1296957145536	15.138062826522999
862.158872206485	13.697319219003472
862.1880486984163	12.144430416581683
862.2172251903477	10.500337097842264
862.246401682279	8.782660504463939
862.2755781742104	7.006195554622638
862.3047546661418	5.183661613950539
862.3339311580731	3.326234733770479
862.3631076500045	1.4437360907860728
862.3922841419359	-0.45532078178426016
862.4214606338672	-2.363660828970715
862.4654021209229	-5.241780693937514
862.5093436079786	-8.109766168688852
862.5532850950343	-10.954269816355762
862.59722658209	-13.763864046212413
862.6411680691457	-16.503038163189654
862.6851095562014	-19.14418405954463
862.7290510432571	-21.694853699457525
862.7729925303128	-24.163562244944703
862.8169340173685	-26.554019005955073
862.8608755044241	-28.86361936270195
862.9048169914798	-31.09481356846299
862.9487584785355	-33.243947311305625
862.9926999655912	-35.298318746929844
863.0366414526469	-37.23278383217636
863.0805829397026	-39.02155637025036
863.1245244267583	-40.6429303445898
863.168465913814	-42.08462981317298
863.2124074008697	-43.347040816491884
863.2563488879254	-44.45137075570507
863.300290374981	-45.41188017951789
863.3442318620367	-46.23860572365319
863.3881733490924	-46.943759923606414
863.4321148361481	-47.544967653587406
863.4760563232038	-48.05858084215557
863.5199978102595	-48.496372929938225
863.5639392973152	-48.867985071951644
863.632911298781	-49.34241507347823
863.7018833002468	-49.71436341216752
863.7708553017126	-50.011982766495876
863.8398273031784	-50.255891863603374
863.9087993046442	-50.46040691069538
864.0333554351181	-50.76346101913111
864.157911565592	-51.01253000278119
864.282467696066	-51.22975404064973
864.4070238265399	-51.42808875222876
864.5315799570138	-51.61496323251408
864.6561360874878	-51.79326321508722
864.7806922179617	-51.964486428215835
864.9721035113396	-52.21715313932929
865.1635148047175	-52.45896940201583
865.3549260980953	-52.688717104991866
865.5463373914732	-52.90390955803908
865.7377486848511	-53.10374331931084
865.929159978229	-53.28977973443944
866.2473710675096	-53.57280743648761
866.5655821567901	-53.82582116123622
866.8837932460707	-54.0534192362027
867.2020043353513	-54.257121761234316
867.5202154246318	-54.43821352139563
867.8384265139124	-54.59834438630868
868.4192167716684	-54.850636325872216
869.0000070294244	-55.0567735086994
869.5807972871804	-55.227451869150016
870.1615875449364	-55.36486980754698
870.7423778026924	-55.47813308230357
871.3231680604484	-55.56735262713979
871.9039583182044	-55.643427180909335
872.4847485759605	-55.699952967599046
873.0655388337165	-55.749857883090435
873.6463290914725	-55.77983239775725
874.2271193492285	-55.80419620260268
874.8079096069845	-55.819392660258124
875.3886998647405	-55.83367645811468
875.9694901224965	-55.83695633457044
876.5502803802525	-55.84340164409106
877.1310706380085	-55.84126556831115
877.7118608957645	-55.8360619980732
878.2926511535205	-55.82169046379787
878.8734414112765	-55.8098441189029
879.4542316690325	-55.78653820533496
880.0350219267885	-55.76543617840033
880.6158121845446	-55.741474041390326
881.1966024423006	-55.722674213518715
881.7773927000566	-55.70124648635227
882.3581829578126	-55.6798437190517
882.9389732155686	-55.652428077704506
883.5197634733246	-55.62713711795259
884.1005537310806	-55.59330961525488
884.6813439888366	-55.56260300403284
885.2621342465926	-55.53104078565769
885.8429245043486	-55.5045529679029
886.4237147621046	-55.47146130399508
887.0045050198606	-55.43989478550121
887.5852952776166	-55.40701404681678
888.1660855353726	-55.37795546307734
888.7468757931287	-55.34471279791345
889.3276660508847	-55.31277117218869
889.9084563086407	-55.27974080429098
890.4892465663967	-55.2493773795958
891.0700368241527	-55.21595870557381
891.6508270819087	-55.18367432892681
892.2316173396647	-55.15078230920392
892.8124075974207	-55.11985158358371
893.3931978551767	-55.086518010203186
893.9739881129327	-55.05404729525488
894.5547783706887	-55.02131854000418
895.1355686284447	-54.99011905131043
895.7163588862007	-54.95703843952823
896.2971491439567	-54.92804708217251
896.8779394017128	-54.897601503016745
897.4587296594688	-54.867328695406
898.0395199172248	-54.83365557847321
898.6203101749808	-54.80354736064444
899.2011004327368	-54.77246178973025
899.7818906904928	-54.74193194842079
900.3626809482488	-54.708961852679494
900.9434712060048	-54.67846219830922
901.5242614637608	-54.64697950805929
902.1050517215168	-54.615685990529094
902.6858419792728	-54.58290734649401
903.2666322370288	-54.549662763738446
903.8474224947848	-54.51549711469503
904.4282127525408	-54.482967409596135
905.0090030102969	-54.449597243617745
905.5897932680529	-54.416941834929425
906.1705835258089	-54.384088849307105
906.7513737835649	-54.352211948615725
907.3321640413209	-54.31904271135035
907.9129542990769	-54.28635982643556
908.4937445568329	-54.25410893883189
909.0745348145889	-54.222570042284914
909.6553250723449	-54.189954551522064
910.2361153301009	-54.157223055739976
910.8169055878569	-54.125054918248246
911.3976958456129	-54.09340969943579
911.9784861033689	-54.061244940849285
912.559276361125	-54.02844025691852
913.140066618881	-53.99609909125513
913.720856876637	-53.96406462097791
914.301647134393	-53.932040665736935
914.882437392149	-53.8990040524435
915.463227649905	-53.86711556844155
916.044017907661	-53.83388530183354
916.624808165417	-53.804667508347684
917.205598423173	-53.774486718809
917.786388680929	-53.74112782295516
918.367178938685	-53.711182397538344
918.947969196441	-53.68011332481195
919.528759454197	-53.647815016640905
920.109549711953	-53.61499468277004
920.690339969709	-53.58188017926363
921.7538574597959	-53.52128024865415
922.8173749498827	-53.45368806839616
923.8808924399696	-53.38693387187614
924.9444099300564	-53.3230217055609
926.0079274201432	-53.26119501430826
927.0714449102301	-53.199242412071335
928.1349624003169	-53.13370807388523
929.1984798904037	-53.069272329797194
930.2619973804906	-53.00408984829414
930.9999999999793	-52.955214846715464
931.0000000000103	-52.955214846715464
931.0003161681849	-52.971187844808696
931.0006323363594	-52.986180232959484
931.0012291008178	-53.01257453905014
931.0021364635862	-53.050048726174545
931.0030438263547	-53.085581508997414
931.0045547189719	-53.140798619174184
931.0068690817764	-53.220511833473566
931.0091834445808	-53.29492848327935
931.0145285776882	-53.45177659441418
931.0198737107957	-53.59275357924905
931.0252188439031	-53.72291398042541
931.0305639770105	-53.84528740427852
931.0386257642427	-54.019240447353084
931.046687551475	-54.18250411915647
931.0547493387072	-54.337074405236095
931.0683774267181	-54.582388693138554
931.0820055147291	-54.81115024182138
931.1064893398598	-55.19005603105651
931.1309731649905	-55.53824076300286
931.1554569901211	-55.86328731191143
931.1799408152518	-56.16968851302713
931.2044246403825	-56.46041219186611
931.2439698873543	-56.90192744396659
931.2835151343261	-57.314957502399785
931.3230603812979	-57.70433164294044
931.3846910922719	-58.270854018333694
931.4463218032458	-58.79543842376755
931.5079525142198	-59.283910942165434
931.6276712129381	-60.146556153250756
931.7473899116565	-60.91448502952966
931.8671086103748	-61.60524710582251
931.9868273090931	-62.233467265307425
932.1065460078114	-62.81110590417821
932.2262647065297	-63.3466247568704
932.345983405248	-63.84594730113615
932.553742956081	-64.64079232046711
932.761502506914	-65.36029054332315
932.969262057747	-66.01791638871386
933.1770216085799	-66.62421477393812
933.3847811594129	-67.187282894284
933.7016113052235	-67.97614387477005
934.0184414510342	-68.69397590508378
934.3352715968448	-69.35178793137499
934.6521017426554	-69.95822965077241
934.968931888466	-70.5204498859148
935.4883354345901	-71.3612961178807
936.0077389807142	-72.11771816215254
936.5271425268382	-72.80290386733195
937.0465460729623	-73.42681765717003
937.5659496190864	-73.99774145370121
938.0853531652104	-74.52253398957957
939.0158827419667	-75.36404128681804
939.946412318723	-76.0981177693415
940.8769418954793	-76.74107020337439
942.2887336245553	-77.57044839554334
943.7005253536314	-78.25283869589413
945.1123170827075	-78.8131304651614
946.5241088117835	-79.26802418518722
947.9359005408596	-79.63257223661654
949.3476922699357	-79.92098322375396
951.6023769677356	-80.24571723927623
953.8570616655355	-80.42872332712712
956.1117463633354	-80.49847989646356
958.3664310611354	-80.4801806070457
960.6211157589353	-80.3891707902947
962.8758004567352	-80.23875764269624
965.1304851545351	-80.04222076145948
967.385169852335	-79.81001116932785
969.6398545501349	-79.5527553364169
971.8945392479349	-79.27889632039643
974.1492239457348	-78.99383852044618
976.4039086435347	-78.7037326734448
978.6585933413346	-78.41331465651957
980.9132780391345	-78.12568055663293
984.334798690105	-77.70233750414485
987.7563193410755	-77.30166671362586
991.177839992046	-76.92727688042034
994.5993606430164	-76.58086005450076
998.0208812939869	-76.2646953536007
1001.4424019449574	-75.97896103817939
1004.8639225959279	-75.72212218876238
1008.2854432468984	-75.49359007872266
1011.7069638978688	-75.28999205968313
1015.1284845488393	-75.10857001656427
1018.5500051998098	-74.94990389495128
1021.9715258507803	-74.80965565991127
1025.3930465017509	-74.68536791876629
1028.8145671527213	-74.57625903876296
1032.2360878036918	-74.47821254713736
1035.6576084546623	-74.39212738027895
1039.0791291056328	-74.31803480197003
1042.5006497566033	-74.24850246794708
1045.9221704075737	-74.18863994722365
1049.3436910585442	-74.13814854943027
1052.7652117095147	-74.09080441293685
1056.1867323604852	-74.04630946158207
1059.6082530114556	-74.00055982697062
1063.0297736624261	-73.96232414395527
1066.4512943133966	-73.93191799613666
1069.872814964367	-73.9002999314703
1073.2943356153376	-73.8758338108692
1075.6807506704272	-73.86037554484956
1078.0671657255168	-73.84304114777476
1080.4535807806064	-73.8279741255616
1082.839995835696	-73.81171482408524
1085.2264108907857	-73.79334712048724
1087.6128259458753	-73.78014567619422
1089.999241000965	-73.76775791193111
1092.3856560560546	-73.75466581703373
1094.7720711111442	-73.74254739880271
1097.1584861662338	-73.72789907879582
1099.5449012213235	-73.71452817827272
1101.931316276413	-73.70496736402349
1104.3177313315027	-73.69160778804424
1106.7041463865924	-73.68054550547758
1109.090561441682	-73.67335103471456
1111.4769764967716	-73.65909765922902
1113.1230514790177	-73.64897895566392
1114.7691264612638	-73.64241499222842
1116.4152014435099	-73.63736202442473
1118.061276425756	-73.63250009680503
1119.707351408002	-73.62756747882396
1121.3534263902482	-73.62150645724883
1122.9995013724943	-73.61559400645719
1124.6455763547403	-73.61057843447523
1126.2916513369864	-73.60497380465452
1127.9377263192325	-73.59970945534103
1129.5838013014786	-73.59504242097229
1130.999999999975	-73.5904347829992
1131.0000000000127	-73.5904347829992
