t	v
0.0	-80.0
0.00197359893091137	-79.98462998914967
0.00394719786182274	-79.97052613327502
0.007501816092006628	-79.94714452009832
0.011056434322190514	-79.92499382634306
0.017917666590474307	-79.8849996256332
0.0247788988587581	-79.84698158963639
0.036943094225384054	-79.78274600200956
0.04910728959201001	-79.72196383072522
0.07792110684741795	-79.58888817251267
0.10673492410282588	-79.46829672628725
0.1355487413582338	-79.35729668275512
0.16436255861364174	-79.2539769103193
0.21079562454158704	-79.09996292374773
0.25722869046953234	-78.95902840299513
0.3036617563974776	-78.82871208430389
0.38226233067150006	-78.62736864361828
0.4608629049455225	-78.44556332510625
0.5930453076790714	-78.17319816440525
0.7252277104126204	-77.93175193516414
0.8574101131461693	-77.71360318667288
0.9895925158797183	-77.51440826940282
1.1217749186132673	-77.33119496865086
1.3307383373983908	-77.06898071491703
1.5397017561835142	-76.83419506743172
1.7486651749686377	-76.62185979823708
2.0632578817693807	-76.33753100112504
2.3778505885701238	-76.08869703725998
2.8629834256266187	-75.76195960611314
3.3481162626831136	-75.49244558953696
3.8332490997396085	-75.27036951170095
4.318381936796103	-75.08788812709888
4.803514773852599	-74.93858053785478
5.602926414159928	-74.7517672828461
6.402338054467257	-74.62404502344596
7.201749694774586	-74.54248795760367
8.001161335081914	-74.49676296967004
8.800572975389244	-74.47848405676467
10.106468563517412	-74.49106564414794
11.41236415164558	-74.53914783669187
12.718259739773748	-74.60939225070986
14.024155327901916	-74.6927375796036
15.330050916030084	-74.7828014579979
16.63594650415825	-74.87527441409055
18.650871161050834	-75.01650250415561
20.665795817943415	-75.15156477086464
22.680720474835997	-75.27853025335676
24.69564513172858	-75.39602797036007
26.71056978862116	-75.50394274853117
29.997597782694577	-75.66014138157318
33.284625776767996	-75.79315998669018
36.57165377084141	-75.90700868196113
39.85868176491482	-76.00359778565073
43.14570975898823	-76.08496869304602
46.432737753061645	-76.15477311375227
49.71976574713506	-76.2136485102184
53.00679374120847	-76.26274503795386
58.7221859968025	-76.33131552786747
64.43757825239653	-76.38377360313392
70.15297050799057	-76.42261868768821
75.8683627635846	-76.45019431245504
86.01223704571422	-76.48329083882656
96.15611132784383	-76.50579792705855
106.29998560997345	-76.51545146477268
116.44385989210306	-76.52416186139612
126.58773417423268	-76.53079868068461
136.7316084563623	-76.52993909366944
146.8754827384919	-76.53536304070025
157.01935702062153	-76.54555031157574
160.90591420805242	-76.54257590768908
164.79247139548332	-76.54072239582646
168.6790285829142	-76.53973365900914
176.2470001882199	-76.53999895776573
194.04190433656754	-76.53854149441418
211.8368084849152	-76.54148814274528
229.63171263326285	-76.54435023376321
244.26160942742402	-76.54215593573694
258.8915062215852	-76.54415983623574
273.5214030157464	-76.54330167414648
288.1512998099075	-76.54233740112014
341.20654903578236	-76.54666516387567
359.7434831104003	-76.54224738397511
378.2804171850182	-76.54522869659233
396.81735125963615	-76.54394309400797
415.3542853342541	-76.54137943374467
433.891219408872	-76.54483142360604
452.42815348348995	-76.54392884945045
470.9650875581079	-76.54136842059137
489.5020216327258	-76.54386428434628
508.03895570734375	-76.54695540593833
526.5758897819617	-76.54273671069649
530.9999999999882	-76.54385053836712
531.0000000000059	-76.54385053836712
531.0006638652327	-76.49891816541295
531.0013277304595	-76.4566602752531
531.0023906217211	-76.39238564828466
531.0034535129828	-76.33154018402821
531.0061393269974	-76.18750619098222
531.008825141012	-76.05343544217604
531.0115109550267	-75.92568643998726
531.0141967690413	-75.80249846499291
531.0184674994802	-75.61365152380816
531.022738229919	-75.43225192755438
531.0270089603579	-75.25704935548902
531.0342526670967	-74.97166775741556
531.0414963738355	-74.69895141797178
531.0552036387612	-74.2114333240942
531.068910903687	-73.75424774014792
531.0826181686127	-73.32215495145209
531.0963254335385	-72.91191285407574
531.1100326984642	-72.52107891913046
531.1334588024837	-71.89265287386576
531.1568849065031	-71.30701562488296
531.1803110105226	-70.7578536512827
531.2169933777603	-69.9605377912581
531.2536757449981	-69.22777759476485
531.2903581122358	-68.54941195926742
531.3567331554909	-67.43582827261321
531.423108198746	-66.44266314193506
531.4894832420011	-65.54818338914056
531.5558582852562	-64.7354770548272
531.6222333285114	-63.9910371903435
531.6886083717665	-63.30469827993272
531.7985294036765	-62.27567570030377
531.9084504355866	-61.359172874219816
532.0183714674966	-60.536144572385254
532.1282924994067	-59.79102671891038
532.2382135313168	-59.11107684012422
532.4101155497661	-58.1549255095526
532.5820175682155	-57.30449609598885
532.7539195866649	-56.537729093296164
532.9258216051143	-55.83679548424105
533.0977236235636	-55.18699041943701
533.3727179821343	-54.224117798097915
533.647712340705	-53.32138555132728
533.9227066992756	-52.44231177956801
534.1977010578463	-51.54650185070704
534.472695416417	-50.57738422706461
534.7476897749876	-49.44175955263285
535.0226841335583	-47.936631375921856
535.183070939634	-46.70776085611486
535.3434577457098	-44.88590078439032
535.3835544472287	-44.273201403002055
535.4236511487476	-43.55372942756381
535.4869151671597	-42.11663920464505
535.5302698767782	-40.82479212884905
535.5736245863967	-39.14218385159357
535.6005547389534	-37.81068706920755
535.6274848915101	-36.16169150524287
535.6448413787548	-34.873609423090144
535.6621978659995	-33.351849284806825
535.6795543532442	-31.527947644772727
535.6916558496375	-30.029188255142508
535.7037573460309	-28.29711940551483
535.7105630184171	-27.201966960282164
535.7173686908034	-26.007411082344152
535.7241743631896	-24.703716558438057
535.7309800355758	-23.281977691654067
535.7377857079621	-21.734782315438306
535.7423925878281	-20.613350354795223
535.7469994676942	-19.430559743560874
535.7516063475603	-18.18541709859008
535.7562132274263	-16.877288665917654
535.7608201072924	-15.506038926778503
535.7654269871584	-14.072194230694777
535.7700338670245	-12.577134815850643
535.7746407468906	-11.023305601321272
535.7820078337628	-8.425175676733103
535.793472129786	-4.15111508976525
535.8049364258092	0.30020898998600815
535.8164007218323	4.774241683283171
535.8278650178555	9.09824871295909
535.8393293138787	13.122183788970982
535.8507936099019	16.74358521668908
535.862257905925	19.911062421813202
535.8737222019482	22.61588661698965
535.8851864979714	24.880031318069467
535.8966507939946	26.74356248424819
535.9081150900178	28.253526705908634
535.9195793860409	29.456362859762947
535.9310436820641	30.394202008710995
535.9425079780873	31.103840069927116
535.9539722741105	31.616932662749083
535.9654365701336	31.96055826012162
535.9769008661568	32.15783599217362
535.98836516218	32.22851007712165
535.9998294582032	32.18947438296944
536.0112937542264	32.05522825089586
536.0290405439387	31.68837456855812
536.046787333651	31.16154887872883
536.0645341233633	30.505097764855464
536.0822809130756	29.743529838436977
536.1000277027879	28.896841542246314
536.1177744925002	27.981170841961028
536.1355212822125	27.00947096939747
536.1532680719248	25.992242177200804
536.1710148616371	24.938101362258692
536.1981266168458	23.272264937882603
536.2252383720545	21.5565309698533
536.2523501272632	19.805235287279455
536.2794618824719	18.029193390540748
536.3065736376806	16.236799719014034
536.3336853928893	14.434395825318846
536.360797148098	12.626671301227011
536.3879089033067	10.817147248652123
536.4150206585153	9.008580204642813
536.442132413724	7.203193660262471
536.4692441689327	5.4027484325032304
536.4963559241414	3.608557634183583
536.5385824851388	0.8286922072579934
536.5808090461362	-1.9317886084954894
536.6230356071336	-4.671871041100066
536.665262168131	-7.391248241700088
536.7074887291284	-10.089039384897655
536.7497152901258	-12.76380201429204
536.7919418511232	-15.397771440426563
536.8341684121206	-17.978605071376105
536.876394973118	-20.515902936257813
536.9186215341153	-23.022115885004485
536.9608480951127	-25.50295474209547
537.0030746561101	-27.97044134108352
537.0453012171075	-30.437100606015893
537.0875277781049	-32.91077879229561
537.1297543391023	-35.38630962683051
537.1719809000997	-37.848100587505044
537.2142074610971	-40.27378087983086
537.2564340220945	-42.642411693645045
537.2986605830919	-44.94290220930061
537.3279942802664	-46.490319274877294
537.3573279774408	-47.97903679184204
537.3866616746153	-49.39492894188384
537.4159953717898	-50.729182933865104
537.4453290689643	-51.97624572374721
537.4746627661387	-53.132414770285166
537.5039964633132	-54.196745500411225
537.5333301604877	-55.17161936167789
537.5626638576622	-56.06185880946933
537.6072059879066	-57.26539953846522
537.651748118151	-58.30960137185888
537.6962902483954	-59.215945876005236
537.7408323786398	-60.004516555146566
537.7853745088842	-60.69319010027875
537.8299166391286	-61.297257881744294
537.874458769373	-61.82950591506785
537.9190008996173	-62.30051528773896
537.9881018765942	-62.9296372519141
538.0572028535711	-63.4577502386598
538.126303830548	-63.904541062076255
538.2408491482678	-64.50439130668873
538.3553944659876	-64.96694705573329
538.4699397837074	-65.3234798587515
538.5844851014273	-65.59629238758572
538.6990304191471	-65.80203060551327
538.8135757368669	-65.95355039881238
538.9281210545868	-66.06079988898398
539.0426663723066	-66.13135164762159
539.1572116900264	-66.17100233600145
539.3594446632902	-66.17978540348008
539.561677636554	-66.12606318234884
539.7639106098178	-66.02327459890807
539.9661435830816	-65.88158328204764
540.1683765563454	-65.70903378057388
540.3706095296092	-65.5120523510225
540.6949712574902	-65.15736311487726
541.0193329853713	-64.76772193113955
541.3436947132524	-64.3537302107157
541.6680564411334	-63.92364099740417
541.9924181690145	-63.48426836071129
542.3167798968956	-63.04105980269474
542.8471463185416	-62.31883805719101
543.3775127401876	-61.61096638966602
543.9078791618336	-60.926285413166646
544.718758490405	-59.93720249290341
545.5296378189763	-59.02994136043713
546.3405171475476	-58.20631012652758
547.151396476119	-57.467774292415896
547.9622758046903	-56.79731877030362
548.7731551332616	-56.216206052629914
549.584034461833	-55.71067368001255
550.3949137904043	-55.25944980761197
551.2057931189756	-54.84574562622083
552.016672447547	-54.463760579867845
552.8275517761183	-54.181588379367234
553.416976176774	-54.04245006225649
554.0064005774298	-53.901777420821546
554.5958249780855	-53.739382556960685
555.1852493787412	-53.56810587472836
555.774673779397	-53.49082763751385
556.1850474020529	-53.499240650293196
556.5954210247088	-53.485840334607545
557.0057946473647	-53.45785733823369
557.4161682700206	-53.45981896388906
557.8265418926766	-53.47955422146717
558.2369155153325	-53.537863881410345
558.5366057358221	-53.5680385929021
558.8362959563118	-53.55922147795362
559.1359861768015	-53.54588882916671
559.4356763972911	-53.56821554568464
559.7353666177808	-53.60696515653426
560.0350568382704	-53.6333187256061
560.3347470587601	-53.64423425695172
560.6344372792497	-53.63599197575486
560.9341274997394	-53.65316347305732
561.233817720229	-53.709716723051905
561.5335079407187	-53.76726165252076
561.8331981612083	-53.79030541737333
562.132888381698	-53.81081188911105
562.4325786021876	-53.87244795373359
562.7322688226773	-53.95758098124399
563.0319590431669	-53.979361899076046
563.2524890066483	-53.9749893497232
563.4730189701296	-54.007750983254645
563.6935489336109	-54.055892533167125
563.9140788970923	-54.08349935902412
564.1346088605736	-54.09070840389222
564.355138824055	-54.13738332709873
564.5756687875363	-54.197097764760215
564.7961987510176	-54.2400040414209
565.016728714499	-54.21328824304831
565.179958688547	-54.2012783954308
565.343188662595	-54.24261999773028
565.506418636643	-54.28764782809412
565.6696486106911	-54.317457256984014
565.8328785847391	-54.33714097249205
565.9961085587871	-54.376295833414666
566.1593385328351	-54.39675610867703
566.3225685068832	-54.41133610654713
566.4857984809312	-54.42376026601183
566.6490284549792	-54.47382997832273
566.8122584290272	-54.49696309403895
566.9292221929469	-54.48834193154169
567.0461859568666	-54.50229098105157
567.1631497207862	-54.53644837943014
567.2801134847059	-54.5674260519543
567.3970772486256	-54.5784138576076
567.5140410125452	-54.58360901342517
567.6310047764649	-54.59770249828038
567.7479685403846	-54.621118703157194
567.8649323043043	-54.64014494578992
567.9818960682239	-54.6530925014745
568.0988598321436	-54.6661675559281
568.2158235960633	-54.68384458267151
568.332787359983	-54.70037206283014
568.4497511239026	-54.714006853443074
568.5667148878223	-54.72788168605843
568.683678651742	-54.74500248148807
568.8006424156616	-54.761133434998534
568.9176061795813	-54.77415151306669
569.034569943501	-54.78679322118268
569.1515337074206	-54.802693176647054
569.2684974713403	-54.81907400922871
569.38546123526	-54.83265563609684
569.5024249991797	-54.84459437879955
569.6193887630993	-54.858788160084615
569.736352527019	-54.87454720372887
569.8533162909387	-54.8886534016359
569.9702800548583	-54.90062981665561
570.087243818778	-54.91360320876587
570.2042075826977	-54.92835098401669
570.3211713466173	-54.94250764238728
570.438135110537	-54.95467905548143
570.5550988744567	-54.9669027718623
570.6720626383764	-54.98065357371166
570.789026402296	-54.99455043705
570.9059901662157	-55.006873934691754
571.0926855935126	-55.02593352514912
571.2793810208094	-55.047206542041934
571.4660764481063	-55.06981359420263
571.6527718754031	-55.09016657221262
571.9733578142925	-55.1232736313485
572.2939437531819	-55.15278479840723
572.6145296920713	-55.18010623764962
573.1491891436236	-55.226916393013
573.9592294901853	-55.30253099956084
574.769269836747	-55.37841746116352
575.5793101833086	-55.446454118337215
576.3893505298703	-55.51322525791044
577.199390876432	-55.571908679055035
578.0094312229936	-55.63928906530364
578.8194715695553	-55.689249718449695
579.6295119161169	-55.74163474526313
580.4395522626786	-55.78767869100004
581.2495926092403	-55.845939990984036
582.0596329558019	-55.90150992053668
582.8696733023636	-55.958522837627974
583.6797136489253	-56.00151642047096
584.4897539954869	-56.04865875099021
585.2997943420486	-56.07767720644944
586.1098346886102	-56.11575135118044
586.9198750351719	-56.15198846890382
587.7299153817336	-56.19976936668555
588.5399557282952	-56.24263209884236
589.3499960748569	-56.28620636971063
590.1600364214186	-56.32127947451774
590.9700767679802	-56.354245177465835
591.7801171145419	-56.38100237384512
592.5901574611036	-56.4157717145203
593.4001978076652	-56.44130150676528
594.2102381542269	-56.46935881255277
595.0202785007885	-56.49334444059738
595.8303188473502	-56.52497790825911
596.6403591939119	-56.549789418310276
597.4503995404735	-56.58571517376128
598.2604398870352	-56.613487966683024
599.0704802335969	-56.64083142580559
599.8805205801585	-56.65851467210486
600.6905609267202	-56.68390183614709
601.5006012732819	-56.70592438270592
602.3106416198435	-56.729478507665334
603.1206819664052	-56.74652287678749
603.9307223129669	-56.76694046186096
604.7407626595285	-56.77835773965481
605.5508030060902	-56.80230384231217
606.3608433526518	-56.82211688316921
607.1708836992135	-56.843297969643096
607.9809240457752	-56.85487023862409
608.7909643923368	-56.87218495807684
609.6010047388985	-56.87828329153163
610.4110450854602	-56.890855690910335
611.2210854320218	-56.902011667905455
612.0311257785835	-56.92118276066363
612.8411661251452	-56.93206902104034
613.6512064717068	-56.95368431733529
614.4612468182685	-56.96864943848936
615.2712871648301	-56.98442691338919
616.0813275113918	-56.99100927895055
616.8913678579535	-57.00432304249531
617.7014082045151	-57.00632000364941
618.5114485510768	-57.01457927830014
619.3214888976385	-57.0213267301266
620.1315292442001	-57.03631539577331
620.9415695907618	-57.04341126680583
621.7516099373235	-57.06084167207593
622.5616502838851	-57.071804821002644
623.3716906304468	-57.08360423276065
624.1817309770084	-57.086794295438025
624.9917713235701	-57.096402935528246
625.8018116701318	-57.095605021480836
626.6118520166934	-57.100696633367
627.4218923632551	-57.10447028393686
628.2319327098168	-57.115841134228965
629.0419730563784	-57.120115943950886
629.8520134029401	-57.13366885150447
630.6620537495018	-57.13191810252825
631.4720940960634	-57.13524401360204
632.2821344426251	-57.13604931220069
633.0921747891867	-57.14703759387097
633.9022151357484	-57.150170817429895
634.7122554823101	-57.16464946722603
635.5222958288717	-57.171617328193705
636.3323361754334	-57.17934776075439
637.1423765219951	-57.1781048017547
637.9524168685567	-57.18398305663579
638.7624572151184	-57.18749359464002
639.57249756168	-57.193142047367
640.3825379082417	-57.193548972535694
641.1925782548034	-57.19680372309216
642.002618601365	-57.19360527944837
642.8126589479267	-57.20024607206112
643.6226992944884	-57.196997136138584
644.43273964105	-57.19769111212115
645.2427799876117	-57.19540202233387
646.0528203341734	-57.20148592214914
646.862860680735	-57.20205743486136
647.6729010272967	-57.211978776145955
648.4829413738584	-57.20608911476762
649.29298172042	-57.205124866394506
650.1030220669817	-57.20223844482737
650.9130624135433	-57.20932816407857
651.723102760105	-57.208797787019385
652.5331431066667	-57.218831324464986
653.3431834532283	-57.21085551048502
654.15322379979	-57.209045852549444
654.9632641463517	-57.21311055047241
655.7733044929133	-57.21528703421638
656.583344839475	-57.22102063567744
657.3933851860367	-57.21839369970692
658.2034255325983	-57.22145859381378
659.01346587916	-57.21500040437035
659.8235062257216	-57.21374396937616
660.6335465722833	-57.210984014284264
661.443586918845	-57.21511074614568
662.2536272654066	-57.21334915504593
663.0636676119683	-57.219997485469456
663.87370795853	-57.21324860500238
664.6837483050916	-57.210855117599515
665.4937886516533	-57.20638104370929
666.303828998215	-57.21083045346449
667.1138693447766	-57.20873097702224
667.9239096913383	-57.21628113027251
668.7339500379	-57.20756139642511
669.5439903844616	-57.204287705441516
670.3540307310233	-57.198915680628865
671.1640710775849	-57.20004629988186
671.9741114241466	-57.20043558500934
672.7841517707083	-57.204877174719705
673.5941921172699	-57.20186225656528
674.4042324638316	-57.20508588416789
675.2142728103933	-57.19824888859233
676.0243131569549	-57.19576100126929
676.8343535035166	-57.19137129818726
677.6443938500782	-57.19422263724682
678.4544341966399	-57.19146376450055
679.2644745432016	-57.19720487619816
680.0745148897632	-57.189086021096216
680.8845552363249	-57.1854649992355
681.6945955828866	-57.17989882337723
682.5046359294482	-57.183474845151146
683.3146762760099	-57.18027438370763
684.1247166225716	-57.18701794747326
684.9347569691332	-57.17706407450806
685.7447973156949	-57.172799466555425
686.5548376622565	-57.16636503219349
687.3648780088182	-57.16671621451398
688.1749183553799	-57.16633816652293
688.9849587019415	-57.17025760676805
689.7949990485032	-57.16637682980285
690.6050393950649	-57.169134802320286
691.4150797416265	-57.16123004871063
692.2251200881882	-57.157989386892964
693.0351604347499	-57.152751359851734
693.8452007813115	-57.155299015871904
694.6552411278732	-57.15182290509039
695.4652814744348	-57.15761166434565
696.2753218209965	-57.14835963145517
697.0853621675582	-57.14404780493701
697.8954025141198	-57.137610675586764
698.7054428606815	-57.141254673299585
699.5154832072432	-57.137422163772705
700.3255235538048	-57.144727033762656
701.1355639003665	-57.14497538434052
701.9456042469282	-57.14624659201489
702.7556445934898	-57.138904914556434
703.5656849400515	-57.1335629984664
704.3757252866131	-57.126973459571474
705.1857656331748	-57.12692789282507
705.9958059797365	-57.123620905907984
706.8058463262981	-57.126700736862006
707.6158866728598	-57.11893696170041
708.4259270194215	-57.11471617979511
709.2359673659831	-57.10941670377864
710.0460077125448	-57.11109759894046
710.8560480591065	-57.10751760036128
711.6660884056681	-57.11162550430978
712.4761287522298	-57.10296752238884
713.2861690987914	-57.10854272114636
714.0962094453531	-57.10868653133042
714.9062497919148	-57.11189392052117
715.7162901384764	-57.10396026193522
716.5263304850381	-57.10323094598384
717.3363708315998	-57.08949389892846
718.1464111781614	-57.084452546602094
718.9564515247231	-57.078679451872425
719.7664918712848	-57.078478156563826
720.5765322178464	-57.076564367705025
721.3865725644081	-57.07934078416354
722.1966129109697	-57.07535478597245
723.0066532575314	-57.078272712718544
723.8166936040931	-57.06976153116109
724.6267339506547	-57.06597829231127
725.4367742972164	-57.06045402467699
726.2468146437781	-57.06310725011466
727.0568549903397	-57.059340344015496
727.8668953369014	-57.065362314775356
728.6769356834631	-57.05542294438661
729.4869760300247	-57.050898675867316
730.2970163765864	-57.044086971625
731.107056723148	-57.0482641931524
731.9170970697097	-57.04418874160539
732.7271374162714	-57.0527293549305
733.537177762833	-57.053457984068935
734.3472181093947	-57.05535445960601
735.1572584559564	-57.04747795317753
735.967298802518	-57.04186826260664
736.7773391490797	-57.03480086438612
737.5873794956414	-57.03529895017087
738.397419842203	-57.03197937670978
739.2074601887647	-57.03632443204473
740.0175005353263	-57.02770594461309
740.827540881888	-57.02335240070528
741.6375812284497	-57.01764930419236
742.4476215750113	-57.020520273884046
743.257661921573	-57.01688484918062
744.0677022681347	-57.022992250061876
744.8777426146963	-57.012887698789925
745.687782961258	-57.008464078286224
746.4978233078197	-57.001820771411865
747.3078636543813	-57.00638052701687
748.117904000943	-57.002387559210334
748.9279443475046	-57.01152119544385
749.7379846940663	-57.012645423921896
750.548025040628	-57.0150109822601
751.3580653871896	-57.00717004158077
752.1681057337513	-57.001677815821225
752.978146080313	-56.994648635589684
753.7881864268746	-56.995566922630815
754.5982267734363	-56.99244618140157
755.408267119998	-56.997495645312526
756.2183074665596	-56.98872683398514
757.0283478131213	-56.98451366957804
757.838388159683	-56.97883417240676
758.6484285062446	-56.982387826277716
759.4584688528063	-56.978904998750295
760.2685091993679	-56.98605250459151
761.0785495459296	-56.975484160061136
761.8885898924913	-56.97113928385618
762.6986302390529	-56.964338118118356
763.5086705856146	-56.96989328840273
764.3187109321763	-56.96595534846009
765.1287512787379	-56.97666960355428
765.9387916252996	-56.97851147561834
766.7488319718613	-56.98173783559391
767.5588723184229	-56.97355481615653
768.3689126649846	-56.96797385405284
769.1789530115462	-56.96063668971469
769.9889933581079	-56.962241269136904
770.7990337046696	-56.9592758879393
771.6090740512312	-56.965616001816834
772.4191143977929	-56.96590681863331
773.2291547443546	-56.96683145743627
774.0391950909162	-56.960909320294775
774.8492354374779	-56.961485838517234
775.6592757840396	-56.95267514273627
776.4693161306012	-56.949255677797645
777.2793564771629	-56.94478015224938
778.0893968237245	-56.947942569422054
778.8994371702862	-56.94460688271442
779.7094775168479	-56.95089027730109
780.5195178634095	-56.94176095110476
781.3295582099712	-56.938112036737046
782.1395985565329	-56.932103848991204
782.9496389030945	-56.937196568430295
783.7596792496562	-56.93390431532828
784.5697195962179	-56.93327083970961
785.3797599427795	-56.92887623495831
786.1898002893412	-56.93158245409677
786.9998406359028	-56.92988341122102
787.8098809824645	-56.93787308459201
788.6199213290262	-56.939490060510906
789.4299616755878	-56.94089583537514
790.2400020221495	-56.93562102524656
791.0500423687112	-56.93694254519687
791.8600827152728	-56.92928314841781
792.6701230618345	-56.93512439116971
793.4801634083962	-56.936378964655034
794.2902037549578	-56.940009927421656
795.1002441015195	-56.93387326351665
795.9102844480811	-56.93457263805035
796.7203247946428	-56.9231979207814
797.5303651412045	-56.91963128239471
798.3404054877661	-56.91524635145549
799.1504458343278	-56.920287288252155
799.9604861808895	-56.91650541534532
800.7705265274511	-56.915538969990585
801.5805668740128	-56.912029460730984
802.3906072205745	-56.914862845084336
803.2006475671361	-56.91330686791337
804.0106879136978	-56.920303420266855
804.8207282602594	-56.91351283727222
805.6307686068211	-56.91081206468978
806.4408089533828	-56.906085089107094
807.2508492999444	-56.910948656365264
808.0608896465061	-56.90870897806774
808.8709299930678	-56.9177178525384
809.6809703396294	-56.91974824684412
810.4910106861911	-56.92285036480902
811.3010510327528	-56.917083183496175
812.1110913793144	-56.919019767660664
812.9211317258761	-56.90904425392888
813.7311720724377	-56.90603791389903
814.5412124189994	-56.90177249503187
815.3512527655611	-56.907070998411726
816.1612931121227	-56.90391249579206
816.9713334586844	-56.903408011123815
817.7813738052461	-56.90007158973138
818.5914141518077	-56.90315565365962
819.4014544983694	-56.901972926486266
820.211494844931	-56.90949894636457
821.0215351914927	-56.90292931081542
821.8315755380544	-56.9004665074592
822.641615884616	-56.89597440477792
823.4516562311777	-56.9012452048934
824.2616965777394	-56.89926800315977
825.071736924301	-56.908721646526836
825.8817772708627	-56.911081721290834
826.6918176174244	-56.9145515076732
827.501857963986	-56.9089729596535
828.3118983105477	-56.91123896183549
829.1219386571094	-56.901315360045075
829.931979003671	-56.89851987822995
830.7420193502327	-56.89444312603402
831.5520596967943	-56.90014831207851
832.362100043356	-56.897177818666215
833.1721403899177	-56.896928762413545
833.9821807364793	-56.89377992531176
834.792221083041	-56.89721344760114
835.6022614296027	-56.89625513406503
836.4123017761643	-56.90424252164249
837.222342122726	-56.897739582518106
838.0323824692877	-56.89546120811933
838.8424228158493	-56.891087548463766
839.652463162411	-56.89676101234752
840.4625035089726	-56.894961317104595
841.2725438555343	-56.90494581261888
842.082584202096	-56.907621680310505
842.8926245486576	-56.911435552926214
843.7026648952193	-56.905917986471465
844.512705241781	-56.90848105991865
845.3227455883426	-56.89846130313414
846.1327859349043	-56.89579699853643
846.942826281466	-56.891807886309465
847.7528666280276	-56.89791558340256
848.5629069745893	-56.895051750361255
849.372947321151	-56.895000122424705
850.1829876677126	-56.89194971405249
850.9930280142743	-56.89570346110785
851.8030683608359	-56.89490499802687
852.6131087073976	-56.90335651751957
853.4231490539593	-56.90587822124229
854.2331894005209	-56.90841258834523
855.0432297470826	-56.90433349675119
855.8532700936443	-56.906586388898965
856.6633104402059	-56.89995725160863
857.4733507867676	-56.906813444109105
858.2833911333292	-56.90911857942916
859.0934314798909	-56.91372038497173
859.9034718264526	-56.908583309596
860.7135121730142	-56.910303921734524
861.5235525195759	-56.89992073054265
862.3335928661376	-56.89731294427298
863.1436332126992	-56.89384469573448
863.9536735592609	-56.899860950325014
864.7637139058226	-56.896987600469906
865.5737542523842	-56.89694653160908
866.3837945989459	-56.8943130027377
867.1938349455075	-56.89808930869558
868.0038752920692	-56.89740217590463
868.8139156386309	-56.90541967780883
869.6239559851925	-56.899376841365516
870.4339963317542	-56.89748715554111
871.2440366783159	-56.893510849447026
872.0540770248775	-56.89932685680673
872.8641173714392	-56.897862040214015
873.6741577180009	-56.90792939220971
874.4841980645625	-56.910836205288646
875.2942384111242	-56.91482429384533
876.1042787576858	-56.909698226227896
876.9143191042475	-56.912471534411694
877.7243594508092	-56.90297809969067
878.5343997973708	-56.90063945952863
879.3444401439325	-56.89699505391357
880.1544804904942	-56.9031870276361
880.9645208370558	-56.90065116553199
881.7745611836175	-56.90084163246526
882.5846015301792	-56.898103482748446
883.3946418767408	-56.901975594335646
884.2046822233025	-56.90142983506907
885.0147225698641	-56.90985681893868
885.8247629164258	-56.903727949666525
886.6348032629875	-56.90183163409931
887.4448436095491	-56.897830321951574
888.2548839561108	-56.90389401730251
889.0649243026725	-56.90246270661101
889.8749646492341	-56.91280819638761
890.6850049957958	-56.915831602457935
891.4950453423575	-56.91998503680019
892.3050856889191	-56.91480556011667
893.1151260354808	-56.917682721150165
893.9251663820424	-56.90801283977256
894.7352067286041	-56.90567371956553
895.5452470751658	-56.90201136840178
896.3552874217274	-56.908390407975254
897.1653277682891	-56.90584404161481
897.9753681148508	-56.90608125575761
898.7854084614124	-56.90333398249972
899.5954488079741	-56.907330567816764
900.4054891545358	-56.906815291331725
901.2155295010974	-56.91543294707982
902.0255698476591	-56.918173334372376
902.8356101942207	-56.920917346810235
903.6456505407824	-56.91712976105356
904.4556908873441	-56.91957745545473
905.2657312339057	-56.91328634003328
906.0757715804674	-56.920237653830185
906.8858119270291	-56.92271001153533
907.6958522735907	-56.92742779058796
908.5058926201524	-56.92259019006971
909.3159329667141	-56.92445990574533
910.1259733132757	-56.914515334929085
910.9360136598374	-56.91216244492129
911.746054006399	-56.90896571586003
912.5560943529607	-56.91500070742513
913.3661346995224	-56.91239270894175
914.176175046084	-56.91252559067565
914.9862153926457	-56.91013571102336
915.7962557392074	-56.91395182797211
916.606296085769	-56.913454450966825
917.4163364323307	-56.92134329990686
918.2263767788924	-56.915677501021015
919.036417125454	-56.91400174094572
919.8464574720157	-56.9103253005328
920.6564978185773	-56.91604186621414
921.466538165139	-56.914784609328024
922.2765785117007	-56.92452632264332
923.0866188582623	-56.92741065300448
923.896659204824	-56.93132441465906
924.7066995513857	-56.92654322222978
925.5167398979473	-56.92928042976625
926.326780244509	-56.92037955410238
927.1368205910707	-56.9182658415896
927.9468609376323	-56.914913310666925
928.756901284194	-56.920861291454564
929.5669416307557	-56.91857664894298
930.3769819773173	-56.91884886496458
930.9999999999793	-56.91860597149267
931.0000000000103	-56.91860597149267
931.0006639055974	-56.963545426500275
931.0013278111845	-57.00580698079056
931.0023906831557	-57.07007742406551
931.0034535551268	-57.130912880792536
931.0061391201152	-57.27488585462542
931.0088246851036	-57.40886441806775
931.011510250092	-57.53649379121654
931.0141958150804	-57.65953848133112
931.0184671174102	-57.848160766568995
931.02273841974	-58.02929266976891
931.0270097220698	-58.204194494345636
931.0342537924405	-58.4889917316193
931.0414978628112	-58.76108650894409
931.0552093186727	-59.24753351764594
931.0689207745343	-59.70371568408238
931.0826322303958	-60.134947664833085
931.0963436862573	-60.54450922406618
931.1100551421189	-60.934850060343514
931.1334899422468	-61.562852327799035
931.1569247423747	-62.148447412794766
931.1803595425026	-62.69780929415288
931.2170298434776	-63.495018819866196
931.2537001444525	-64.22746326457364
931.2903704454275	-64.90492729995529
931.357120456162	-66.02099815957384
931.4238704668965	-67.01222469769213
931.490620477631	-67.90084932872485
931.5573704883655	-68.70440092399483
931.6241204991	-69.43694900984558
931.6908705098344	-70.10911879343
931.8012792656339	-71.10946042028637
931.9116880214333	-71.99342176924067
932.0220967772327	-72.7807213986022
932.1325055330321	-73.48727277989235
932.2429142888316	-74.12594807129588
932.414861895861	-75.00866233946064
932.5868095028904	-75.77929544364635
932.7587571099199	-76.45838567852236
932.9307047169493	-77.06181529585264
933.1026523239788	-77.6022444908303
933.3762385644109	-78.35633346048147
933.649824804843	-79.00522957524765
933.9234110452751	-79.56891617702443
934.1969972857072	-80.06211689882005
934.4705835261393	-80.49629901857008
934.7441697665714	-80.88035050951775
935.2086840304113	-81.43641938879753
935.6731982942512	-81.89160391181798
936.137712558091	-82.2626052058137
936.6022268219309	-82.56257981679761
937.0667410857708	-82.80252563530948
937.7687899843125	-83.070482412459
938.4708388828543	-83.24485255306713
939.1728877813961	-83.34353962608397
939.8749366799378	-83.38104309532703
940.5769855784796	-83.3694620504799
941.6566865667739	-83.27844592535921
942.7363875550683	-83.12297270973225
943.8160885433626	-82.92367457906761
944.895789531657	-82.69601332948709
945.9754905199513	-82.45173224462032
947.0551915082457	-82.19957638155279
948.7175894686774	-81.81013026912271
950.3799874291091	-81.43167009411556
952.0423853895408	-81.07182206400184
953.7047833499724	-80.73487415434451
955.3671813104041	-80.42248707397853
957.0295792708358	-80.1346486802722
960.0829087424736	-79.66714449703922
963.1362382141114	-79.27005332427514
966.1895676857491	-78.93123730037577
969.2428971573869	-78.64255888641571
972.2962266290247	-78.39453594251547
975.3495561006624	-78.17987031898073
978.4028855723002	-77.99773271596129
981.456215043938	-77.83918955832323
984.5095445155757	-77.69958572214202
987.5628739872135	-77.58019938237312
990.6162034588513	-77.47412088481755
993.669532930489	-77.37952546298607
996.7228624021268	-77.30155801563546
999.7761918737646	-77.22837708869974
1002.8295213454023	-77.1623362002633
1005.8828508170401	-77.11453093943642
1008.9361802886779	-77.06003041654147
1010.9789438671748	-77.01992653510291
1012.4736927873957	-77.00213892966292
1013.9684417076166	-76.9871766389121
1015.4631906278375	-76.97072331413229
1016.9579395480584	-76.95281654910154
1018.4526884682793	-76.9356672277182
1019.9474373885002	-76.92122976972998
1021.4421863087211	-76.9076635934777
1022.936935228942	-76.89327436269004
1024.431684149163	-76.87947898832353
1025.9264330693838	-76.86680903629048
1027.4211819896047	-76.854917373225
1029.776211402925	-76.83750556091265
1032.131240816245	-76.82191696138734
1034.4862702295652	-76.80766790324924
1036.8412996428854	-76.792864751031
1039.1963290562055	-76.77811176920369
1041.5513584695257	-76.76507860337952
1043.9063878828458	-76.75323413598011
1046.261417296166	-76.74238338974044
1048.6164467094861	-76.73273096421869
1052.8338963783417	-76.7164201790835
1057.0513460471973	-76.70115832305271
1061.2687957160529	-76.68796703764927
1065.4862453849084	-76.67705109505505
1074.8007927995986	-76.6546765429218
1084.1153402142888	-76.63810671418001
1098.1007071493163	-76.61571823161565
1112.0860740843439	-76.60127459428118
1126.0714410193714	-76.59095072465742
1130.999999999975	-76.58551531862794
1131.0000000000127	-76.58551531862794
