t	v
0.0	-70.0
0.0005122051214851591	-70.00142624263161
0.0020642550446181786	-70.00550395543893
0.004862163606450431	-70.01228927130938
0.007660072168282683	-70.01865712155885
0.01296053588152693	-70.03001171562579
0.021066402077356647	-70.04606981757348
0.03674555506970888	-70.0741788798645
0.05242470806206111	-70.09930372674664
0.06810386105441334	-70.12214629531219
0.08378301404676557	-70.14304456657572
0.0994621670391178	-70.16220745298138
0.12741487028482976	-70.19260040912198
0.1553675735305417	-70.21878894483707
0.21140176720791992	-70.26128920025391
0.26743596088529814	-70.29380779371955
0.32347015456267636	-70.31916488314425
0.3795043482400546	-70.33906587288189
0.48010023529986046	-70.36506199158698
0.6422313070699849	-70.38819005686918
0.8043623788401093	-70.39488291167167
0.9664934506102337	-70.39129704607939
1.1286245223803582	-70.38125793008507
1.2907555941504825	-70.36712739744921
1.452886665920607	-70.35034863950482
1.7241511473053786	-70.31864126157531
1.99541562869015	-70.28421322937558
2.5116623617322236	-70.21524315481653
3.027909094774297	-70.1460527595712
3.5441558278163705	-70.07866621888805
4.060402560858444	-70.01344579516334
4.576649293900518	-69.9508129300794
5.479886809195295	-69.84800176453743
6.383124324490073	-69.75453620936068
7.28636183978485	-69.67074488927533
8.189599355079627	-69.59627584107825
9.092836870374404	-69.53066378297157
10.479881610594305	-69.4457428260668
11.866926350814206	-69.37805944957249
13.253971091034106	-69.32536641083668
14.641015831254007	-69.28552715377225
16.028060571473908	-69.25666775314649
17.415105311693807	-69.23709398111578
18.802150051913706	-69.22527410836335
20.189194792133605	-69.2197990151118
21.576239532353505	-69.21946584213454
22.963284272573404	-69.22332563254562
24.350329012793303	-69.23059739336013
25.737373753013202	-69.24050911326681
27.1244184932331	-69.25258176260803
27.879480435524705	-69.25994212132123
28.63454237781631	-69.26778669183477
29.389604320107914	-69.27600984010544
30.582730631416798	-69.28949273376878
31.77585694272568	-69.30327511114963
32.96898325403457	-69.31713176775472
34.16210956534346	-69.33095439396867
35.355235876652344	-69.34470565612074
36.54836218796123	-69.35834175933499
37.74148849927012	-69.3717932091056
38.934614810579006	-69.3849909062714
40.127741121887894	-69.3978672765176
41.32086743319678	-69.41037874075988
42.51399374450567	-69.42253930696076
43.707120055814556	-69.43432137009583
44.38493429819474	-69.4408094643726
45.06274854057493	-69.44711346371798
45.74056278295512	-69.45322794844026
46.4183770253353	-69.45916755330126
47.09619126771549	-69.4649544908708
47.77400551009568	-69.47061190179393
48.45181975247586	-69.47615232525237
49.875998802377914	-69.4873803631271
51.300177852279965	-69.49803981638405
52.724356902182016	-69.5081448063107
53.301667910381234	-69.51203570236552
53.87897891858045	-69.51583205464135
55.09281202285746	-69.52339101959792
57.18801876978458	-69.5351077134522
59.283225516711695	-69.54583013164854
61.378432263638814	-69.55539712706822
63.47363901056593	-69.56396570156856
67.48370515727353	-69.57835626798726
71.49377130398113	-69.58991309393066
75.50383745068874	-69.59925430802703
81.79203670656686	-69.61035575925632
88.08023596244499	-69.61736409534929
94.36843521832311	-69.6221716528055
95.94048503229264	-69.62313400391793
97.51253484626217	-69.62401005562783
99.0845846602317	-69.62482171070731
100.65663447420123	-69.62555068455818
102.22868428817075	-69.62620095260583
103.80073410214028	-69.62676842970703
105.37278391610981	-69.62726244044207
106.94483373007934	-69.627711474544
108.51688354404887	-69.6281026849926
110.0889333580184	-69.62842046541398
111.66098317198792	-69.6287122428863
113.23303298595745	-69.6289908665257
114.80508279992698	-69.6291928381445
116.3771326138965	-69.62933119856525
117.94918242786603	-69.62942976607964
119.52123224183556	-69.62948978396092
121.09328205580509	-69.62955107988006
122.66533186977462	-69.62965649824093
124.23738168374415	-69.62974362340974
125.80943149771367	-69.62979090509869
127.3814813116832	-69.62982243368133
128.95353112565275	-69.62981019010914
130.52558093962227	-69.62976134472746
132.0976307535918	-69.62977378961489
133.66968056756133	-69.62985038724243
135.24173038153086	-69.6299642440597
136.81378019550039	-69.6301146162598
138.3858300094699	-69.63025008124426
139.95787982343944	-69.6303123881857
141.52992963740897	-69.63037453963221
143.1019794513785	-69.63046145343962
144.67402926534803	-69.63044428461278
146.24607907931755	-69.63034508694487
147.81812889328708	-69.63021663135265
149.3901787072566	-69.63012742505131
150.96222852122614	-69.63009928973021
152.53427833519567	-69.63007361794237
154.1063281491652	-69.63004730229574
155.67837796313472	-69.63008905519395
157.25042777710425	-69.6301348784296
158.82247759107378	-69.63015225752832
160.3945274050433	-69.63014461872805
161.96657721901283	-69.63010337323283
164.95974260286886	-69.63007309174853
167.95290798672488	-69.63010502256517
170.9460733705809	-69.62998537934347
173.93923875443693	-69.62988910093475
176.93240413829295	-69.6298602377435
179.92556952214898	-69.62958070431777
180.67386086811297	-69.62947302501615
181.42215221407696	-69.62937130277689
182.17044356004095	-69.62928098156084
183.3617063966931	-69.62921450479314
184.55296923334527	-69.62920013583185
185.74423206999742	-69.62921943292524
187.73757163252841	-69.62929105749046
193.66485402195792	-69.62949606444609
199.59213641138743	-69.6296595240177
205.51941880081694	-69.6298312098318
217.9703786615836	-69.62963387752474
230.42133852235025	-69.63023632164644
234.77394290647533	-69.630106824772
239.1265472906004	-69.630102071062
243.47915167472547	-69.63010681753966
247.83175605885054	-69.62990262608861
252.18436044297562	-69.62991604552695
256.5369648271007	-69.62997573248914
260.88956921122576	-69.62977208588896
265.24217359535083	-69.62982567667521
269.5947779794759	-69.62973875655017
270.68292907550716	-69.62972182592249
271.7710801715384	-69.62971923904223
273.9375801091738	-69.62972162123731
276.10408004680914	-69.62970720807596
280.3978233610026	-69.62975221063004
284.6915666751961	-69.62974389614403
288.9853099893896	-69.62969016087052
295.7277231231292	-69.62981380171948
302.4701362568688	-69.62971308730533
309.2125493906084	-69.62987462269625
310.8981526740433	-69.62988310875971
312.58375595747816	-69.62989844899379
314.26935924091305	-69.62990688214497
316.86713908682776	-69.6298753106514
319.4649189327425	-69.6298621133578
322.0626987786572	-69.62986759652756
326.70747415205915	-69.62983783510745
331.3522495254611	-69.62988253591199
335.99702489886306	-69.62992661018694
340.641800272265	-69.62981272014194
345.28657564566697	-69.62986035886395
349.9313510190689	-69.62995335244183
354.5761263924709	-69.62980079873006
359.22090176587284	-69.62986540339641
363.8656771392748	-69.6298253724502
368.51045251267675	-69.62984562164694
373.1552278860787	-69.62993050973836
377.80000325948066	-69.62987343634828
382.4447786328826	-69.62990688933027
387.0895540062846	-69.6298491149998
391.7343293796865	-69.62982209883276
396.3791047530885	-69.62991892507684
401.02388012649044	-69.6299419404298
405.6686554998924	-69.6297776209351
410.31343087329435	-69.62985771783458
414.9582062466963	-69.62990603510163
419.60298162009826	-69.62988547487956
424.2477569935002	-69.62984404282258
428.8925323669022	-69.62989788805464
433.53730774030413	-69.62996355217828
438.1820831137061	-69.62985654707335
442.82685848710804	-69.62979371434565
447.47163386051	-69.63001546845103
448.63282770386047	-69.63004991310191
449.79402154721095	-69.63005994858698
451.8644450059295	-69.63006464022213
453.93486846464805	-69.63005318310042
458.5424289216159	-69.63002595925502
463.14998937858377	-69.63001338510472
467.75754983555163	-69.62995999505908
472.3651102925195	-69.62990257729287
476.97267074948735	-69.6299392990451
481.5802312064552	-69.62996593792643
486.18779166342307	-69.62994529365778
490.79535212039093	-69.63004758793518
495.4029125773588	-69.63004920327174
500.01047303432665	-69.63004449311826
507.10467281437684	-69.62996244237355
514.198872594427	-69.62997201474037
521.2930723744772	-69.63001438260801
528.3872721545274	-69.62986204831188
530.9999999999882	-69.62984556491061
531.0000000000059	-69.62984556491061
531.000173197885	-69.6252578240174
531.0006210535729	-69.61442385275886
531.0017214835759	-69.59088365678032
531.0035428121981	-69.55671696767511
531.0053641408203	-69.52577520278125
531.0083745281387	-69.48019452360091
531.0129215638575	-69.41714431990496
531.0174685995763	-69.35975121185939
531.0282306865955	-69.23834288945135
531.0389927736147	-69.13174589939392
531.0497548606339	-69.03492294030917
531.0605169476531	-68.94528648029593
531.0775192763203	-68.81453531941969
531.0945216049876	-68.69499390095518
531.1115239336548	-68.58447083174553
531.1395913949998	-68.41770524102684
531.1676588563448	-68.26674186427972
531.2218406185382	-68.00937947021683
531.2760223807315	-67.78483080386486
531.3302041429249	-67.58457198425833
531.3843859051183	-67.40382566376698
531.4385676673116	-67.23916827627953
531.5254509251056	-67.0022821782788
531.6123341828995	-66.79113117073712
531.6992174406935	-66.59941769612234
531.834347400988	-66.33054343333103
531.9694773612825	-66.08804414639393
532.1046073215771	-65.86497991389683
532.3659096878707	-65.47198426326115
532.6272120541644	-65.11555798753068
532.888514420458	-64.7874829885953
533.1498167867517	-64.48082073879672
533.4111191530453	-64.1904530506496
533.672421519339	-63.91335218880255
534.0711517493776	-63.51315620492894
534.6806973332509	-62.94876674446357
535.2902429171243	-62.43281872218795
535.8997885009976	-61.959233420627875
536.5093340848709	-61.523326112901685
537.1188796687443	-61.12103573263675
537.7284252526176	-60.74916961236466
538.658335813035	-60.23357364060667
539.5882463734524	-59.77204545023243
540.5181569338698	-59.35659072647425
541.4480674942872	-58.98051714815367
542.3779780547046	-58.6377549005535
543.307888615122	-58.323255174646164
544.2377991755394	-58.03222831902584
545.1677097359568	-57.76111161529148
546.0976202963742	-57.50534543909675
547.0275308567916	-57.2617107389605
547.957441417209	-57.026381671753235
548.8873519776264	-56.795842139169295
549.8172625380438	-56.565186576120524
550.7471730984612	-56.33039455659816
551.6770836588786	-56.08271896447584
552.606994219296	-55.810140016426395
553.5369047797134	-55.498359972816985
554.4668153401308	-55.1109007162271
554.9510623893487	-54.85636952896647
555.4353094385667	-54.53221036236476
555.5563712008712	-54.43611156137824
555.6774329631758	-54.331333480116136
555.7984947254803	-54.21589351645844
555.9195564877848	-54.087002080715465
556.0406182500893	-53.94057242372301
556.1124056911017	-53.84317933804828
556.184193132114	-53.735463540832015
556.2295350892555	-53.66088463176753
556.2748770463969	-53.5799672435969
556.3202190035383	-53.49115915387136
556.3315544928237	-53.4675203168339
556.342889982109	-53.44321879634059
556.3657700953333	-53.3919238495575
556.3886502085577	-53.337192350871014
556.411530321782	-53.27835474041577
556.4344104350064	-53.21448758589845
556.4455119300371	-53.18135348412144
556.4566134250679	-53.14656207797091
556.4677149200986	-53.10987737822343
556.4788164151294	-53.07101316849101
556.4899179101601	-53.02961883291947
556.5010194051908	-52.98526487614602
556.5121209002216	-52.93742888176184
556.5232223952523	-52.885482468344236
556.5343238902831	-52.82868071761604
556.5454253853138	-52.766155890629335
556.5565268803446	-52.696917122814234
556.5676283753753	-52.61985734691071
556.578729870406	-52.53376852578416
556.5898313654368	-52.437367098388364
556.6009328604675	-52.32933264343905
556.6120343554983	-52.208363967125216
556.623135850529	-52.07325625470418
556.6342373455598	-51.922995740644545
556.6453388405905	-51.756852607556006
556.6564403356213	-51.57443774057692
556.667541830652	-51.37569247671584
556.6786433256827	-51.160803338908785
556.6897448207135	-50.9300708191902
556.7008463157442	-50.68379867143426
556.711947810775	-50.42225496959603
556.7230493058057	-50.145704212417215
556.7341508008365	-49.854475866919586
556.7519616335553	-49.35779940150566
556.7697724662742	-48.827091365478836
556.787583298993	-48.26512593505705
556.8053941317119	-47.673800906315336
556.8232049644307	-47.05255537186899
556.8410157971496	-46.397255236257216
556.8588266298684	-45.69985490584871
556.8766374625873	-44.948219795129305
556.8944482953061	-44.1252649077107
556.912259128025	-43.207404931405264
556.9300699607438	-42.162471709181354
556.9417627062412	-41.38731760765986
556.9534554517386	-40.52379256191222
556.965148197236	-39.5537404794443
556.9768409427334	-38.456330664220296
556.9885336882307	-37.20836915664733
557.0002264337281	-35.78469502737937
557.0119191792255	-34.1583399889832
557.0236119247229	-32.30009261606097
557.0353046702203	-30.177291286255258
557.0469974157177	-27.752421382272512
557.058690161215	-24.98233598765507
557.0703829067124	-21.81950516327169
557.0820756522098	-18.217917919551063
557.0937683977072	-14.147203182385638
557.1054611432046	-9.6171847880614
557.117153888702	-4.704272236312993
557.124532784539	-1.4779026079944488
557.1319116803761	1.7710887240488737
557.1392905762132	4.968045024363326
557.1466694720502	8.040308004009614
557.1540483678873	10.92527237905482
557.1614272637244	13.576056987018983
557.1688061595614	15.964240951770265
557.1761850553985	18.07932216527517
557.1835639512356	19.925395540122132
557.1909428470726	21.516662188463844
557.1983217429097	22.873255754897222
557.2057006387467	24.018036840562736
557.2130795345838	24.974379546439355
557.2204584304209	25.76476272073242
557.2278373262579	26.409967268185568
557.235216222095	26.928703654533305
557.2425951179321	27.337521352753047
557.2499740137691	27.650886719518898
557.2573529096062	27.881348948290523
557.2647318054433	28.039741083795054
557.2721107012803	28.13540259878829
557.2794895971174	28.176321098051204
557.2868684929545	28.169369350212285
557.2942473887915	28.120468632455008
557.3016262846286	28.034715317181877
557.3090051804656	27.916498078741768
557.3163840763027	27.769605017077918
557.3237629721398	27.5973152416329
557.3311418679768	27.40247446817576
557.3385207638139	27.18755754268225
557.345899659651	26.95472100559718
557.353278555488	26.705847812997096
557.3606574513251	26.44258554058322
557.3680363471622	26.166379018472895
557.3754152429992	25.878498202984
557.3827941388363	25.580062068815995
557.3901730346734	25.27205922096173
557.3975519305104	24.955365706282027
557.4049308263475	24.63076033087309
557.4123097221845	24.298937789924246
557.4196886180216	23.960520073069464
557.4270675138587	23.616065803370308
557.4344464096957	23.26607901039274
557.4418253055328	22.91101612662344
557.4492042013699	22.551291886196847
557.4565830972069	22.187284387218003
557.463961993044	21.819339435172363
557.4713408888811	21.44777428073028
557.4787197847181	21.072880871320102
557.4860986805552	20.694928683949517
557.4934775763923	20.31416722113337
557.5008564722293	19.930828176563452
557.5082353680664	19.545127335698396
557.5156142639034	19.157266286466456
557.5229931597405	18.767433930972498
557.5303720555776	18.375807779170245
557.5377509514146	17.98255504374718
557.5451298472517	17.58783356894345
557.5525087430888	17.19179260910208
557.5598876389258	16.794573464422474
557.5672665347629	16.39630999382822
557.5746454306	15.997129040806403
557.582024326437	15.59715080332575
557.5894032222741	15.19648916653363
557.5967821181112	14.795252009308923
557.6041610139482	14.393541488249001
557.6115399097853	13.99145429720447
557.6189188056223	13.589081903821016
557.6262977014594	13.186510771820101
557.6336765972965	12.78382257795995
557.6410554931335	12.381094425474297
557.6484343889706	11.978399050947672
557.6558132848077	11.575805023787645
557.6631921806447	11.173376941526392
557.6705710764818	10.771175626186952
557.6779499723189	10.369258323688419
557.6853288681559	9.96767889348177
557.692707763993	9.566487971732002
557.70008665983	9.165733110760351
557.7074655556671	8.765458912006082
557.7148444515042	8.365707159710103
557.7222233473412	7.966516946487873
557.7296022431783	7.5679247819251785
557.7369811390154	7.169964705415341
557.7443600348524	6.772668548420595
557.7517389306895	6.376066562018759
557.7591178265266	5.980188301414931
557.7664967223636	5.585063163789756
557.7738756182007	5.190720030046597
557.7812545140378	4.797186525359225
557.7886334098748	4.40448905324879
557.7960123057119	4.012653282880037
557.803391201549	3.621703596470094
557.810770097386	3.231662190332716
557.8181489932231	2.842549783695612
557.8255278890601	2.45438660338629
557.8329067848972	2.0671912885888992
557.8402856807343	1.6809792652964264
557.8476645765713	1.295763712542675
557.8550434724084	0.9115585122573303
557.8624223682455	0.528378275372818
557.8698012640825	0.14623485456887653
557.8771801599196	-0.23486410694312718
557.8845590557567	-0.6149129997899587
557.8919379515937	-0.9939040067703747
557.8993168474308	-1.3718269242381247
557.9066957432678	-1.7486743377534648
557.9140746391049	-2.1244439328036484
557.921453534942	-2.4991352861675016
557.928832430779	-2.8727478221827925
557.9362113266161	-3.245282718923331
557.9435902224532	-3.616740733942248
557.95488856501	-4.183417933589334
557.9661869075669	-4.7475788248477935
557.9774852501238	-5.309245842463717
557.9887835926806	-5.868447070680791
558.0000819352375	-6.4252184457580155
558.0113802777944	-6.9795967792149325
558.0226786203513	-7.531601037990129
558.0339769629081	-8.081261962607739
558.045275305465	-8.628630216946805
558.0565736480219	-9.173755220045091
558.0678719905787	-9.716681588705917
558.0791703331356	-10.257444618129414
558.0904686756925	-10.796060341165061
558.1017670182493	-11.33256667852477
558.1130653608062	-11.867010214386376
558.1243637033631	-12.399246989487374
558.13566204592	-12.92895170954805
558.1469603884768	-13.455969756844647
558.1582587310337	-13.980206293905676
558.1695570735906	-14.501512320996632
558.1808554161474	-15.019718209982434
558.1921537587043	-15.534741189605208
558.2034521012612	-16.046488110042855
558.214750443818	-16.554859336361
558.2260487863749	-17.05978387665046
558.2373471289318	-17.561199044611968
558.2486454714887	-18.059036377392186
558.2599438140455	-18.553241056374656
558.2712421566024	-19.043782344001084
558.2825404991593	-19.5306288041866
558.2938388417161	-20.013733408039773
558.305137184273	-20.49305051157724
558.3164355268299	-20.96855015140281
558.3277338693867	-21.440210148059958
558.3390322119436	-21.908006203699518
558.3503305545005	-22.371913690935976
558.3616288970574	-22.831914416314035
558.3729272396142	-23.287995501512395
558.3842255821711	-23.740145244646943
558.395523924728	-24.18835270594661
558.4068222672848	-24.63260954570931
558.4181206098417	-25.072910409949955
558.4294189523986	-25.509252509261508
558.4407172949554	-25.9416357651874
558.4520156375123	-26.370062697817396
558.4633139800692	-26.79453654898445
558.4746123226261	-27.215058391134757
558.4859106651829	-27.631625750487892
558.4972090077398	-28.04423349505852
558.5085073502967	-28.452874957433398
558.5198056928535	-28.85754180141823
558.5311040354104	-29.25822360813757
558.5424023779673	-29.654908405879056
558.5537007205241	-30.047583670802485
558.564999063081	-30.436236743958634
558.5762974056379	-30.820854576813378
558.5875957481948	-31.20142387181932
558.5988940907516	-31.577931733687336
558.6101924333085	-31.950365305950797
558.6214907758654	-32.318710711414404
558.6327891184222	-32.68295312183191
558.6440874609791	-33.04307718911538
558.655385803536	-33.3990672016646
558.6666841460928	-33.75090655945329
558.6779824886497	-34.09857810718597
558.6892808312066	-34.44206451558205
558.7005791737635	-34.781349205199874
558.7118775163203	-35.116417461097726
558.7231758588772	-35.44725548269701
558.7344742014341	-35.7738489916835
558.7457725439909	-36.096183905835765
558.7570708865478	-36.41424752179001
558.7683692291047	-36.728028367669275
558.7796675716615	-37.0375156846745
558.7909659142184	-37.34269968897156
558.8022642567753	-37.64357292682413
558.8135625993322	-37.940132115003955
558.824860941889	-38.23237618384502
558.8361592844459	-38.52030433433394
558.8474576270028	-38.80391728656285
558.8587559695596	-39.083218450413305
558.8700543121165	-39.358213097275154
558.8813526546734	-39.62890774768632
558.8926509972302	-39.895310617317136
558.9039493397871	-40.157435996908106
558.915247682344	-40.41530176839921
558.9265460249009	-40.66892542235265
558.9378443674577	-40.91832570306408
558.9491427100146	-41.16352451285686
558.9604410525715	-41.404546030836165
558.9717393951283	-41.64141572562031
558.9830377376852	-41.87416975555407
558.9943360802421	-42.102843699279575
559.005634422799	-42.32747160121907
559.0169327653558	-42.548099032039595
559.0282311079127	-42.76484109782002
559.0395294504696	-42.977770398518125
559.0508277930264	-43.186943257726995
559.0621261355833	-43.39243273646019
559.0734244781402	-43.59431819302503
559.084722820697	-43.79266988938364
559.0960211632539	-43.98755258098898
559.1073195058108	-44.17903300842218
559.1186178483676	-44.367183214669446
559.1299161909245	-44.55207821223084
559.1412145334814	-44.73379310358118
559.1525128760383	-44.91240208958068
559.1638112185951	-45.0879786029689
559.175109561152	-45.26059523663867
559.1864079037089	-45.43032321009616
559.1977062462657	-45.597231923840916
559.2090045888226	-45.761388889587074
559.2203029313795	-45.92285985098096
559.2316012739363	-46.08170879584488
559.2428996164932	-46.237997857673435
559.2541979590501	-46.39178734487678
559.265496301607	-46.54313593963699
559.2767946441638	-46.69210092811169
559.2880929867207	-46.83873835778455
559.2993913292776	-46.9831031370805
559.3106896718344	-47.125249163772644
559.3219880143913	-47.26522948207712
559.3332863569482	-47.403096449086014
559.344584699505	-47.53890182475391
559.3558830420619	-47.67269681989412
559.3671813846188	-47.804532126970535
559.3784797271757	-47.93445798391146
559.3897780697325	-48.062524193263215
559.4010764122894	-48.18878011979622
559.4123747548463	-48.313274683984275
559.4236730974031	-48.43605632660079
559.43497143996	-48.55717293866856
559.4462697825169	-48.67667179548685
559.4575681250737	-48.79459951066124
559.4688664676306	-48.911001986409794
559.4801648101875	-49.025924350797546
559.4914631527444	-49.13941089833318
559.5027614953012	-49.25150504434857
559.5140598378581	-49.362249283086555
559.525358180415	-49.471685142405725
559.5366565229718	-49.579853137782486
559.5479548655287	-49.68679273005454
559.5592532080856	-49.79254229567609
559.5705515506424	-49.89713911569935
559.5818498931993	-50.00061937511292
559.5931482357562	-50.103018161000314
559.6044465783131	-50.20436945483327
559.621657130787	-50.356816065951136
559.6388676832609	-50.507018740030816
559.6560782357348	-50.65508289869759
559.6732887882087	-50.80110786085964
559.6904993406825	-50.94518712510231
559.7077098931564	-51.087408641623504
559.7249204456303	-51.227855060268865
559.7421309981042	-51.366603998864846
559.7593415505781	-51.503728335996016
559.776552103052	-51.639296483825156
559.7937626555259	-51.773372622784045
559.8109732079998	-51.906016920464474
559.8281837604737	-52.03728575729757
559.8453943129476	-52.16723196028681
559.8626048654215	-52.29590503119674
559.8798154178954	-52.423351356273436
559.8970259703693	-52.54961439430407
559.9142365228432	-52.67473484640919
559.9314470753171	-52.79875081124461
559.948657627791	-52.921697927558235
559.9658681802649	-53.04360950494433
559.9830787327388	-53.164516643303
560.0002892852127	-53.284448341888655
560.0174998376866	-53.40343159964363
560.0435945451669	-53.58208020973076
560.0696892526472	-53.75868512361295
560.0957839601275	-53.93331795460145
560.1218786676078	-54.106041289427
560.1479733750881	-54.27690947492379
560.1740680825684	-54.44596988946224
560.2001627900487	-54.61326392085595
560.2402623215701	-54.8669819615308
560.2803618530914	-55.116720605983524
560.3204613846128	-55.36256312625503
560.3605609161342	-55.604573011868524
560.4006604476556	-55.842798358073274
560.440759979177	-56.077275430655064
560.5054010374228	-56.447435764592534
560.5700420956686	-56.808014998725874
560.6346831539144	-57.15907008702852
560.6993242121601	-57.50065123444951
560.763965270406	-57.832819751828744
560.8656750361743	-58.33663777945375
560.9673848019426	-58.81780914566975
561.0690945677109	-59.27683876615137
561.2395041630144	-59.99793873790277
561.409913758318	-60.662643451296276
561.5803233536216	-61.274876828314646
561.7507329489251	-61.837851180735065
561.9211425442287	-62.35523679862458
562.0915521395323	-62.83150322659454
562.2619617348358	-63.270847327693026
562.4323713301394	-63.676380397917384
562.602780925443	-64.05055550796828
562.7731905207465	-64.39593302254771
562.9436001160501	-64.71522086580468
563.1140097113537	-65.01079507283242
563.2844193066572	-65.28451127096416
563.4548289019608	-65.53798552912295
563.7292328325718	-65.90780817643363
564.0036367631828	-66.23538644356366
564.2780406937939	-66.52585991801193
564.5524446244049	-66.78360336747272
564.8268485550159	-67.01221475797253
565.1012524856269	-67.2148103131049
565.3756564162379	-67.39417503005292
565.815375289577	-67.6388995016895
566.2550941629161	-67.83829167226278
566.6948130362551	-67.99932414054327
567.1345319095942	-68.12768074768884
567.5742507829333	-68.22804624778162
568.0139696562724	-68.30434356122821
568.4536885296114	-68.35989140271377
569.1747475631996	-68.41294064364783
569.8958065967878	-68.42780519255862
570.616865630376	-68.41257730307174
571.3379246639641	-68.37355327158899
572.0589836975523	-68.31588166920545
572.7800427311405	-68.24340298137729
573.5011017647287	-68.15918139369528
574.6543625942257	-68.0059508806669
575.8076234237228	-67.83668282496403
576.9608842532199	-67.65739640360445
578.7422671660029	-67.37000736974437
580.5236500787859	-67.07714651267638
582.3050329915689	-66.78569613215637
584.0864159043518	-66.49934777342762
585.8677988171348	-66.21973714090029
587.6491817299178	-65.94928210010997
589.4305646427008	-65.68955159487699
590.6493026683104	-65.5187315537631
591.86804069392	-65.35343266583419
593.0867787195295	-65.19347249982829
594.3055167451391	-65.03907497856196
595.152788976749	-64.93493969870126
596.0000612083588	-64.8333759968474
596.8473334399687	-64.73441463592644
597.6946056715785	-64.63806517339353
598.5418779031884	-64.54434505507881
599.3891501347982	-64.45317459744376
600.2364223664081	-64.36454286793645
601.0836945980179	-64.27842835381983
601.9309668296278	-64.19472671036516
602.5182723652694	-64.13811545796058
603.1055779009109	-64.08266020427597
603.6928834365525	-64.02834473689866
604.2801889721941	-63.97516541443326
604.8674945078357	-63.923098716378085
605.4548000434772	-63.8721349090058
606.0421055791188	-63.82226344568334
606.6294111147604	-63.77344015377091
607.216716650402	-63.72566431037887
607.8040221860435	-63.6789257517917
608.3913277216851	-63.633190753558
608.7984033269039	-63.60208628437895
609.2054789321227	-63.57147067536045
609.6125545373415	-63.54132674195297
610.0196301425602	-63.51164552235824
610.426705747779	-63.482418781632425
610.8337813529978	-63.453645268068016
611.2408569582166	-63.42532985719928
611.6479325634353	-63.39746656988249
612.0550081686541	-63.370053023229765
612.4620837738729	-63.343088301025475
612.8691593790917	-63.31656231829442
613.2762349843105	-63.29047226323151
613.6833105895292	-63.264814612211495
614.090386194748	-63.2395803404968
614.4974617999668	-63.21476876960717
614.9045374051856	-63.19037444590488
615.3116130104044	-63.16638900504224
615.7186886156231	-63.142811899181645
616.1257642208419	-63.119635936320975
616.5328398260607	-63.096854645794714
616.9399154312795	-63.07446568062324
617.3469910364983	-63.052462770769885
617.754066641717	-63.03084025923969
618.1611422469358	-63.00959407239837
618.5682178521546	-62.98871769399659
618.9752934573734	-62.96820788578006
619.3823690625921	-62.948061901646874
619.7894446678109	-62.928274037999934
620.1965202730297	-62.90884084474984
620.6035958782485	-62.889757523657096
621.0106714834673	-62.871017775410124
621.417747088686	-62.852618376773954
621.8248226939048	-62.834554291714184
622.2318982991236	-62.81681993231292
622.6389739043424	-62.79941196775525
623.0460495095612	-62.78232478169265
623.4531251147799	-62.765553428626454
623.8602007199987	-62.74909441892132
624.2672763252175	-62.73294194445503
624.6743519304363	-62.71709169763187
625.081427535655	-62.70153979943165
625.4885031408738	-62.68628102855519
625.8955787460926	-62.67131104507023
626.592589923039	-62.64633490225166
627.2896010999854	-62.622165822911974
627.9866122769317	-62.59877847168836
629.2738591225018	-62.557567302675686
630.5611059680718	-62.51882113465087
631.8483528136419	-62.482426365145216
633.135599659212	-62.448262446951865
634.422846504782	-62.416199408218546
635.710093350352	-62.386110311754635
636.9973401959221	-62.35784496973472
638.2845870414922	-62.33124688727813
639.5718338870622	-62.306192078929314
640.8590807326323	-62.282580179410765
642.1463275782023	-62.26033516911881
642.967566254558	-62.246834489635354
643.7888049309138	-62.233863044425014
644.6100436072695	-62.22140158669652
645.4312822836253	-62.209419491157504
646.252520959981	-62.19787367340863
647.7587332972088	-62.17771318232223
649.2649456344366	-62.15872350084712
650.7711579716644	-62.14078133859892
652.2773703088922	-62.12380454622302
653.78358264612	-62.10768455608928
655.2897949833477	-62.092299760547526
656.7960073205755	-62.077541927277224
658.3022196578033	-62.06334424786422
659.8084319950311	-62.04971146567687
661.3146443322589	-62.03663715017918
662.8208566694867	-62.024001191761684
664.3270690067145	-62.01172530111862
665.2655601240504	-62.00425622597455
666.2040512413862	-61.9969147766388
667.142542358722	-61.98964569605539
668.0810334760579	-61.9824135080761
669.0195245933937	-61.97522557941585
669.9580157107296	-61.96810509118484
670.8965068280654	-61.96105550607932
671.8349979454013	-61.95407026609524
672.7734890627371	-61.9471584644176
673.7119801800729	-61.94031108180847
674.6504712974088	-61.933492356610095
675.5889624147446	-61.92668554569954
676.5274535320805	-61.9198975045445
677.4659446494163	-61.91313839259139
678.4044357667522	-61.90643979268362
679.342926884088	-61.899823548551545
679.9374064141118	-61.895666471769616
680.5318859441356	-61.89151665373348
681.1263654741595	-61.88737379557502
681.7208450041833	-61.88324151931594
682.3153245342071	-61.87912392487128
682.9098040642309	-61.875028085023224
683.5042835942547	-61.87095998764954
684.0987631242785	-61.86691855020355
684.6932426543024	-61.86290311959394
685.2877221843262	-61.858913264292426
685.88220171435	-61.85494474030569
686.4766812443738	-61.85099493183525
687.0711607743976	-61.84706476746812
687.6656403044215	-61.84315217969203
688.2601198344453	-61.83925506159913
688.8545993644691	-61.83537518844466
689.4490788944929	-61.831512291049286
690.0435584245167	-61.82766413181399
690.6380379545406	-61.82383225300429
691.2325174845644	-61.82001769603551
691.8269970145882	-61.81621556884195
692.421476544612	-61.81242001603568
693.0159560746358	-61.808629188990935
693.6104356046596	-61.80484643270218
694.2049151346835	-61.80107855484263
694.7993946647073	-61.79733165902058
695.3938741947311	-61.793608707063036
695.9883537247549	-61.7899114688294
696.5828332547787	-61.7862406956582
697.1773127848026	-61.782594774826435
697.7717923148264	-61.77897217251966
698.664229629004	-61.773580574943466
699.5566669431817	-61.76824422058661
701.3781062850403	-61.75751542096164
704.4701123221968	-61.73988933210417
709.1343594120634	-61.714864349112545
713.7986065019301	-61.691502215571084
718.4628535917967	-61.669221375924245
723.1271006816634	-61.64920604728101
727.79134777153	-61.63041508251933
732.4555948613967	-61.61301147205475
737.1198419512633	-61.59801933668939
741.78408904113	-61.58460208393883
746.4483361309966	-61.572080479701846
751.1125832208633	-61.561086545249715
755.7768303107299	-61.55143948850873
760.4410774005966	-61.54289690314483
765.1053244904632	-61.535530707057525
769.7695715803299	-61.52883084084032
774.4338186701965	-61.52306713085276
779.0980657600632	-61.518143538330484
783.7623128499298	-61.51385291781952
788.4265599397964	-61.510386651976624
793.0908070296631	-61.50763518278489
797.7550541195297	-61.505229929302295
802.4193012093964	-61.50334889012872
807.083548299263	-61.50188909059555
811.7477953891297	-61.500600151706735
819.3255612825943	-61.49933753897454
826.903327176059	-61.49884594682762
834.4810930695236	-61.4982811842338
842.0588589629882	-61.498537171123616
849.6366248564528	-61.49915010991132
857.2143907499175	-61.50016053373503
859.1088322232836	-61.50045369190134
861.0032736966497	-61.50076665011109
862.8977151700158	-61.501066248734645
864.7921566433819	-61.50130290047033
866.686598116748	-61.50152952347182
868.5810395901141	-61.501787227910015
870.4754810634802	-61.50204044635721
872.3699225368463	-61.502259485153225
874.2643640102124	-61.50249244798587
876.1588054835785	-61.50275882519186
879.10495634132	-61.50313217761134
882.0511071990614	-61.50356606684859
884.9972580568029	-61.50399791313524
889.5282856114095	-61.504539136222206
894.0593131660161	-61.50515297998115
898.5903407206226	-61.50570266888611
903.1213682752292	-61.506297723350706
907.6523958298358	-61.50683164605656
912.1834233844423	-61.50740227697699
916.7144509390489	-61.5080249731499
923.6987081858077	-61.509070470199084
930.9999999999793	-61.50942706604469
931.0000000000103	-61.50942706604469
931.0001731977322	-61.514014701304404
931.0006210595664	-61.52484785279888
931.0017216304373	-61.548384949840894
931.0035436215461	-61.582545214902886
931.0053656126549	-61.613472456372904
931.0083785339424	-61.65903229061877
931.012927293338	-61.72199867153943
931.0174760527335	-61.77928461552155
931.0282469681313	-61.900409211618765
931.039017883529	-62.00661569411531
931.0497887989268	-62.10296355788503
931.0605597143245	-62.1920561093891
931.0775830009233	-62.32189070032242
931.094606287522	-62.44039349642498
931.1116295741207	-62.549780379491224
931.1397261413433	-62.714477028206794
931.167822708566	-62.863221426622644
931.2218566835749	-63.11515136215639
931.2758906585838	-63.3343014892303
931.3299246335927	-63.52922949384764
931.3839586086016	-63.70474987186712
931.4379925836105	-63.86429671507467
931.5248921355253	-64.09386352894501
931.6117916874401	-64.2978878278267
931.698691239355	-64.48271556573697
931.8342848866988	-64.7421899755773
931.9698785340427	-64.97577484909574
932.1054721813865	-65.1904121001008
932.3649290455633	-65.56455240940788
932.62438590974	-65.90389228983494
932.8838427739167	-66.21614452743171
933.1432996380935	-66.50775760169864
933.4027565022702	-66.78349313529338
933.662213366447	-67.04623185681739
934.0620552451958	-67.42842992889355
934.4618971239446	-67.78559217499098
934.8617390026934	-68.1200651973293
935.2615808814422	-68.43391877667395
935.9159021365967	-68.90679971044965
936.5702233917513	-69.33413118743992
937.5785293825131	-69.9137473885365
938.586835373275	-70.40931992270531
939.5951413640369	-70.83170950631884
940.6034473547987	-71.19042041090461
941.6117533455606	-71.49267777612248
942.6200593363225	-71.74528339275305
943.6283653270843	-71.9545875460473
944.6366713178462	-72.12537356752844
945.6449773086081	-72.26243464083885
946.65328329937	-72.36982246862192
947.6615892901318	-72.45116130311634
948.6698952808937	-72.50988010756066
949.6782012716556	-72.54876518997564
950.6865072624174	-72.57029991161109
951.6948132531793	-72.57671341466063
952.7031192439412	-72.56998130821592
953.711425234703	-72.5520244254684
954.3769114831633	-72.53482044972273
955.0423977316236	-72.51390098025048
955.7078839800839	-72.4897174356078
956.3733702285442	-72.46261560907297
957.0388564770045	-72.4328774975104
957.7043427254648	-72.40074237407843
958.3698289739251	-72.36647433250855
959.0353152223854	-72.33036307482189
959.7008014708457	-72.2926591747844
960.366287719306	-72.25361621241234
961.0317739677663	-72.21347160985549
961.4910872145309	-72.18521006292207
961.9504004612955	-72.15652847562403
962.4097137080602	-72.12746397204128
962.8690269548248	-72.09808383191573
963.3283402015894	-72.06847291244166
963.787653448354	-72.03870750872825
964.2469666951187	-72.0088439476259
964.7062799418833	-71.97891924177942
965.1655931886479	-71.94895968628593
965.6249064354125	-71.91899385740064
966.0842196821771	-71.88905302666709
966.5435329289418	-71.85916713277338
967.0028461757064	-71.82936569966837
967.462159422471	-71.79967417321794
967.9214726692356	-71.77011370877149
968.3807859160003	-71.7407061850598
968.8400991627649	-71.71147217081182
969.2994124095295	-71.6824294083944
969.7587256562941	-71.653595708173
970.2180389030588	-71.62498738075155
970.6773521498234	-71.59661664941446
971.136665396588	-71.56849281934785
971.5959786433526	-71.54062541537998
972.0552918901172	-71.51302584173744
972.5146051368819	-71.4857079416906
972.9739183836465	-71.45868661284145
973.4332316304111	-71.4319730988753
973.8925448771757	-71.40557307087974
974.3518581239404	-71.37948987734357
974.811171370705	-71.35372675402753
975.2704846174696	-71.3282885073277
975.7297978642342	-71.303182119525
976.1891111109989	-71.27841335731182
976.6484243577635	-71.25398534279495
977.1077376045281	-71.22990053004304
977.5670508512927	-71.20615993859197
978.0263640980573	-71.18276309612332
978.485677344822	-71.15971064226804
978.9449905915866	-71.13700294139852
979.4043038383512	-71.114638503449
979.8636170851158	-71.09261794379563
980.3229303318805	-71.0709454922332
980.7822435786451	-71.04962296938935
981.5065579714175	-71.01669162561555
982.2308723641898	-70.98457982286426
982.9551867569622	-70.95325721813879
983.6795011497346	-70.92270742890885
984.403815542507	-70.89293054208724
985.5462615159261	-70.84755175481402
987.2826977417863	-70.78227040449795
989.0191339676464	-70.72131616381675
990.7555701935066	-70.66443897048934
992.4920064193668	-70.61135756451333
994.228442645227	-70.56175233691485
995.9648788710872	-70.51534284534169
997.7013150969474	-70.4719200120563
999.4377513228076	-70.43127501694994
1001.1741875486678	-70.39323520054748
1002.910623774528	-70.35767735076136
1004.6470600003881	-70.32446987601901
1006.3834962262483	-70.29337095561928
1008.1199324521085	-70.26420400543476
1009.8563686779687	-70.23692934344861
1011.5928049038289	-70.21138127802568
1012.6294406750594	-70.19684577679672
1013.6660764462899	-70.18279641260172
1014.7027122175205	-70.16923079168814
1015.739347988751	-70.15616073681208
1016.7759837599815	-70.14360847598329
1017.812619531212	-70.13157834775421
1018.8492553024425	-70.12002595339635
1019.8858910736731	-70.10891623641973
1020.9225268449036	-70.09821985270655
1021.9591626161341	-70.08787299577945
1022.9957983873646	-70.07784831894061
1023.625915143665	-70.07192666944927
1024.2560318999654	-70.06615431729465
1024.8861486562657	-70.06052688847335
1025.516265412566	-70.05502623937994
1026.1463821688665	-70.04963217599585
1026.7764989251668	-70.04432598607525
1027.4066156814672	-70.03909631996765
1028.596643242964	-70.02942179286507
1029.786670804461	-70.02002074977221
1030.9766983659579	-70.01089411245924
1032.1667259274548	-70.00203813238154
1034.0368603197041	-69.9886646745157
1035.9069947119535	-69.97593298282713
1037.777129104203	-69.96381643271302
1039.6472634964523	-69.95231792495478
1041.5173978887017	-69.94138690445078
1043.387532280951	-69.93097768481618
1045.2576666732004	-69.92105541307852
1048.2994554825725	-69.90578722790092
1051.3412442919446	-69.89156191069712
1054.3830331013166	-69.87819139446846
1057.4248219106887	-69.86557045788369
1060.4666107200608	-69.85366886545555
1063.5083995294328	-69.84238628989601
1066.550188338805	-69.83190720302375
1069.591977148177	-69.82232239152141
1072.633765957549	-69.81305125310654
1073.9559099660464	-69.80910633069894
1075.2780539745438	-69.80526651073657
1076.6001979830412	-69.80153844045151
1077.9223419915386	-69.7979445792128
1079.244486000036	-69.79449390837678
1081.6840334747217	-69.7886486665753
1084.1235809494074	-69.78298982672648
1088.6502079700085	-69.77311250646572
1093.1768349906097	-69.7637683100402
1097.7034620112108	-69.75491089661253
1098.8351187663611	-69.75278594238249
1099.9667755215114	-69.7506967493113
1101.0984322766617	-69.74864505741354
1104.5863859924423	-69.74270532055469
1108.0743397082229	-69.73685155728755
1111.5622934240034	-69.73141902142174
1115.050247139784	-69.72641704058358
1121.9493762819664	-69.71714300330596
1128.8485054241487	-69.70879250308327
1130.999999999975	-69.70635279416797
1131.0000000000127	-69.70635279416797
