t	v
0.0	-70.0
0.0005122051214851591	-70.00142624263161
0.0020642550446181786	-70.00550395543893
0.004862163606450431	-70.01228927130938
0.007660072168282683	-70.01865712155885
0.01296053588152693	-70.03001171562579
0.021066402077356647	-70.04606981757348
0.03674555506970888	-70.0741788798645
0.05242470806206111	-70.09930372674664
0.06810386105441334	-70.12214629531219
0.08378301404676557	-70.14304456657572
0.0994621670391178	-70.16220745298138
0.12741487028482976	-70.19260040912198
0.1553675735305417	-70.21878894483707
0.21140176720791992	-70.26128920025391
0.26743596088529814	-70.29380779371955
0.32347015456267636	-70.31916488314425
0.3795043482400546	-70.33906587288189
0.48010023529986046	-70.36506199158698
0.6422313070699849	-70.38819005686918
0.8043623788401093	-70.39488291167167
0.9664934506102337	-70.39129704607939
1.1286245223803582	-70.38125793008507
1.2907555941504825	-70.36712739744921
1.452886665920607	-70.35034863950482
1.7241511473053786	-70.31864126157531
1.99541562869015	-70.28421322937558
2.5116623617322236	-70.21524315481653
3.027909094774297	-70.1460527595712
3.5441558278163705	-70.07866621888805
4.060402560858444	-70.01344579516334
4.576649293900518	-69.9508129300794
5.479886809195295	-69.84800176453743
6.383124324490073	-69.75453620936068
7.28636183978485	-69.67074488927533
8.189599355079627	-69.59627584107825
9.092836870374404	-69.53066378297157
10.479881610594305	-69.4457428260668
11.866926350814206	-69.37805944957249
13.253971091034106	-69.32536641083668
14.641015831254007	-69.28552715377225
16.028060571473908	-69.25666775314649
17.415105311693807	-69.23709398111578
18.802150051913706	-69.22527410836335
20.189194792133605	-69.2197990151118
21.576239532353505	-69.21946584213454
22.963284272573404	-69.22332563254562
24.350329012793303	-69.23059739336013
25.737373753013202	-69.24050911326681
27.1244184932331	-69.25258176260803
27.879480435524705	-69.25994212132123
28.63454237781631	-69.26778669183477
29.389604320107914	-69.27600984010544
30.582730631416798	-69.28949273376878
31.77585694272568	-69.30327511114963
32.96898325403457	-69.31713176775472
34.16210956534346	-69.33095439396867
35.355235876652344	-69.34470565612074
36.54836218796123	-69.35834175933499
37.74148849927012	-69.3717932091056
38.934614810579006	-69.3849909062714
40.127741121887894	-69.3978672765176
41.32086743319678	-69.41037874075988
42.51399374450567	-69.42253930696076
43.707120055814556	-69.43432137009583
44.38493429819474	-69.4408094643726
45.06274854057493	-69.44711346371798
45.74056278295512	-69.45322794844026
46.4183770253353	-69.45916755330126
47.09619126771549	-69.4649544908708
47.77400551009568	-69.47061190179393
48.45181975247586	-69.47615232525237
49.875998802377914	-69.4873803631271
51.300177852279965	-69.49803981638405
52.724356902182016	-69.5081448063107
53.301667910381234	-69.51203570236552
53.87897891858045	-69.51583205464135
55.09281202285746	-69.52339101959792
57.18801876978458	-69.5351077134522
59.283225516711695	-69.54583013164854
61.378432263638814	-69.55539712706822
63.47363901056593	-69.56396570156856
67.48370515727353	-69.57835626798726
71.49377130398113	-69.58991309393066
75.50383745068874	-69.59925430802703
81.79203670656686	-69.61035575925632
88.08023596244499	-69.61736409534929
94.36843521832311	-69.6221716528055
95.94048503229264	-69.62313400391793
97.51253484626217	-69.62401005562783
99.0845846602317	-69.62482171070731
100.65663447420123	-69.62555068455818
102.22868428817075	-69.62620095260583
103.80073410214028	-69.62676842970703
105.37278391610981	-69.62726244044207
106.94483373007934	-69.627711474544
108.51688354404887	-69.6281026849926
110.0889333580184	-69.62842046541398
111.66098317198792	-69.6287122428863
113.23303298595745	-69.6289908665257
114.80508279992698	-69.6291928381445
116.3771326138965	-69.62933119856525
117.94918242786603	-69.62942976607964
119.52123224183556	-69.62948978396092
121.09328205580509	-69.62955107988006
122.66533186977462	-69.62965649824093
124.23738168374415	-69.62974362340974
125.80943149771367	-69.62979090509869
127.3814813116832	-69.62982243368133
128.95353112565275	-69.62981019010914
130.52558093962227	-69.62976134472746
132.0976307535918	-69.62977378961489
133.66968056756133	-69.62985038724243
135.24173038153086	-69.6299642440597
136.81378019550039	-69.6301146162598
138.3858300094699	-69.63025008124426
139.95787982343944	-69.6303123881857
141.52992963740897	-69.63037453963221
143.1019794513785	-69.63046145343962
144.67402926534803	-69.63044428461278
146.24607907931755	-69.63034508694487
147.81812889328708	-69.63021663135265
149.3901787072566	-69.63012742505131
150.96222852122614	-69.63009928973021
152.53427833519567	-69.63007361794237
154.1063281491652	-69.63004730229574
155.67837796313472	-69.63008905519395
157.25042777710425	-69.6301348784296
158.82247759107378	-69.63015225752832
160.3945274050433	-69.63014461872805
161.96657721901283	-69.63010337323283
164.95974260286886	-69.63007309174853
167.95290798672488	-69.63010502256517
170.9460733705809	-69.62998537934347
173.93923875443693	-69.62988910093475
176.93240413829295	-69.6298602377435
179.92556952214898	-69.62958070431777
180.67386086811297	-69.62947302501615
181.42215221407696	-69.62937130277689
182.17044356004095	-69.62928098156084
183.3617063966931	-69.62921450479314
184.55296923334527	-69.62920013583185
185.74423206999742	-69.62921943292524
187.73757163252841	-69.62929105749046
193.66485402195792	-69.62949606444609
199.59213641138743	-69.6296595240177
205.51941880081694	-69.6298312098318
217.9703786615836	-69.62963387752474
230.42133852235025	-69.63023632164644
234.77394290647533	-69.630106824772
239.1265472906004	-69.630102071062
243.47915167472547	-69.63010681753966
247.83175605885054	-69.62990262608861
252.18436044297562	-69.62991604552695
256.5369648271007	-69.62997573248914
260.88956921122576	-69.62977208588896
265.24217359535083	-69.62982567667521
269.5947779794759	-69.62973875655017
270.68292907550716	-69.62972182592249
271.7710801715384	-69.62971923904223
273.9375801091738	-69.62972162123731
276.10408004680914	-69.62970720807596
280.3978233610026	-69.62975221063004
284.6915666751961	-69.62974389614403
288.9853099893896	-69.62969016087052
295.7277231231292	-69.62981380171948
302.4701362568688	-69.62971308730533
309.2125493906084	-69.62987462269625
310.8981526740433	-69.62988310875971
312.58375595747816	-69.62989844899379
314.26935924091305	-69.62990688214497
316.86713908682776	-69.6298753106514
319.4649189327425	-69.6298621133578
322.0626987786572	-69.62986759652756
326.70747415205915	-69.62983783510745
331.3522495254611	-69.62988253591199
335.99702489886306	-69.62992661018694
340.641800272265	-69.62981272014194
345.28657564566697	-69.62986035886395
349.9313510190689	-69.62995335244183
354.5761263924709	-69.62980079873006
359.22090176587284	-69.62986540339641
363.8656771392748	-69.6298253724502
368.51045251267675	-69.62984562164694
373.1552278860787	-69.62993050973836
377.80000325948066	-69.62987343634828
382.4447786328826	-69.62990688933027
387.0895540062846	-69.6298491149998
391.7343293796865	-69.62982209883276
396.3791047530885	-69.62991892507684
401.02388012649044	-69.6299419404298
405.6686554998924	-69.6297776209351
410.31343087329435	-69.62985771783458
414.9582062466963	-69.62990603510163
419.60298162009826	-69.62988547487956
424.2477569935002	-69.62984404282258
428.8925323669022	-69.62989788805464
433.53730774030413	-69.62996355217828
438.1820831137061	-69.62985654707335
442.82685848710804	-69.62979371434565
447.47163386051	-69.63001546845103
448.63282770386047	-69.63004991310191
449.79402154721095	-69.63005994858698
451.8644450059295	-69.63006464022213
453.93486846464805	-69.63005318310042
458.5424289216159	-69.63002595925502
463.14998937858377	-69.63001338510472
467.75754983555163	-69.62995999505908
472.3651102925195	-69.62990257729287
476.97267074948735	-69.6299392990451
481.5802312064552	-69.62996593792643
486.18779166342307	-69.62994529365778
490.79535212039093	-69.63004758793518
495.4029125773588	-69.63004920327174
500.01047303432665	-69.63004449311826
507.10467281437684	-69.62996244237355
514.198872594427	-69.62997201474037
521.2930723744772	-69.63001438260801
528.3872721545274	-69.62986204831188
530.9999999999882	-69.62984556491061
531.0000000000059	-69.62984556491061
531.0001224694008	-69.62326486797093
531.0003959337041	-69.60954478071565
531.0010462851616	-69.5798580949909
531.0020781753045	-69.53722483559389
531.0031100654475	-69.49779454523527
531.0048225372075	-69.4384263124104
531.0074629735417	-69.35389246287612
531.0101034098759	-69.27646896955747
531.0162494652616	-69.11451955757813
531.0223955206473	-68.97108774990231
531.0285415760329	-68.83960960189847
531.0346876314186	-68.71663286366055
531.0441124245124	-68.54010216624296
531.0535372176062	-68.37593754784741
531.0629620107	-68.22190543760378
531.0791110049037	-67.9770657254257
531.0952599991074	-67.75210960818589
531.123885234073	-67.39126522236116
531.1525104690386	-67.06705947861991
531.1811357040042	-66.77098450476974
531.2097609389698	-66.49811436676939
531.2383861739354	-66.24501822896475
531.2873791678276	-65.85050330446033
531.3363721617197	-65.49545509666851
531.3853651556119	-65.17191947391281
531.4343581495041	-64.8743463591288
531.5118046652167	-64.44773082744827
531.5892511809293	-64.06356529103721
531.6666976966419	-63.712507321064564
531.7865718754282	-63.21985483027706
531.9064460542145	-62.77379300569187
532.0263202330008	-62.3626360732254
532.2441612848643	-61.67947416380584
532.4620023367278	-61.056358901601655
532.6798433885913	-60.47818193439154
532.8976844404548	-59.93343397696349
533.1155254923183	-59.41308169202722
533.3333665441818	-58.9115264575351
533.6671153513145	-58.17210276021798
534.0008641584471	-57.4599055095711
534.3346129655798	-56.76601767217173
534.6683617727125	-56.08017481362654
535.0021105798452	-55.393132304646144
535.3358593869779	-54.69361706115196
535.6696081941105	-53.96678132950033
536.0033570012432	-53.18548433481712
536.3371058083759	-52.307392735320796
536.6708546155086	-51.26307055444581
537.0046034226413	-49.87992389112962
537.0880406244244	-49.44187631960629
537.1714778262075	-48.937918501236254
537.2549150279906	-48.34579636118924
537.3383522297737	-47.63211662187446
537.4217894315568	-46.73866630141812
537.5052266333399	-45.551426159017744
537.5260859337857	-45.18781302074432
537.5469452342314	-44.78656208948219
537.5806298497553	-44.039604331758916
537.6143144652791	-43.130726552814586
537.647999080803	-41.99005189333573
537.6816836963268	-40.49928618216707
537.7014180056793	-39.38927179956155
537.7211523150319	-38.03040713139185
537.7408866243844	-36.338713191376094
537.7528668839979	-35.10453427826731
537.7648471436113	-33.6774430731149
537.7768274032247	-32.019594204176
537.7888076628382	-30.08404332805585
537.797098402908	-28.552699968461795
537.8053891429778	-26.840631943182395
537.8136798830476	-24.926926031951258
537.8219706231174	-22.7921506434427
537.8302613631872	-20.41996904393207
537.838552103257	-17.799041636032012
537.8468428433268	-14.925879562173211
537.8551335833967	-11.809306314382797
537.8634243234665	-8.475317374040923
537.8717150635363	-4.9662101602849775
537.8800058036061	-1.3502889416055008
537.8882965436759	2.2832725840403163
537.8965872837457	5.836235161944015
537.9048780238155	9.215139688859496
537.9131687638853	12.342388169441122
537.9214595039551	15.16423462651984
537.929750244025	17.65387272413711
537.9380409840948	19.808908594429006
537.9463317241646	21.64501156392115
537.9546224642344	23.18874143758941
537.9629132043042	24.47162957628058
537.971203944374	25.526124766626264
537.9794946844438	26.383156921266778
537.9877854245136	27.070856491052318
537.9960761645834	27.61403155705325
538.0043669046532	28.03411850884236
538.012657644723	28.3494016765887
538.0209483847929	28.575388220332815
538.0292391248627	28.72503840282842
538.0375298649325	28.809239792449283
538.0458206050023	28.837129796893386
538.0541113450721	28.816347827436445
538.0624020851419	28.75327591906336
538.0706928252117	28.653259538157226
538.0789835652815	28.520794725132074
538.0872743053513	28.359680341283447
538.0955650454212	28.173140658424675
538.103855785491	27.963924177737436
538.1121465255608	27.734383739012987
538.1204372656306	27.486542479525795
538.1287280057004	27.222150392676635
538.1370187457702	26.94272978318919
538.14530948584	26.64962000329652
538.1536002259098	26.344010091599664
538.1618909659796	26.02696749822637
538.1701817060494	25.699458837232246
538.1784724461193	25.362365368904207
538.1867631861891	25.016494268261447
538.1950539262589	24.66258681357788
538.2033446663287	24.301324721921603
538.2116354063985	23.933335334754045
538.2199261464683	23.559195797731388
538.2282168865381	23.179436316387616
538.2365076266079	22.794542841859478
538.2447983666777	22.404959708852836
538.2530891067476	22.011092624710727
538.2613798468174	21.61331209540309
538.2696705868872	21.211957094471536
538.277961326957	20.807338669292292
538.2862520670268	20.399743280329442
538.2945428070966	19.98943586140032
538.3028335471664	19.576662323084978
538.3111242872362	19.161651926181335
538.319415027306	18.744619053445714
538.3277057673758	18.32576473812083
538.3359965074457	17.905277795226155
538.3442872475155	17.48333570282514
538.3525779875853	17.06010528134091
538.3608687276551	16.635743213941417
538.3691594677249	16.210396512307735
538.3774502077947	15.784203054053012
538.3857409478645	15.357292250614037
538.3940316879343	14.929785803197225
538.4023224280041	14.501798460675337
538.410613168074	14.073438709201758
538.4189039081438	13.644809354476157
538.4271946482136	13.21600798183341
538.4354853882834	12.78712729343093
538.4437761283532	12.358255329877805
538.452066868423	11.929475662618051
538.4603576084928	11.50086782069934
538.4686483485626	11.072508125515526
538.4769390886324	10.644470437882177
538.4852298287022	10.216826032499439
538.493520568772	9.789642826442513
538.5018113088419	9.362984978474627
538.5101020489117	8.936912933008077
538.5183927889815	8.51148356462045
538.5266835290513	8.086750655958525
538.5349742691211	7.662765091662625
538.5432650091909	7.2395738447789535
538.5515557492607	6.817218923691142
538.5598464893305	6.3957382574654025
538.5681372294003	5.975168182442007
538.5764279694702	5.555544059632513
538.58471870954	5.136897695285717
538.5930094496098	4.719255514746699
538.6013001896796	4.302640078585817
538.6095909297494	3.8870718988914237
538.6178816698192	3.4725710825946967
538.626172409889	3.059157694343446
538.6344631499588	2.646848991058953
538.6427538900286	2.235657339013745
538.6510446300985	1.8255920052540462
538.6593353701683	1.416661206257642
538.6676261102381	1.0088725157651022
538.6759168503079	0.6022346590750031
538.6842075903777	0.19675623542462142
538.6924983304475	-0.20755828039416926
538.7007890705173	-0.6107081331912334
538.7090798105871	-1.0126931694724206
538.7173705506569	-1.4135141189097225
538.7256612907267	-1.81317492058469
538.7339520307966	-2.211681018784832
538.7422427708664	-2.6090335445835304
538.7505335109362	-3.0052324350878217
538.758824251006	-3.40028220519398
538.7671149910758	-3.7941899497208524
538.7754057311456	-4.1869620254610656
538.7836964712154	-4.578605436304438
538.7919872112852	-4.969129827656616
538.800277951355	-5.358546684890848
538.8085686914249	-5.746867638023607
538.8168594314947	-6.134100196083014
538.8251501715645	-6.520246341461776
538.8334409116343	-6.905306484699495
538.8417316517041	-7.289285024741668
538.8500223917739	-7.672188258364708
538.8583131318437	-8.05402113514971
538.8666038719135	-8.434788449054812
538.8748946119833	-8.814496269239863
538.8831853520531	-9.193150979462906
538.8957304279925	-9.764118844212224
538.9082755039318	-10.33266654717928
538.9208205798711	-10.89876163091987
538.9333656558105	-11.462394851544717
538.9459107317498	-12.023557098264845
538.9584558076891	-12.58189376032663
538.9710008836284	-13.137066765778295
538.9835459595678	-13.688896566253403
538.9960910355071	-14.237212037395997
539.0086361114464	-14.781800032771356
539.0211811873858	-15.322481975076098
539.0337262633251	-15.859139769816949
539.0462713392644	-16.391653126463705
539.0588164152038	-16.919927479123842
539.0713614911431	-17.443900193407657
539.0839065670824	-17.96351185079907
539.0964516430217	-18.478706541922914
539.1089967189611	-18.989457707036124
539.1215417949004	-19.495772562927637
539.1340868708397	-19.99767015889078
539.146631946779	-20.495153993762532
539.1591770227184	-20.988208964199476
539.1717220986577	-21.476827966280048
539.184267174597	-21.961028058257877
539.1968122505364	-22.440839078833
539.2093573264757	-22.91629166287282
539.221902402415	-23.387417153842666
539.2344474783544	-23.85424686700406
539.2469925542937	-24.316810863027374
539.259537630233	-24.775140128404722
539.2720827061723	-25.229266842232846
539.2846277821117	-25.679219997553727
539.297172858051	-26.125021539488
539.3097179339903	-26.566686780510526
539.3222630099297	-27.00422698651482
539.334808085869	-27.437649884687062
539.3473531618083	-27.86695733911136
539.3598982377476	-28.292142949483516
539.372443313687	-28.71319217890979
539.3849883896263	-29.130084797880684
539.3975334655656	-29.5427970826806
539.410078541505	-29.951301959962553
539.4226236174443	-30.35556877208095
539.4351686933836	-30.755564399735345
539.447713769323	-31.151255243361803
539.4602588452623	-31.542608397734995
539.4728039212016	-31.92959130403994
539.4853489971409	-32.31217159509505
539.4978940730803	-32.69031811390746
539.5104391490196	-33.06400168886898
539.5229842249589	-33.43319425829278
539.5355293008982	-33.79786824477303
539.5480743768376	-34.15799726493019
539.5606194527769	-34.51355666173792
539.5731645287162	-34.86452316536519
539.5857096046556	-35.210874660674975
539.5982546805949	-35.55259082062882
539.6107997565342	-35.889655071723396
539.6233448324735	-36.22205390763712
539.6358899084129	-36.549774526090545
539.6484349843522	-36.87280516164588
539.6609800602915	-37.191136120072294
539.6735251362309	-37.50475942124757
539.6860702121702	-37.81366846847034
539.6986152881095	-38.117858343221876
539.7111603640489	-38.4173278873628
539.7237054399882	-38.71207777382139
539.7362505159275	-39.002108248129666
539.7487955918668	-39.28742015934568
539.7613406678062	-39.56801587863359
539.7738857437455	-39.843898486916366
539.7864308196848	-40.11507123031399
539.7989758956242	-40.381542352550824
539.8115209715635	-40.643322418497114
539.8240660475028	-40.90042049864298
539.8366111234421	-41.15284644083627
539.8491561993815	-41.40061290423854
539.8617012753208	-41.64373445517209
539.8742463512601	-41.88223412211863
539.8867914271995	-42.11613715592515
539.8993365031388	-42.345470678593756
539.9118815790781	-42.570272934199494
539.9244266550174	-42.790635130797284
539.9369717309568	-43.00664789194401
539.9495168068961	-43.21836723395545
539.9620618828354	-43.425856945234564
539.9746069587748	-43.62919385946258
539.9871520347141	-43.82845561745462
539.9996971106534	-44.02371793240315
540.0122421865927	-44.21505802914511
540.0247872625321	-44.40255572039402
540.0373323384714	-44.58629169843164
540.0498774144107	-44.766345365708084
540.0624224903501	-44.942793327955044
540.0749675662894	-45.115708960233256
540.0875126422287	-45.28516288139956
540.100057718168	-45.451223458482474
540.1126027941074	-45.613956964161744
540.1251478700467	-45.77342760355883
540.137692945986	-45.92969767129499
540.1502380219254	-46.0828279111664
540.1627830978647	-46.23287796234773
540.175328173804	-46.379906778224104
540.1878732497433	-46.523972934692644
540.2004183256827	-46.665134899660934
540.212963401622	-46.803451267007915
540.2255084775613	-46.93898096638224
540.2380535535007	-47.07178340596539
540.25059862944	-47.2019185375387
540.2631437053793	-47.329446881693116
540.2756887813186	-47.45442953876797
540.288233857258	-47.57692817177242
540.3007789331973	-47.69700494356367
540.3133240091366	-47.81472241320495
540.325869085076	-47.93014341279268
540.3384141610153	-48.04333092688011
540.3509592369546	-48.15434797762433
540.363504312894	-48.26325749908184
540.3760493888333	-48.37012219589308
540.3885944647726	-48.475004400067206
540.4011395407119	-48.5779659391182
540.4136846166513	-48.67906797003356
540.4262296925906	-48.77837088604507
540.4387747685299	-48.87593420800889
540.4513198444693	-48.971816484767324
540.4638649204086	-49.06607520773066
540.4764099963479	-49.158766735856595
540.4889550722872	-49.249946232942506
540.5015001482266	-49.33966762311048
540.5140452241659	-49.42798355702124
540.5265903001052	-49.514945374112045
540.5391353760446	-49.60060306149312
540.5516804519839	-49.68500522317202
540.5642255279232	-49.768199065128854
540.5767706038625	-49.850230388466805
540.5893156798019	-49.93114358286636
540.6083222478119	-50.05169729941762
540.6273288158219	-50.169926019029425
540.6463353838319	-50.28596555478498
540.6653419518419	-50.39994446647424
540.6843485198519	-50.51198413180945
540.703355087862	-50.62219887607501
540.722361655872	-50.73069605655652
540.741368223882	-50.837576367415295
540.760374791892	-50.94293402369873
540.779381359902	-51.0468569395755
540.798387927912	-51.149426945412024
540.817394495922	-51.250720029300794
540.836401063932	-51.35080658701751
540.8554076319421	-51.449751675510235
540.8744141999521	-51.54761526906625
540.8934207679621	-51.644452517248844
540.9124273359721	-51.74031400301968
540.9314339039821	-51.83524599906637
540.9504404719921	-51.92929072050237
540.9694470400021	-52.02248657254745
540.9884536080122	-52.114868392112626
541.019651818863	-52.26482501120623
541.050850029714	-52.412793912926226
541.0820482405649	-52.55887651858508
541.1132464514158	-52.70315661469131
541.1444446622667	-52.84570270286925
541.1756428731176	-52.98656999576671
541.2235442852431	-53.19968713966667
541.2714456973686	-53.40906380283133
541.3450535617707	-53.72367132272435
541.4186614261728	-54.02973543590855
541.4922692905749	-54.32727953105872
541.565877154977	-54.61624987006708
541.6394850193791	-54.89658258536697
541.7130928837812	-55.168247480982984
541.7867007481833	-55.431242525084976
541.8603086125854	-55.68557947697988
541.9764794114174	-56.06948951586138
542.0926502102493	-56.43227616553389
542.2088210090812	-56.774552318628885
542.3249918079132	-57.09700523194904
542.5119872960197	-57.5765833723308
542.6989827841262	-58.010893062954395
542.8859782722327	-58.403826915202835
543.0729737603392	-58.759090672299536
543.2599692484457	-59.08031379721637
543.4469647365522	-59.37100709296487
543.7700938059552	-59.81024037676894
544.0932228753582	-60.18117065845089
544.4163519447611	-60.494268104668464
544.7394810141641	-60.75756163013551
545.062610083567	-60.9777961445583
545.38573915297	-61.16071710703796
545.8988617997096	-61.385863202492786
546.4119844464492	-61.54366965955501
546.9251070931888	-61.645581470111146
547.4382297399284	-61.700975187440925
547.951352386668	-61.718070271322055
548.4644750334076	-61.703978648304926
548.9775976801471	-61.66469028113314
549.7692287889189	-61.56604616290132
550.5608598976906	-61.43379007638085
551.3524910064624	-61.2788400552049
552.1441221152342	-61.10967860047723
552.9357532240059	-60.932784073702635
553.7273843327777	-60.752751796751056
554.5190154415494	-60.572807834116
555.3106465503212	-60.39525679654153
556.1022776590929	-60.221734411936055
556.8939087678647	-60.05322120948565
557.6855398766364	-59.890420984134906
558.4771709854082	-59.73362342418282
559.2688020941799	-59.58300318086489
560.0604332029517	-59.438417610679615
560.8520643117234	-59.29965998079094
561.6436954204952	-59.166510427749884
562.435326529267	-59.03866650163242
563.2269576380387	-58.915847072034204
564.6256927994434	-58.71007443014861
566.0244279608481	-58.51708818668547
567.4231631222528	-58.33510279420044
568.8218982836576	-58.16250843673713
570.2206334450623	-57.99811318275773
571.619368606467	-57.84059876124039
573.0181037678717	-57.68868240076778
574.4168389292764	-57.54136732686798
575.8155740906811	-57.39794847043407
577.2143092520859	-57.257886607664844
578.1061366952498	-57.170028825279964
578.9979641384137	-57.08310037928619
579.8897915815777	-56.996985056240774
580.7816190247416	-56.91159198377909
581.6734464679056	-56.82687185245368
583.0509381371683	-56.69707078717957
584.4284298064309	-56.56831534378668
585.8059214756936	-56.44044265843425
587.1834131449563	-56.3129416671046
588.5609048142189	-56.18578078513443
589.9383964834816	-56.058360819319184
591.3158881527443	-55.9309181396959
592.6933798220069	-55.80240543820343
594.0708714912696	-55.67357828893673
595.4483631605323	-55.54305353423781
596.8258548297949	-55.4105305207192
598.2033464990576	-55.275879638056395
599.5808381683203	-55.13763729751311
600.9583298375829	-54.99594280058665
602.3358215068456	-54.84773654731247
603.7133131761083	-54.69485905598612
605.0908048453709	-54.52926561006751
606.4682965146336	-54.35919498798254
606.8126694319493	-54.31286539307225
607.157042349265	-54.26587387298266
607.5014152665807	-54.216720521486344
608.0247943770493	-54.141198800408695
608.5481734875178	-54.061471119428916
609.0715525979864	-53.977675616428236
610.1440745939805	-53.79183554951002
611.2165965899745	-53.5788313872135
612.2891185859686	-53.32658503933892
613.3616405819627	-53.016493552022744
614.4341625779567	-52.63081531034941
614.8015210492213	-52.461043546830744
615.1688795204858	-52.25698507330867
615.5362379917503	-52.01745837262244
615.9035964630149	-51.723285296251056
616.0741601364494	-51.561771235154744
616.244723809884	-51.37862130069058
616.4152874833186	-51.16710433740674
616.5858511567532	-50.91770637788382
616.6690586837024	-50.77923637545317
616.7522662106516	-50.62640633173958
616.8354737376008	-50.455806225138716
616.91868126455	-50.263009374136914
616.9627362756577	-50.15052243084087
617.0067912867654	-50.02918310712309
617.0508462978731	-49.89750894682076
617.0949013089809	-49.75344989432722
617.1389563200886	-49.594499431354585
617.1604385010571	-49.510972155819836
617.1819206820256	-49.422769517255915
617.2034028629942	-49.32931049971988
617.2248850439627	-49.22988788063999
617.2463672249312	-49.12370036420657
617.2580327939897	-49.062953584024655
617.2696983630483	-48.999759363459354
617.2813639321068	-48.93389875241376
617.2930295011654	-48.865125326478974
617.3046950702239	-48.79315302807877
617.3163606392825	-48.717660944390104
617.328026208341	-48.63826784678072
617.3396917773996	-48.554522870155374
617.3513573464581	-48.4658809248902
617.3630229155167	-48.37170380683541
617.3746884845752	-48.27120422541269
617.3808722184791	-48.215147116360754
617.387055952383	-48.15691088722387
617.3932396862868	-48.096303768838276
617.3994234201907	-48.03311250766879
617.4056071540946	-47.96710141017364
617.4117908879984	-47.89800248716216
617.4179746219023	-47.8255130119215
617.4241583558062	-47.74929188375826
617.43034208971	-47.66895557931295
617.4365258236139	-47.5840746268793
617.4427095575178	-47.49417093364712
617.4488932914217	-47.39871643526651
617.4550770253255	-47.297133601000496
617.4612607592294	-47.18879832976499
617.4674444931333	-47.073045662977144
617.4736282270371	-46.9491785082211
617.479811960941	-46.81647925938851
617.4859956948449	-46.67422377728886
617.4921794287487	-46.52169662886226
617.4983631626526	-46.35820590246553
617.5045468965565	-46.18308575111976
617.5107306304603	-45.995739932783664
617.5169143643642	-45.795603486070156
617.5230980982681	-45.582155264380724
617.5292818321719	-45.35491025311056
617.5354655660758	-45.11340600136293
617.5416492999797	-44.85718692224506
617.5478330338835	-44.58578739636183
617.5540167677874	-44.29869834751361
617.5602005016913	-43.995414333646856
617.5663842355951	-43.675345645113396
617.572567969499	-43.33784308929722
617.5787517034029	-42.98219379051912
617.5849354373067	-42.607618513032016
617.5911191712106	-42.2132693300025
617.5973029051145	-41.79822568314739
617.6034866390183	-41.36148769571957
617.6096703729222	-40.90196056038743
617.6158541068261	-40.41843836125599
617.62203784073	-39.90958215126377
617.6282215746338	-39.37383912688969
617.6344053085377	-38.809610682639
617.6405890424415	-38.21497481591877
617.6467727763454	-37.587762191998074
617.6529565102493	-36.92553620960427
617.6643603695879	-35.60226105216527
617.6757642289266	-34.131507865670685
617.6871680882653	-32.48962460093581
617.6985719476039	-30.648149754207672
617.7099758069426	-28.575203246937274
617.7213796662812	-26.235937281611818
617.7327835256199	-23.593529661919373
617.7441873849585	-20.61203585334459
617.7555912442972	-17.263194752267754
617.7669951036358	-13.538318432460105
617.7783989629745	-9.469743946686052
617.7852766675298	-6.874414048932402
617.7921543720852	-4.203548105705829
617.7990320766405	-1.4936658296895327
617.8059097811959	1.2127991993882776
617.8127874857512	3.8705625036543037
617.8196651903065	6.435386132976436
617.8265428948619	8.868299181340156
617.8334205994172	11.13876675729935
617.8402983039725	13.226323839061669
617.8471760085279	15.12056448137866
617.8540537130832	16.819859351442464
617.8609314176385	18.3293947285295
617.8678091221939	19.65908151281745
617.8746868267492	20.82169266720924
617.8815645313045	21.83138747616281
617.8884422358599	22.702641799540604
617.8953199404152	23.449533727602702
617.9021976449706	24.085307870141467
617.9090753495259	24.622142656739268
617.9159530540812	25.071057353050392
617.9228307586366	25.44183169492192
617.9297084631919	25.74333837707975
617.9365861677472	25.98329365845965
617.9434638723026	26.16846064466865
617.9503415768579	26.304783399755497
617.9572192814132	26.39748095242291
617.9640969859686	26.451130424624075
617.9709746905239	26.469746055969395
617.9778523950793	26.456852865064576
617.9847300996346	26.41555287202017
617.9916078041899	26.34858301510095
617.9984855087453	26.258364963841235
618.0053632133006	26.147047576947404
618.0122409178559	26.016542940312604
618.0191186224113	25.868556936467073
618.0259963269666	25.704615226043195
618.0328740315219	25.526085384651072
618.0397517360773	25.334195847309093
618.0466294406326	25.130052151519223
618.053507145188	24.914650867096082
618.0603848497433	24.688890597096638
618.0672625542986	24.45358606022104
618.074140258854	24.209472662257927
618.0810179634093	23.95721656100226
618.0878956679646	23.697422146505897
618.09477337252	23.43063859938232
618.1016510770753	23.157365454961546
618.1085287816306	22.878059646315386
618.115406486186	22.593138440118132
618.1222841907413	22.302984734072595
618.1291618952966	22.007951031099125
618.136039599852	21.708362847093564
618.1429173044073	21.40452170237512
618.1497950089627	21.096707745375465
618.156672713518	20.785182032534554
618.1635504180733	20.470188491847978
618.1704281226287	20.151955573127044
618.177305827184	19.8306976289783
618.1841835317393	19.50661608737221
618.1910612362947	19.179900466331453
618.19793894085	18.85072921820321
618.2048166454053	18.51927076990796
618.2116943499607	18.18568400063006
618.218572054516	17.850119136375
618.2254497590714	17.51271845898721
618.2323274636267	17.173616962102248
618.239205168182	16.832942964498592
618.2460828727374	16.49081867072307
618.2529605772927	16.14736066602421
618.259838281848	15.80268033896003
618.2667159864034	15.456884233187303
618.2735936909587	15.11007433386763
618.280471395514	14.762348295429366
618.2873491000694	14.413799619700459
618.2942268046247	14.064517796571646
618.30110450918	13.714588420586773
618.3079822137354	13.364093294872474
618.3148599182907	13.013110530120763
618.3217376228461	12.661714643049123
618.3286153274014	12.309976656631733
618.3354930319567	11.957964236575082
618.3423707365121	11.605741690497224
618.3492484410674	11.253370204997184
618.3561261456227	10.900907946396597
618.3630038501781	10.548410158337859
618.3698815547334	10.195929269737036
618.3767592592887	9.843515005410671
618.3836369638441	9.491214496343943
618.3905146683994	9.139072387078006
618.3973923729548	8.787130937859763
618.4042700775101	8.435430120262268
618.4111477820654	8.084007706005618
618.4180254866208	7.732899348973538
618.4249031911761	7.3821386853990365
618.4317808957314	7.031757557162436
618.4386586002868	6.681786442287756
618.4455363048421	6.33225491305824
618.4524140093974	5.983191941531317
618.4592917139528	5.634625943600896
618.4661694185081	5.286584474227204
618.4730471230635	4.939093960618801
618.4799248276188	4.592179813919898
618.4868025321741	4.245866422182353
618.4936802367295	3.9001770067695443
618.5005579412848	3.5551330760389988
618.5074356458401	3.2107547421908817
618.5143133503955	2.867061432678821
618.5211910549508	2.524071718206585
618.5280687595061	2.181802536568238
618.5349464640615	1.8402688383397705
618.5418241686168	1.4994837730171295
618.5487018731721	1.159459997842812
618.5555795777275	0.820210423461191
618.5624572822828	0.48174723283612436
618.5693349868382	0.14408074456229203
618.5762126913935	-0.1927806444929793
618.5830903959488	-0.5288300163305881
618.5899681005042	-0.8640609306586481
618.5968458050595	-1.198465819825025
618.6037235096148	-1.5320369775131144
618.6106012141702	-1.8647685663048288
618.6174789187255	-2.1966567272234894
618.6243566232808	-2.5276988070735094
618.6312343278362	-2.8578933050728303
618.6381120323915	-3.187240058230013
618.6449897369469	-3.5157393887915145
618.6518674415022	-3.8433896969041097
618.6587451460575	-4.170189411048238
618.6656228506129	-4.496138996898374
618.6725005551682	-4.82124050619142
618.6793782597235	-5.145496788508218
618.6862559642789	-5.468911486247677
618.6931336688342	-5.791489252443424
618.7000113733895	-6.113235741281281
618.7114184049955	-6.645054699601013
618.7228254366014	-7.174623851097308
618.7342324682073	-7.701958122714683
618.7456394998133	-8.227080889616197
618.7570465314192	-8.750022004667956
618.7684535630251	-9.27081284576091
618.779860594631	-9.789485606124263
618.791267626237	-10.306061466133364
618.8026746578429	-10.820542155469024
618.8140816894488	-11.332944165535535
618.8254887210547	-11.843288358736947
618.8368957526607	-12.35142319223538
618.8483027842666	-12.857163672541331
618.8597098158725	-13.360348134743212
618.8711168474784	-13.860857693074006
618.8825238790844	-14.35857868606762
618.8939309106903	-14.853405869822867
618.9053379422962	-15.345219678866588
618.9167449739022	-15.83390475555427
618.9281520055081	-16.319374546458658
618.939559037114	-16.80156275611515
618.9509660687199	-17.28041047034042
618.9623731003259	-17.755864489566505
618.9737801319318	-18.227882721356778
618.9851871635377	-18.696421283621678
618.9965941951436	-19.161432874457436
619.0080012267496	-19.62287640312234
619.0194082583555	-20.08071801706033
619.0308152899614	-20.534932347168102
619.0422223215674	-20.985493599926826
619.0536293531733	-21.43237409080041
619.0650363847792	-21.875543984555545
619.0764434163851	-22.314979289967233
619.0878504479911	-22.750659089018004
619.099257479597	-23.182567024609472
619.1106645112029	-23.610691560231608
619.1220715428088	-24.035025026629533
619.1334785744148	-24.455563046647733
619.1448856060207	-24.87230467318951
619.1562926376266	-25.285251916773905
619.1676996692325	-25.694407514537613
619.1791067008385	-26.09977620448341
619.1905137324444	-26.501359701672897
619.2019207640503	-26.89916035747174
619.2133277956563	-27.293178493836873
619.2247348272622	-27.683414374086897
619.2361418588681	-28.069869054319597
619.247548890474	-28.4525442493604
619.25895592208	-28.831442087931762
619.2703629536859	-29.206565222247878
619.2817699852918	-29.57791700291451
619.2931770168977	-29.94550146118456
619.3045840485037	-30.309323158169683
619.3159910801096	-30.66938703005431
619.3273981117155	-31.025698264480255
619.3388051433215	-31.37826219048621
619.3502121749274	-31.727084171429375
619.3616192065333	-32.07216953231322
619.3730262381392	-32.41352417481249
619.3844332697452	-32.751154378100956
619.3958403013511	-33.08506575973189
619.407247332957	-33.415263511187135
619.4186543645629	-33.74175231934209
619.4300613961689	-34.064536397677415
619.4414684277748	-34.3836193270617
619.4528754593807	-34.69900407957899
619.4642824909866	-35.010693093613455
619.4756895225926	-35.31868889882347
619.4870965541985	-35.622994033092155
619.4985035858044	-35.92361160405192
619.5099106174104	-36.22054388907262
619.5213176490163	-36.5137932264219
619.5327246806222	-36.80336151917118
619.5441317122281	-37.0892502730864
619.5555387438341	-37.37146077710741
619.56694577544	-37.649994245569935
619.5783528070459	-37.92485198865562
619.5897598386518	-38.19603732443437
619.6011668702578	-38.463554195157606
619.6125739018637	-38.72740618791078
619.6239809334696	-38.98759751573657
619.6353879650756	-39.24413251894047
619.6467949966815	-39.49701651843825
619.6582020282874	-39.74625553727089
619.6696090598933	-39.99185826815182
619.6810160914993	-40.233834556026004
619.6924231231052	-40.47219827564196
619.7038301547111	-40.706964698444814
619.710795147136	-40.84854847903314
619.7177601395608	-40.98880151542559
619.7247251319857	-41.12772844864064
619.7316901244105	-41.26533430311943
619.7386551168354	-41.40162445491514
619.7456201092602	-41.536604671003516
619.7525851016851	-41.670281855765495
619.75955009411	-41.802663767613225
619.7665150865348	-41.93375823223336
619.7770164219838	-42.12899777117808
619.7875177574329	-42.321359589776804
619.7980190928819	-42.51088000082527
619.8085204283309	-42.69763089814058
619.8190217637799	-42.88166741115896
619.8295230992289	-43.0630385008141
619.840024434678	-43.24180079686477
619.850525770127	-43.41801291007673
619.861027105576	-43.59172792656475
619.871528441025	-43.76299362077911
619.882029776474	-43.931855598966365
619.8925311119231	-44.09835859340007
619.9030324473721	-44.262546092026874
619.9135337828211	-44.42445958086349
619.9240351182701	-44.58413823674263
619.9345364537191	-44.74161915765568
619.9450377891682	-44.89693772315008
619.9555391246172	-45.05012780795606
619.9660404600662	-45.20122190654743
619.9765417955152	-45.350251307393926
619.9870431309643	-45.49724633799818
619.9975444664133	-45.642236591741344
620.0080458018623	-45.78525107257517
620.0185471373113	-45.926318351867494
620.0290484727603	-46.065466759261184
620.0395498082094	-46.2027245449624
620.0500511436584	-46.33811998332785
620.0605524791074	-46.47168145941427
620.0710538145564	-46.60343756369833
620.0815551500054	-46.73341716563883
620.0920564854545	-46.86164944601638
620.1025578209035	-46.98816390797982
620.1130591563525	-47.11299038588551
620.1235604918015	-47.23615904199351
620.1340618272505	-47.357700345878925
620.1445631626996	-47.47764504740774
620.1550644981486	-47.59602413972458
620.1655658335976	-47.71286880033436
620.1760671690466	-47.82821032430854
620.1865685044957	-47.94208006860166
620.1970698399447	-48.05450940114212
620.2075711753937	-48.165529643238344
620.2180725108427	-48.27517200960152
620.2285738462917	-48.38346755499932
620.2390751817408	-48.49044712618722
620.2495765171898	-48.596141314047784
620.2600778526388	-48.70058040523602
620.2705791880878	-48.80379433499955
620.2810805235368	-48.90581264576753
620.2915818589859	-49.00666445647437
620.3020831944349	-49.10637843982705
620.3125845298839	-49.2049828016652
620.3230858653329	-49.30250525928345
620.333587200782	-49.39897301732928
620.344088536231	-49.49441274301345
620.3598909339624	-49.63614990105973
620.3756933316939	-49.77570447068712
620.3914957294254	-49.91316007424645
620.4072981271569	-50.04859722641256
620.4231005248884	-50.18209341966874
620.4389029226198	-50.313723162360965
620.4547053203513	-50.443558022012034
620.4705077180828	-50.57166669504409
620.4863101158143	-50.69811507883711
620.5021125135457	-50.82296633208494
620.5179149112772	-50.94628093261826
620.5337173090087	-51.068116744577345
620.5495197067402	-51.188529096946944
620.5653221044716	-51.30757086739159
620.5811245022031	-51.425292564309885
620.5969268999346	-51.54174240400477
620.6127292976661	-51.65696638341286
620.6285316953976	-51.77100834955704
620.644334093129	-51.88391006636109
620.6601364908605	-51.995711279019766
620.675938888592	-52.10644977583368
620.6917412863235	-52.21616144740864
620.7075436840549	-52.3248803434993
620.7233460817864	-52.43263872823055
620.7391484795179	-52.53946713457291
620.7633065938495	-52.70104877507031
620.7874647081811	-52.86061948862921
620.8116228225127	-53.018266450252604
620.8357809368443	-53.174069676363125
620.859939051176	-53.32810154081988
620.8840971655076	-53.48042721174113
620.9082552798392	-53.63110528739792
620.9450212130153	-53.8573704031863
620.9817871461913	-54.08010196171092
621.0185530793674	-54.299430672154685
621.0553190125435	-54.51547252425572
621.0920849457195	-54.72832269578729
621.1288508788956	-54.93805803749026
621.1656168120717	-55.14474095354392
621.2023827452477	-55.34842243427268
621.2644582665636	-55.68560367885965
621.3265337878794	-56.014492264238115
621.3886093091952	-56.33523006809089
621.4913057664506	-56.84821906077105
621.5940022237061	-57.33951876272526
621.6966986809615	-57.809581684337005
621.7993951382169	-58.258799105609434
621.9643839831162	-58.938099014592275
622.1293728280156	-59.567920785374405
622.2943616729149	-60.15100987466421
622.4593505178142	-60.68995021905596
622.6243393627135	-61.18766053267521
622.7893282076128	-61.647320964758954
622.9543170525121	-62.07196556268603
623.1193058974114	-62.46425064795696
623.3926756115088	-63.04907076091626
623.6660453256062	-63.56096070063411
623.9394150397036	-64.0085864505313
624.212784753801	-64.39949748954311
624.4861544678984	-64.7402146764043
624.7595241819957	-65.03639793195276
625.1984337270736	-65.43088785071002
625.6373432721515	-65.74067082029153
626.0762528172294	-65.98027217602436
626.7503156733912	-66.23800489228124
627.4243785295531	-66.39096680467303
628.098441385715	-66.46408581578328
628.7725042418768	-66.47657298098956
629.4465670980387	-66.44316624184141
630.1206299542006	-66.37542170392592
630.7946928103624	-66.28194589310992
631.4687556665243	-66.16909285405424
632.1428185226862	-66.0421313522134
632.816881378848	-65.90501119610262
633.4909442350099	-65.76073326982069
634.1650070911718	-65.61185670105316
634.8390699473337	-65.45998000402099
635.5131328034955	-65.3064973175791
636.1871956596574	-65.15268005379792
636.8612585158193	-64.99903528517413
637.5353213719811	-64.84633426183494
638.209384228143	-64.69510779167047
638.8834470843049	-64.54549975271853
639.5575099404667	-64.39794435849866
640.2315727966286	-64.25244685771267
640.9056356527905	-64.10903493503604
641.5796985089523	-63.96788225246922
642.2537613651142	-63.82896946195304
642.9278242212761	-63.69241164907281
643.6018870774379	-63.55819960849042
644.2759499335998	-63.42610720907466
644.9500127897617	-63.296296729752164
645.6240756459235	-63.168660700215604
646.2981385020854	-63.04306473064241
646.9722013582473	-62.91958998105556
647.6462642144091	-62.79802063677821
648.320327070571	-62.67834902316859
648.7677146324548	-62.59997060241253
649.2151021943387	-62.522376854795056
649.6624897562225	-62.445578815475244
650.1098773181063	-62.369580858258146
650.5572648799902	-62.29433550608839
651.004652441874	-62.219802525960105
651.4520400037578	-62.145951442444925
651.8994275656416	-62.072767521969986
652.3468151275255	-62.00024518281776
652.7942026894093	-61.92836093946709
653.2415902512931	-61.85710501703005
653.688977813177	-61.78647512297824
654.1363653750608	-61.71645021259455
654.5837529369446	-61.64701921383147
655.0311404988284	-61.57817096984835
655.4785280607123	-61.50988685389135
655.9259156225961	-61.442162879598825
656.3733031844799	-61.37498661306741
656.8206907463638	-61.30834077913739
657.2680783082476	-61.24222065758799
657.7154658701314	-61.176614440781044
658.1628534320153	-61.11151281727906
658.6102409938991	-61.04691188920923
659.0576285557829	-60.9827978804475
659.5050161176667	-60.91915814232427
659.9524036795506	-60.855977223418556
660.3997912414344	-60.79323968868274
660.8471788033182	-60.730938798110785
661.2945663652021	-60.66907021481576
661.7419539270859	-60.607627346192594
662.1893414889697	-60.54660334290716
662.6367290508535	-60.48598787016793
663.0841166127374	-60.42577164663041
663.5315041746212	-60.365948319567075
663.978891736505	-60.30650963086423
664.4262792983889	-60.24744863316605
664.8736668602727	-60.188760629693675
665.3210544221565	-60.1304389028644
665.7684419840404	-60.0724771655265
666.2158295459242	-60.01487015752497
666.663217107808	-59.957611008132154
667.1106046696918	-59.90068976464467
667.5579922315757	-59.844096086675385
668.0053797934595	-59.7878237402662
668.4527673553433	-59.7318729984401
668.9001549172272	-59.676246298137826
669.347542479111	-59.62094383111465
669.7949300409948	-59.56596243529572
670.2423176028786	-59.51129734140734
670.6897051647625	-59.45694264102926
671.1370927266463	-59.402891769235104
671.5844802885301	-59.349140386140945
672.031867850414	-59.295687254146415
672.4792554122978	-59.242531610439585
672.9266429741816	-59.189669576777554
673.3740305360654	-59.13709498321387
673.8214180979493	-59.08480081063884
674.2688056598331	-59.03278152520675
674.7161932217169	-58.981032916766246
675.1635807836008	-58.929551419661394
675.6109683454846	-58.87833469098705
676.0583559073684	-58.8273841530092
676.5057434692523	-58.776702648629026
676.9531310311361	-58.726289377029524
677.4005185930199	-58.6761374640762
677.8479061549037	-58.62623776695023
678.2952937167876	-58.57658278275105
678.7426812786714	-58.52716841664388
679.1900688405552	-58.47799200220844
679.637456402439	-58.42905233344024
680.0848439643229	-58.380349749289074
680.5322315262067	-58.33188425378182
680.9796190880905	-58.28365338183138
681.4270066499744	-58.23565225618875
681.8743942118582	-58.18787686469077
682.321781773742	-58.14032491741187
682.7691693356259	-58.092996282599685
683.2165568975097	-58.04589018442608
683.6639444593935	-57.99900573464284
684.1113320212773	-57.9523413174926
684.5587195831612	-57.90589544476839
685.006107145045	-57.85966227822831
685.4534947069288	-57.81363354202738
685.9008822688127	-57.767803308367284
686.3482698306965	-57.7221740271751
686.7956573925803	-57.67675003130412
687.2430449544642	-57.63153538835779
687.690432516348	-57.58652779194399
688.1378200782318	-57.54172766889128
688.5852076401156	-57.49712987308123
689.0325952019995	-57.45273422608329
689.4799827638833	-57.40853048666434
689.9273703257671	-57.36452024842188
690.374757887651	-57.32070050695618
690.8221454495348	-57.27706969106154
691.2695330114186	-57.23361226229032
691.7169205733024	-57.190330318564264
692.1643081351863	-57.14721064055783
692.6116956970701	-57.1042751541292
693.0590832589539	-57.06149516172154
693.5064708208378	-57.01888377051097
693.9538583827216	-56.9764358042689
694.4012459446054	-56.93418221111294
694.8486335064893	-56.89208307695779
695.2960210683731	-56.850176691703396
695.7434086302569	-56.80835898450165
696.1907961921407	-56.76676575362451
696.6381837540246	-56.72517945355031
697.0855713159084	-56.683939256900686
697.5329588777922	-56.64248469416721
697.980346439676	-56.601683472959216
698.4277340015599	-56.56013158794356
698.8751215634437	-56.518642149428004
699.3225091253275	-56.477012455067765
699.7698966872114	-56.43689152631764
700.2172842490952	-56.3959653480065
700.664671810979	-56.35726793481834
701.1120593728629	-56.314225983781505
701.5594469347467	-56.27719481714955
702.0068344966305	-56.24110250045843
702.4542220585143	-56.19945217068585
702.9016096203982	-56.15820511039401
703.348997182282	-56.1189847062558
703.7963847441658	-56.08171054420365
704.2437723060497	-56.04327726456633
704.6911598679335	-56.00200757166469
705.1385474298173	-55.959108453897905
705.5859349917012	-55.91839381301042
706.033322553585	-55.87826280367801
706.4807101154688	-55.839640056249365
706.9280976773526	-55.79841146398275
707.3754852392365	-55.76014950200875
707.8228728011203	-55.714395275512715
708.2702603630041	-55.678476876067094
708.717647924888	-55.644317233873814
709.1650354867718	-55.612452527294565
709.6124230486556	-55.562925330203115
710.0598106105394	-55.52360659454678
710.3682466894958	-55.50151857703455
710.6766827684521	-55.47162307689664
710.9851188474084	-55.43900134020256
711.2935549263648	-55.400902924803795
711.6019910053211	-55.37538180627793
711.9104270842774	-55.34580222549429
712.2188631632338	-55.312762694216566
712.5272992421901	-55.283737580793805
712.8357353211464	-55.25447393318442
713.1441714001028	-55.232539737649354
713.4526074790591	-55.199062650771765
713.7610435580154	-55.172479145084196
713.9752454792323	-55.156476837687364
714.1894474004491	-55.13423672851203
714.403649321666	-55.11020919540472
714.6178512428828	-55.08317354164612
714.8320531640996	-55.0617522049735
715.0462550853165	-55.04014172377082
715.2604570065333	-55.02273632662359
715.4746589277502	-54.997761240728366
715.688860848967	-54.97089518267831
715.9030627701839	-54.944383377976465
716.1172646914007	-54.92358671080899
716.3314666126175	-54.901687278563244
716.5456685338344	-54.88294858824488
716.7598704550512	-54.86378478282347
716.974072376268	-54.84363837939105
717.1882742974849	-54.818675579502404
717.4024762187017	-54.7937855340694
717.6166781399186	-54.77061351595187
717.8308800611354	-54.74865944974126
718.0450819823523	-54.72477405092442
718.2592839035691	-54.69832040022333
718.4734858247859	-54.67088605063703
718.6876877460028	-54.64498659927784
719.0203292072936	-54.60546858400311
719.3529706685844	-54.56526452539494
719.6856121298752	-54.52487699273951
720.018253591166	-54.481198139140744
720.3508950524567	-54.438276484673004
720.6835365137475	-54.391774791849066
721.0161779750383	-54.344546709401804
721.3488194363291	-54.29607206008938
721.8830745580677	-54.21676650750263
722.4173296798064	-54.132535426270444
722.951584801545	-54.044148771958966
723.8227774489542	-53.88448013282897
724.6939700963634	-53.70065154875376
725.5651627437726	-53.49116374855787
726.4363553911818	-53.23315885697061
726.8667341034496	-53.07930671760583
727.2971128157175	-52.90173285823221
727.7274915279853	-52.691190645509316
728.1578702402531	-52.4336364601942
728.3604349377335	-52.29075772170562
728.5629996352139	-52.12841330198139
728.7655643326943	-51.940545646293344
728.9681290301747	-51.7179483602612
729.0604531909993	-51.60233685212335
729.1527773518238	-51.474972239889915
729.2451015126484	-51.33305117473434
729.3374256734729	-51.17281636472879
729.3833385014163	-51.08525967054714
729.4292513293598	-50.991237916442714
729.4751641573032	-50.889614058068666
729.5210769852466	-50.779056804101465
729.5457661564045	-50.71547803706157
729.5704553275624	-50.648520004568454
729.5951444987203	-50.57777481603441
729.6198336698782	-50.502737491466505
729.6445228410361	-50.4228242722695
729.6575551502037	-50.37850756176629
729.6705874593714	-50.33252634687861
729.6836197685391	-50.28473332090254
729.6966520777067	-50.234960200753754
729.7096843868744	-50.18301884668469
729.72349528263	-50.12540053910947
729.7373061783856	-50.064828873627185
729.7511170741411	-50.000925644571424
729.7649279698967	-49.933237597858444
729.7787388656523	-49.86121089880533
729.7925497614078	-49.78415467665736
729.8063606571634	-49.701191876236294
729.820171552919	-49.61119924392359
729.8285975078629	-49.552272353733976
729.8370234628069	-49.48981364931343
729.8454494177508	-49.423352655718915
729.8538753726948	-49.352347934963156
729.8623013276388	-49.276179355525635
729.8707272825827	-49.194144445964774
729.8791532375267	-49.10546024131302
729.8875791924706	-49.009272068359785
729.8960051474146	-48.90467092058116
729.9044311023586	-48.79072039966597
729.9128570573025	-48.666492495296914
729.9212830122465	-48.53110872148755
729.9297089671904	-48.38377955673743
729.9381349221344	-48.22383216899865
729.9465608770784	-48.05071650119062
729.9549868320223	-47.86398448208044
729.9634127869663	-47.66324520487833
729.9718387419102	-47.448106753183346
729.9802646968542	-47.218119223488344
729.9886906517982	-46.972731834306146
729.9971166067421	-46.71126831286977
730.0055425616861	-46.43292461024973
730.01396851663	-46.13677514826262
730.022394471574	-45.82178702507058
730.030820426518	-45.48683424444945
730.0392463814619	-45.13070292050232
730.0476723364059	-44.75208300610045
730.0560982913498	-44.349544318573805
730.0645242462938	-43.92149650559126
730.0729502012377	-43.46613452442987
730.0813761561817	-42.98137441137176
730.0898021111257	-42.46478871901028
730.0982280660696	-41.91355299510791
730.1066540210136	-41.324415569136384
730.1150799759575	-40.69367872770026
730.1235059309015	-40.01719560445706
730.1319318858455	-39.29036650692202
730.1403578407894	-38.508107983436524
730.1487837957334	-37.664781973739366
730.1572097506773	-36.75409248582857
730.1656357056213	-35.76897105368436
730.1787075905485	-34.07403796250527
730.1917794754756	-32.14586817091519
730.2048513604028	-29.944513677580293
730.21792324533	-27.423473511009295
730.2309951302572	-24.530846480631038
730.2440670151843	-21.21300596426139
730.2571389001115	-17.42948315787261
730.2702107850387	-13.153816351685425
730.2832826699658	-8.436274633876065
730.2906241847529	-5.627785478012023
730.29796569954	-2.7480150911039627
730.3053072143271	0.15650394418617453
730.3126487291141	3.032250760476529
730.3199902439012	5.824022191934715
730.3273317586883	8.480812217544983
730.3346732734753	10.962152557306434
730.3420147882624	13.236718350924294
730.3493563030495	15.288460763192111
730.3566978178366	17.113930252704975
730.3640393326236	18.719121234086096
730.3713808474107	20.11642053396811
730.3787223621978	21.32198898182634
730.3860638769848	22.353690346488154
730.3934053917719	23.229610984599475
730.400746906559	23.96711119721979
730.4080884213461	24.582287746145585
730.4154299361331	25.08972279466721
730.4227714509202	25.502417788867724
730.4301129657073	25.831838625179543
730.4374544804944	26.087946248914246
730.4447959952814	26.279606298764705
730.4521375100685	26.414406515320522
730.4594790248556	26.498909146565982
730.4668205396426	26.538817161428693
730.4741620544297	26.53907195230357
730.4815035692168	26.504026279013686
730.4888450840039	26.437445091098063
730.4961865987909	26.34261620939344
730.503528113578	26.222425251656503
730.5108696283651	26.07941212187188
730.5182111431521	25.91581769528869
730.5255526579392	25.733623516582757
730.5328941727263	25.534585748544213
730.5402356875134	25.320264170717095
730.5475772023004	25.092046930968237
730.5549187170875	24.85117164180248
730.5622602318746	24.598743422190257
730.5696017466616	24.335750503694822
730.5769432614487	24.063077922918424
730.5842847762358	23.78151878485271
730.5916262910229	23.491788402400655
730.5989678058099	23.194529188961948
730.606309320597	22.89032345759537
730.6136508353841	22.579698240814675
730.6209923501712	22.263133271641454
730.6283338649582	21.941066828830905
730.6356753797453	21.61390071105798
730.6430168945324	21.282004557106575
730.6503584093194	20.945719571618554
730.6576999241065	20.60536171741239
730.6650414388936	20.261224444268265
730.6723829536807	19.913580966627215
730.6797244684677	19.56268616800682
730.6870659832548	19.208778220173045
730.6944074980419	18.852080004218486
730.7017490128289	18.49280040264163
730.709090527616	18.131135503256388
730.7164320424031	17.76726973860254
730.7237735571902	17.401376962217896
730.7311150719772	17.033621426005176
730.7384565867643	16.664158754027202
730.7457981015514	16.293136588163048
730.7531396163384	15.920695350235636
730.7604811311255	15.546968764523408
730.7678226459126	15.172084276332917
730.7751641606997	14.79616339251328
730.7825056754867	14.41932195750635
730.7898471902738	14.041670377187373
730.7971887050609	13.663313804694592
730.804530219848	13.284352303729406
730.811871734635	12.90488100241255
730.8192132494221	12.524990245846318
730.8265547642092	12.144765750957841
730.8338962789962	11.764288764411146
730.8412377937833	11.383636224465878
730.8485793085704	11.00288092765305
730.8559208233575	10.622091705715734
730.8632623381445	10.241333605548654
730.8706038529316	9.860668059292703
730.8779453677187	9.480153096228953
730.8852868825057	9.099843303246866
730.8926283972928	8.719790185217795
730.8999699120799	8.340042251480673
730.907311426867	7.960645115290304
730.914652941654	7.581641609275919
730.9219944564411	7.20307193340226
730.9293359712282	6.824973997019603
730.9366774860152	6.447384045897014
730.9440190008023	6.070337351772316
730.9513605155894	5.693868596177009
730.9587020303765	5.318011671816777
730.9660435451635	4.9427992251047845
730.9733850599506	4.56826262285315
730.9807265747377	4.194432034479692
730.9880680895247	3.8213359775714983
730.9954096043118	3.4490007450012543
731.0027511190989	3.0774511433671434
731.010092633886	2.7067112186247138
731.017434148673	2.336803505455575
731.0247756634601	1.9677479745536064
731.0321171782472	1.5995617626947087
731.0394586930342	1.2322610803627323
731.0468002078213	0.8658624199126943
731.0541417226084	0.5003813592908307
731.0614832373955	0.1358309332390125
731.0688247521825	-0.22777853127956724
731.0761662669696	-0.5904387832946977
731.0835077817567	-0.9521406316790959
731.0908492965438	-1.312873609024494
731.0981908113308	-1.6726288396647855
731.1055323261179	-2.0314005039658816
731.112873840905	-2.3891851020023593
731.120215355692	-2.745980690152069
731.1275568704791	-3.101786901615784
731.1348983852662	-3.456603649136746
731.1422399000533	-3.8104286734207022
731.1495814148403	-4.163260398227649
731.1569229296274	-4.515100135890375
731.1642644444145	-4.865951243106776
731.1716059592015	-5.2158181202240534
731.1830876380279	-5.761029204218839
731.1945693168543	-6.303875233181497
731.2060509956807	-6.844391084368285
731.2175326745071	-7.3825889006010295
731.2290143533335	-7.918485478049622
731.2404960321599	-8.45211944371843
731.2519777109862	-8.983530491052877
731.2634593898126	-9.512750864078365
731.274941068639	-10.039815733648416
731.2864227474654	-10.564731183263994
731.2979044262918	-11.087514062112422
731.3093861051182	-11.608195955982021
731.3208677839445	-12.12679824017077
731.3323494627709	-12.642992313917608
731.3438311415973	-13.156591366235029
731.3553128204237	-13.667515624289447
731.3667944992501	-14.175613922379863
731.3782761780765	-14.680764117811956
731.3897578569029	-15.18284221127412
731.4012395357292	-15.681720156522948
731.4127212145556	-16.17730214695363
731.424202893382	-16.66951462921424
731.4356845722084	-17.158284344884393
731.4471662510348	-17.643536213626458
731.4586479298612	-18.125211161765026
731.4701296086876	-18.603266348960727
731.4816112875139	-19.077654406303434
731.4930929663403	-19.548320820455686
731.5045746451667	-20.015220232111208
731.5160563239931	-20.47832018850547
731.5275380028195	-20.937590115693304
731.5390196816459	-21.39299589770011
731.5505013604723	-21.84450422463934
731.5619830392986	-22.292088634585934
731.573464718125	-22.735729543380177
731.5849463969514	-23.175409794805603
731.5964280757778	-23.61111334289384
731.6079097546042	-24.04282867139947
731.6193914334306	-24.47055137077248
731.630873112257	-24.894282828904924
731.6423547910833	-25.314027470402085
731.6538364699097	-25.72979103013279
731.6653181487361	-26.141579639268937
731.6767998275625	-26.54939918116644
731.6882815063889	-26.95325528324175
731.6997631852153	-27.353153304209574
731.7112448640416	-27.74909777201518
731.722726542868	-28.14109218333061
731.7342082216944	-28.529139716395143
731.7456899005208	-28.913243947608446
731.7571715793472	-29.2934089041638
731.7686532581736	-29.669638894310857
731.780134937	-30.041938541200533
731.7916166158263	-30.41031284119635
731.8030982946527	-30.77476705334958
731.8145799734791	-31.135306533789844
731.8260616523055	-31.491936909286707
731.8375433311319	-31.844664595570165
731.8490250099583	-32.193496460841054
731.8605066887847	-32.53843878537078
731.871988367611	-32.879497134227414
731.8834700464374	-33.216676700705364
731.8949517252638	-33.54998246279641
731.9064334040902	-33.87941869769788
731.9179150829166	-34.20498908055029
731.929396761743	-34.526696873892064
731.9408784405693	-34.84454502582144
731.9523601193957	-35.158537508917256
731.9638417982221	-35.46867923588585
731.9753234770485	-35.774974283934675
731.9868051558749	-36.077425715927696
731.9982868347013	-36.37603677007144
732.0097685135277	-36.67081102693756
732.021250192354	-36.96175173590891
732.0327318711804	-37.248861711332744
732.0442135500068	-37.53214381770596
732.0556952288332	-37.811602393806375
732.0671769076596	-38.08724353489554
732.078658586486	-38.359073325178805
732.0901402653124	-38.627097323354214
732.1016219441387	-38.891321794227565
732.1131036229651	-39.15175391029818
732.1245853017915	-39.40840131615669
732.1360669806179	-39.6612722693015
732.1475486594443	-39.9103765962224
732.1590303382707	-40.15572707390462
732.170512017097	-40.397339143238646
732.1819936959234	-40.63522911422578
732.1934753747498	-40.86941464851986
732.2049570535762	-41.09991599917967
732.2164387324026	-41.32675585566605
732.227920411229	-41.54995896279145
732.2394020900554	-41.76955604401599
732.2508837688817	-41.98558219663792
732.2623654477081	-42.198073296979544
732.2738471265345	-42.40706820458784
732.2853288053609	-42.61263557800484
732.2968104841873	-42.81485989548668
732.3082921630137	-43.013808055187894
732.3197738418401	-43.20954900353018
732.3312555206664	-43.40216258343742
732.3427371994928	-43.59172122241547
732.3542188783192	-43.77829280005047
732.3657005571456	-43.961942264945606
732.377182235972	-44.142732579306546
732.3886639147984	-44.3207246147052
732.4001455936248	-44.49597659365282
732.4116272724511	-44.66854382277926
732.4231089512775	-44.83847885930326
732.4345906301039	-45.00583176808601
732.4460723089303	-45.170650296651935
732.4575539877567	-45.33298009807469
732.4690356665831	-45.4928650448642
732.4805173454095	-45.650347597929596
732.4919990242358	-45.80546905713242
732.5034807030622	-45.9582697703993
732.5149623818886	-46.108789401409325
732.526444060715	-46.257067214316784
732.5379257395414	-46.40314227197612
732.5494074183678	-46.5470535582929
732.5608890971941	-46.68884010981688
732.5723707760205	-46.82854113833518
732.5838524548469	-46.966196119919786
732.5953341336733	-47.10184481287014
732.6068158124997	-47.23552727190827
732.6182974913261	-47.36728383595459
732.6297791701525	-47.49715509529287
732.6412608489788	-47.62518185640269
732.6527425278052	-47.75140509255184
732.6642242066316	-47.87586585692897
732.675705885458	-47.9986051808886
732.6871875642844	-48.1196639905955
732.6986692431108	-48.23908303633413
732.7101509219372	-48.35690281516069
732.7216326007635	-48.473163488273826
732.7331142795899	-48.587904806348725
732.7445959584163	-48.701166043851245
732.7560776372427	-48.812985936796075
732.7675593160691	-48.923402621275045
732.7790409948955	-49.032453577067415
732.7905226737219	-49.14017558503337
732.8020043525482	-49.24660469866768
732.8134860313746	-49.35177622307749
732.824967710201	-49.45572469284641
732.8364493890274	-49.55848384333309
732.8537732576402	-49.711350748922634
732.8710971262531	-49.86169387370343
732.8884209948659	-50.009618273240285
732.9057448634787	-50.1552244089979
732.9230687320916	-50.29860831097983
732.9403926007044	-50.43986168015375
732.9577164693172	-50.579072000530786
732.9750403379301	-50.71632268758504
732.9923642065429	-50.85169323444501
733.0096880751557	-50.9852593358609
733.0270119437686	-51.11709300677681
733.0443358123814	-51.24726271372624
733.0616596809942	-51.37583352022417
733.0789835496071	-51.50286723398776
733.0963074182199	-51.628422544149984
733.1136312868327	-51.75255514548603
733.1309551554456	-51.87531785290877
733.1482790240584	-51.996760709878345
733.1656028926712	-52.116931092004215
733.1829267612841	-52.23587380524986
733.2002506298969	-52.35363117810883
733.2175744985097	-52.4702431483559
733.2437910552998	-52.64461866610415
733.2700076120898	-52.816577387022726
733.2962241688798	-52.98622998227099
733.3224407256698	-53.153675923825894
733.3486572824598	-53.31900437096908
733.3748738392499	-53.48229543918217
733.4010903960399	-53.64362114752184
733.4273069528299	-53.80304599011419
733.4535235096199	-53.96062739490351
733.5008610970884	-54.24065349197918
733.548198684557	-54.515086438267176
733.5955362720255	-54.784126559205156
733.642873859494	-55.047932046085144
733.6902114469625	-55.306628676881324
733.737549034431	-55.56031725674389
733.8100772793066	-55.9394803113708
733.8826055241822	-56.3073214657429
733.9922964849065	-56.842534136723025
734.1019874456309	-57.35298160135985
734.2116784063553	-57.839230325197846
734.3213693670797	-58.301779780384926
734.4310603278041	-58.741363997562004
734.5407512885284	-59.15899785516777
734.6504422492528	-59.555729399113524
734.7601332099772	-59.93246261795736
734.8698241707016	-60.290035403575814
734.979515131426	-60.629355977898335
735.0892060921503	-60.95138966516268
735.1988970528747	-61.25705142025594
735.3085880135991	-61.54716114921377
735.4903617857732	-61.995791442201686
735.6721355579473	-62.40717609681205
735.8539093301214	-62.78432600965528
736.0356831022955	-63.130075125829194
736.2174568744696	-63.446996391976796
736.3992306466437	-63.73732608112413
736.6778070206494	-64.13525891846642
736.9563833946552	-64.48187578968472
737.2349597686609	-64.78292302418507
737.6795077350628	-65.18150443530816
738.1240557014646	-65.4945280506199
738.5686036678665	-65.73609845682043
739.0131516342683	-65.91794664949889
739.4576996006701	-66.04994765661826
739.902247567072	-66.140357500977
740.3467955334738	-66.19609821818617
740.7913434998757	-66.22289426359754
741.2358914662775	-66.22550675310461
741.9587389831347	-66.18849231392699
742.6815864999919	-66.1121538121726
743.4044340168491	-66.00687770880566
744.1272815337063	-65.88049951066071
744.8501290505635	-65.73907149909525
745.5729765674207	-65.58728625987148
746.2958240842779	-65.42860433084503
747.0186716011351	-65.2655859542038
747.7415191179923	-65.10024280590667
748.4643666348495	-64.93401634996643
749.1872141517067	-64.76800598221784
749.9100616685639	-64.60307836108186
750.6329091854211	-64.43975953100659
751.3557567022783	-64.27848245368595
752.0786042191355	-64.11956787084941
752.8014517359927	-63.96313911639065
753.5242992528499	-63.80933508499629
754.2471467697071	-63.658212467428385
754.9699942865643	-63.50976284008255
755.6928418034215	-63.364042298476654
756.4156893202787	-63.221016581215814
757.1385368371359	-63.080594359292924
757.8613843539931	-62.942692410174615
758.5842318708503	-62.807202884828506
759.3070793877075	-62.674076700743
760.0299269045647	-62.54326927646083
760.7527744214219	-62.41469829489477
761.4756219382791	-62.28831989240645
762.1984694551363	-62.16404246953176
762.9213169719935	-62.04176401293723
763.372512455986	-61.9664253936857
763.8237079399785	-61.89182487394016
764.274903423971	-61.817944831341435
764.7260989079634	-61.74478052518194
765.1772943919559	-61.67231394564435
765.6284898759484	-61.60052529163224
766.0796853599409	-61.52939449584749
766.5308808439333	-61.45889364424037
766.9820763279258	-61.38900820825459
767.4332718119183	-61.31972827996107
767.8844672959108	-61.25103845387144
768.3356627799033	-61.182932119014865
768.7868582638957	-61.11539684954757
769.2380537478882	-61.04841616639933
769.6892492318807	-60.98198350760171
770.1404447158732	-60.91608649922731
770.5916401998657	-60.85071281358454
771.0428356838581	-60.78585688638219
771.4940311678506	-60.72150567867519
771.9452266518431	-60.65764909212387
772.3964221358356	-60.59428060103542
772.847617619828	-60.531393298779975
773.2988131038205	-60.468982020288216
773.750008587813	-60.40703887444904
774.2012040718055	-60.34555200156691
774.652399555798	-60.28451002814747
775.1035950397904	-60.22390255495124
775.5547905237829	-60.16372153790783
776.0059860077754	-60.10396073699916
776.4571814917679	-60.0446126960042
776.9083769757603	-59.98567053059628
777.3595724597528	-59.9271280861317
777.8107679437453	-59.868978615694
778.2619634277378	-59.811216773124144
778.7131589117303	-59.753837436719955
779.1643543957227	-59.69683474735799
779.6155498797152	-59.640204092165945
780.0667453637077	-59.58394066416577
780.5179408477002	-59.528038847747474
780.9691363316927	-59.47249440475286
781.4203318156851	-59.41730213064275
781.8715272996776	-59.36245310796859
782.3227227836701	-59.307939571483416
782.7739182676626	-59.253760327255186
783.225113751655	-59.19991924288524
783.6763092356475	-59.14641794254151
784.12750471964	-59.093252965129615
784.5787002036325	-59.04041773974304
785.029895687625	-58.98790564369109
785.4810911716174	-58.93571067918044
785.9322866556099	-58.883828331301046
786.3834821396024	-58.83225542780519
786.8346776235949	-58.780989705956685
787.2858731075873	-58.73002788737164
787.7370685915798	-58.67936606823826
788.1882640755723	-58.62900069343035
788.6394595595648	-58.57892919181969
789.0906550435573	-58.52914858527695
789.5418505275497	-58.47965652746004
789.9930460115422	-58.43045169614029
790.4442414955347	-58.38153260178954
790.8954369795272	-58.332895719028116
791.3466324635197	-58.28453625077943
791.7978279475121	-58.23644970707463
792.2490234315046	-58.18863357312956
792.7002189154971	-58.14108554449772
793.1514143994896	-58.09380300048624
793.602609883482	-58.0467826250837
794.0538053674745	-58.0000221032734
794.505000851467	-57.95351842339172
794.9561963354595	-57.907269015101676
795.407391819452	-57.86127062143732
795.8585873034444	-57.8155215907511
796.3097827874369	-57.770018876286336
796.7609782714294	-57.72476087891747
797.2121737554219	-57.67974317941206
797.6633692394144	-57.63496078026757
798.1145647234068	-57.59040842867812
798.5657602073993	-57.54608518074277
799.0169556913918	-57.5019908363401
799.4681511753843	-57.458126852213454
799.9193466593767	-57.41449147978172
800.3705421433692	-57.371082073578265
800.8217376273617	-57.327890851151096
801.2729331113542	-57.28491423119725
801.7241285953467	-57.24214492510407
802.1753240793391	-57.19958575715987
802.6265195633316	-57.1572271875025
803.0777150473241	-57.11507608373456
803.5289105313166	-57.07311389652903
803.980106015309	-57.03135979478774
804.4313014993015	-56.98977577906334
804.882496983294	-56.94840700182634
805.3336924672865	-56.90717385169088
805.784887951279	-56.866115765085574
806.2360834352714	-56.82521645655435
806.6872789192639	-56.784551051251434
807.1384744032564	-56.7440101915714
807.5896698872489	-56.70372287612238
808.0408653712414	-56.66341086511486
808.4920608552338	-56.623232102658434
808.9432563392263	-56.58315724699809
809.3944518232188	-56.543478632820985
809.8456473072113	-56.50375462227722
810.2968427912037	-56.46454489026226
810.7480382751962	-56.42466431047112
811.1992337591887	-56.38601669706611
811.6504292431812	-56.345527624187405
812.1016247271737	-56.3050323620993
812.5528202111661	-56.264009049554886
813.0040156951586	-56.226470409617995
813.4552111791511	-56.1865013361666
813.9064066631436	-56.15222355781389
814.357602147136	-56.11783927254643
814.8087976311285	-56.07733444491543
815.259993115121	-56.03757459649369
815.7111885991135	-55.99169098450957
816.162384083106	-55.949046941587895
816.6135795670984	-55.90681301036254
817.0647750510909	-55.874706764318645
817.5159705350834	-55.84269480397878
817.9671660190759	-55.80241991347621
818.4183615030684	-55.76224748069669
818.8695569870608	-55.71434761683844
819.3207524710533	-55.67077222789911
819.7719479550458	-55.62740971256372
820.2231434390383	-55.59640512058529
820.6743389230307	-55.5652648516462
821.1255344070232	-55.5237333031872
821.5767298910157	-55.48276619801738
822.0279253750082	-55.44505241499999
822.4791208590007	-55.40991708874726
822.9303163429931	-55.37357125457235
823.3815118269856	-55.330600367545784
823.8327073109781	-55.285300025996214
824.2839027949706	-55.24007399546173
824.735098278963	-55.202874339983055
825.1862937629555	-55.16476558850629
825.637489246948	-55.12446088517121
826.0886847309405	-55.074722589120036
826.539880214933	-55.02305402234783
826.9910756989254	-54.97956741335894
827.4422711829179	-54.93470365333899
827.8934666669104	-54.886177889023664
828.3446621509029	-54.832246469238676
828.7958576348954	-54.78002478089533
829.2470531188878	-54.73270516363888
829.6982486028803	-54.69155051110716
830.1494440868728	-54.636730564082384
830.6006395708653	-54.576934361227494
831.0518350548577	-54.51627305081841
831.5030305388502	-54.46528963529441
831.9542260228427	-54.407234081628445
832.4054215068352	-54.34007388625699
832.8566169908277	-54.2749547681324
833.3078124748201	-54.2076521951119
833.7590079588126	-54.13311591619193
834.2102034428051	-54.05567418711768
834.6613989267976	-53.97812449602207
835.11259441079	-53.894511177671895
835.5637898947825	-53.79719920925736
836.014985378775	-53.690036626166965
836.4661808627675	-53.579805566243685
836.91737634676	-53.457275354279204
837.3685718307524	-53.31249894689593
837.8197673147449	-53.139692684226254
838.2709627987374	-52.943514153964834
838.7221582827299	-52.70947401854523
839.1733537667224	-52.407464794667
839.6245492507148	-52.00690254765746
839.737348121713	-51.88740011004325
839.8501469927112	-51.75489594811855
839.9629458637094	-51.602212714758494
840.0757447347075	-51.42405448113939
840.1885436057057	-51.2138800452081
840.2641184956441	-51.049419441792
840.3396933855824	-50.85784981886965
840.358587108067	-50.804525988047956
840.3774808305516	-50.74856637857484
840.4096750448305	-50.64622846914657
840.4418692591094	-50.533317151356485
840.4740634733882	-50.4069722771403
840.4924162301613	-50.32741306359735
840.5107689869344	-50.2410067821347
840.5227163966672	-50.18036875562196
840.5346638064	-50.11562966854545
840.5466112161328	-50.04609174000409
840.5585586258655	-49.97088445354044
840.5705060355983	-49.88892686166084
840.5824534453311	-49.798891186247744
840.5944008550639	-49.69917562318814
840.6063482647967	-49.587898002272745
840.6182956745295	-49.462925970841574
840.6302430842622	-49.32196117432956
840.642190493995	-49.162689145718986
840.6541379037278	-48.98298683591688
840.6660853134606	-48.7811429880188
840.6780327231934	-48.55600622448713
840.6899801329262	-48.30697033309576
840.701927542659	-48.03377128464022
840.7138749523917	-47.736182313299004
840.7258223621245	-47.413762243131806
840.7377697718573	-47.06575804332524
840.7497171815901	-46.69112821039517
840.7616645913229	-46.28856407688749
840.7736120010557	-45.85641100560384
840.7855594107884	-45.39245953441673
840.7975068205212	-44.89366555078567
840.809454230254	-44.35588658978239
840.8214016399868	-43.77373676412083
840.8333490497196	-43.14054361079498
840.8452964594524	-42.44835164838808
840.8572438691851	-41.68790529222118
840.8691912789179	-40.848564927225766
840.8811386886507	-39.91812755592007
840.8930860983835	-38.882667370416456
840.9050335081163	-37.726405958359734
840.9169809178491	-36.43147383797304
840.9289283275818	-34.97740272241403
840.9408757373146	-33.34039844171265
840.9528231470474	-31.492680772788344
840.9647705567802	-29.40205444156603
840.976717966513	-27.032015893925365
840.9886653762458	-24.342686631696488
841.0006127859785	-21.293301500296508
841.0125601957113	-17.848619222666667
841.0245076054441	-13.993427876093882
841.0364550151769	-9.747080909631688
841.0484024249097	-5.184751394355162
841.0603498346425	-0.45364956655910654
841.0722972443752	4.235335389794795
841.0803245656615	7.2404087568210675
841.0883518869477	10.053527644005346
841.096379208234	12.628934838542355
841.1044065295202	14.94001802549334
841.1124338508065	16.97831452961096
841.1204611720927	18.75016384166804
841.128488493379	20.271906662465824
841.1365158146652	21.565206433828898
841.1445431359515	22.653665584844678
841.1525704572377	23.560802989911565
841.160597778524	24.30889474818437
841.1686250998102	24.91830204334373
841.1766524210965	25.407154934349336
841.1846797423827	25.79132062174893
841.192707063669	26.084549049635424
841.2007343849552	26.298690128266955
841.2087617062415	26.44392090030267
841.2167890275277	26.528961930594726
841.224816348814	26.561279709345957
841.2328436701002	26.547272894149412
841.2408709913865	26.492444539655807
841.2488983126727	26.401521401085294
841.256925633959	26.27859418938052
841.2649529552452	26.127214751626546
841.2729802765315	25.950471863920814
841.2810075978177	25.751058042702322
841.289034919104	25.53132799333737
841.2970622403902	25.29334751639125
841.3050895616765	25.038933595322522
841.3131168829627	24.769687512069538
841.321144204249	24.48702278872944
841.3291715255352	24.192189328730276
841.3371988468215	23.886294626015147
841.3452261681077	23.570322466995155
841.353253489394	23.24514935568284
841.3612808106802	22.911558891263887
841.3693081319665	22.570254311688554
841.3773354532527	22.221869351759747
841.385362774539	21.866977551271535
841.3933900958252	21.50610019440236
841.4014174171115	21.139713136027098
841.4094447383977	20.768252325541475
841.417472059684	20.392118861933525
841.4254993809702	20.01168295298046
841.4335267022565	19.627287160273955
841.4415540235427	19.239249125346397
841.449581344829	18.84786392454238
841.4576086661152	18.453406188055737
841.4656359874015	18.05613206441167
841.4736633086877	17.65628105773588
841.481690629974	17.254077737429505
841.4897179512602	16.849733295751857
841.4977452725465	16.443446911729346
841.5057725938327	16.035406891121053
841.513799915119	15.625791580641092
841.5218272364052	15.214770083433823
841.5298545576915	14.802502820460074
841.5378818789777	14.389141981876199
841.545909200264	13.97483189801971
841.5539365215502	13.55970934836689
841.5619638428365	13.143903833111349
841.5699911641227	12.727537809735686
841.578018485409	12.310726959380169
841.5860458066952	11.893580435221272
841.5940731279815	11.476201107629464
841.6021004492677	11.058685815586983
841.610127770554	10.641125632156497
841.6181550918402	10.223606147388677
841.6261824131265	9.806207750116613
841.6342097344127	9.389005882601523
841.642237055699	8.972071268525328
841.6502643769852	8.555470134649413
841.6582916982715	8.139264431685202
841.6663190195577	7.723512038806851
841.674346340844	7.308266939209299
841.6823736621302	6.8935795191194025
841.6904009834165	6.479497389244418
841.6984283047027	6.066066735907314
841.706455625989	5.653333253248257
841.7144829472752	5.241341621107918
841.7225102685615	4.830134323961421
841.7305375898477	4.4197517118358
841.738564911134	4.0102327236119075
841.7465922324202	3.6016140482083143
841.7546195537064	3.1939292146043528
841.7626468749927	2.787209764074785
841.770674196279	2.381485848794051
841.7787015175652	1.9767843720125955
841.7867288388514	1.5731277435523294
841.7947561601377	1.1705369264860899
841.802783481424	0.7690342578734978
841.8108108027102	0.3686404636920349
841.8188381239964	-0.030629248715376575
841.8268654452827	-0.4287639210442646
841.8348927665689	-0.825752007278727
841.8429200878552	-1.2215789062161646
841.8509474091414	-1.6162313044465166
841.8589747304277	-2.0097019368824225
841.8670020517139	-2.4019876947227194
841.8750293730002	-2.7930858976278166
841.8830566942864	-3.1829950095777977
841.8910840155727	-3.571713480796073
841.8991113368589	-3.959238825425068
841.9071386581452	-4.345571407661775
841.9151659794314	-4.7307155819892985
841.9231933007177	-5.1146767689981
841.9312206220039	-5.497460860109525
841.9392479432902	-5.8790763383476605
841.9472752645764	-6.259534919178628
841.9553025858627	-6.638850122800272
841.9633299071489	-7.017026882526313
841.9758218168222	-7.603284236657072
841.9883137264954	-8.186833493920712
842.0008056361687	-8.76771965405929
842.013297545842	-9.345989090904338
842.0257894555152	-9.92169197146142
842.0382813651885	-10.494849647651835
842.0507732748617	-11.065479272325558
842.063265184535	-11.63361787292546
842.0757570942083	-12.199298069016805
842.0882490038815	-12.762075615659192
842.1007409135548	-13.321721578705347
842.113232823228	-13.878139636898478
842.1257247329013	-14.43118756454221
842.1382166425745	-14.980658181751974
842.1507085522478	-15.526359231372217
842.1632004619211	-16.06814741284837
842.1756923715943	-16.60593355787224
842.1881842812676	-17.139641634275954
842.2006761909408	-17.669178248375555
842.2131681006141	-18.19445178767536
842.2256600102874	-18.71539214793214
842.2381519199606	-19.231934898361164
842.2506438296339	-19.74401561399141
842.2631357393071	-20.251581580121396
842.2756276489804	-20.754589874594217
842.2881195586536	-21.25299862972797
842.3006114683269	-21.746766128303957
842.3131033780002	-22.235854904438305
842.3255952876734	-22.720234963530082
842.3380871973467	-23.199883234556754
842.3505791070199	-23.67478188783949
842.3630710166932	-24.144918891818325
842.3755629263665	-24.610289631251785
842.3880548360397	-25.070896824373136
842.400546745713	-25.526748342202843
842.4130386553862	-25.97785413089902
842.4255305650595	-26.424224064754217
842.4380224747327	-26.8658674372697
842.450514384406	-27.30279272159216
842.4630062940793	-27.735006939773523
842.4754982037525	-28.16251574405284
842.4879901134258	-28.58532418662755
842.500482023099	-29.003437264164653
842.5129739327723	-29.41686003245044
842.5254658424456	-29.82559787279114
842.5379577521188	-30.229656847433418
842.5504496617921	-30.62904347935126
842.5629415714653	-31.023764512091883
842.5754334811386	-31.413827238319666
842.5879253908118	-31.79923999972935
842.6004173004851	-32.18001134580517
842.6129092101584	-32.55614886030739
842.6254011198316	-32.92765931003964
842.6378930295049	-33.29454924177972
842.6503849391781	-33.65682475056411
842.6628768488514	-34.014490982117394
842.6753687585247	-34.36755223048657
842.6878606681979	-34.7160123662724
842.7003525778712	-35.05987674934071
842.7128444875444	-35.39915202065387
842.7253363972177	-35.73384383724572
842.737828306891	-36.063956353170944
842.7503202165642	-36.389494120703795
842.7628121262375	-36.710462108037625
842.7753040359107	-37.02686499340942
842.787795945584	-37.33870708597628
842.8002878552572	-37.645993273695545
842.8127797649305	-37.94873149692255
842.8252716746038	-38.24693087712432
842.837763584277	-38.54059937661966
842.8502554939503	-38.829745146446264
842.8627474036235	-39.1143779544649
842.8752393132968	-39.394508636983566
842.88773122297	-39.67014858314311
842.9002231326433	-39.94131030369867
842.9127150423166	-40.20801244766023
842.9252069519898	-40.470276393817144
842.9376988616631	-40.72812317627958
842.9501907713363	-40.98157623558697
842.9626826810096	-41.230663175123134
842.9751745906829	-41.47541522653994
842.9876665003561	-41.715867723296654
843.0001584100294	-41.95206320518702
843.0126503197026	-42.18404939465864
843.0251422293759	-42.411875505655374
843.0376341390491	-42.6356264136923
843.0501260487224	-42.85540953130718
843.0626179583957	-43.071309804864825
843.0751098680689	-43.28341515813517
843.0876017777422	-43.49182504645648
843.1000936874154	-43.69663641848685
843.1125855970887	-43.89793665072775
843.125077506762	-44.09580742141589
843.1375694164352	-44.290328499568794
843.1500613261085	-44.481577389862494
843.1625532357817	-44.66962775180351
843.175045145455	-44.85454913936352
843.1875370551282	-45.03640758376117
843.2000289648015	-45.21526594477248
843.2125208744748	-45.391184061295135
843.225012784148	-45.564219172735996
843.2375046938213	-45.734426521183515
843.2499966034945	-45.901859760386444
843.2624885131678	-46.06657127192644
843.274980422841	-46.22861255438329
843.2874723325143	-46.38803461360739
843.2999642421876	-46.544888224043895
843.3124561518608	-46.69922410396378
843.3249480615341	-46.851093107074945
843.3374399712073	-47.00054636899919
843.3499318808806	-47.14763536968989
843.3624237905539	-47.29241194534287
843.3749157002271	-47.43492827294471
843.3874076099004	-47.57523683079386
843.3998995195736	-47.713390342235186
843.4123914292469	-47.84944168384084
843.4248833389202	-47.98344374785816
843.4373752485934	-48.11544929715668
843.4498671582667	-48.24551084530774
843.4623590679399	-48.37368055061567
843.4748509776132	-48.50001010227163
843.4873428872864	-48.624550603213585
843.4998347969597	-48.74735246820775
843.512326706633	-48.868465306044314
843.5248186163062	-48.98793786079185
843.5373105259795	-49.10581793203178
843.5498024356527	-49.22215230674684
843.562294345326	-49.33698671663917
843.5747862549993	-49.45036580953281
843.5872781646725	-49.562333116624636
843.5997700743458	-49.67293101064267
843.612261984019	-49.78220066889217
843.6247538936923	-49.89018205411612
843.6372458033655	-49.996913909644405
843.6497377130388	-50.1024337614213
843.6622296227121	-50.20677792721652
843.681482522137	-50.36537470357022
843.700735421562	-50.52138511144317
843.7199883209869	-50.67492589205603
843.7392412204118	-50.82610775682049
843.7584941198368	-50.975035583370186
843.7777470192617	-51.12180861226382
843.7969999186867	-51.266520531196
843.8162528181116	-51.409259873366466
843.8355057175365	-51.55011026211978
843.8547586169615	-51.68915062187785
843.8740115163864	-51.82645538536633
843.8932644158114	-51.96209468688293
843.9125173152363	-52.09613454713308
843.9317702146612	-52.22863705300584
843.9510231140862	-52.35966052377269
843.9702760135111	-52.489259659157405
843.9895289129361	-52.617485676353546
844.008781812361	-52.74438644579477
844.028034711786	-52.87000662926797
844.0472876112109	-52.99438781841865
844.0665405106358	-53.11756867171389
844.0959307857496	-53.30337469916635
844.1253210608634	-53.48658236710312
844.1547113359771	-53.6672941006108
844.1841016110909	-53.84560023288097
844.2134918862047	-54.02158013113448
844.2584614512917	-54.286497624377425
844.3034310163788	-54.546340402486926
844.3484005814659	-54.8012770538624
844.3933701465529	-55.051443000522774
844.43833971164	-55.29694767932066
844.483309276727	-55.537880185269394
844.5568498316944	-55.92222830485248
844.6303903866618	-56.29481284839113
844.7039309416292	-56.655838639674464
844.7774714965966	-57.0054872928511
844.851012051564	-57.34394608646164
844.9625640145257	-57.836477180867874
845.0741159774874	-58.30456795785863
845.1856679404491	-58.749046435769515
845.3723711402348	-59.44251894844641
845.5590743400205	-60.077567862926834
845.7457775398062	-60.65888082385668
845.9324807395919	-61.19001886873772
846.1191839393776	-61.674916607661864
846.3058871391634	-62.11832797075576
846.4925903389491	-62.52456361279652
846.6792935387348	-62.896604701091526
846.8659967385205	-63.23671155434127
847.0526999383062	-63.54735549620658
847.2394031380919	-63.8312257090333
847.4261063378776	-64.09063286156437
847.6128095376633	-64.32731536219995
847.799512737449	-64.5428160179094
848.1007987724364	-64.85012944058727
848.4020848074238	-65.11264739450485
848.7033708424111	-65.33571837768865
849.0046568773985	-65.52398904676998
849.3059429123858	-65.68133826519858
849.6072289473732	-65.81122881063241
849.9085149823605	-65.91684496273913
850.3794808423808	-66.03965124238155
850.850446702401	-66.11885879164491
851.3214125624212	-66.16216437622305
851.7923784224414	-66.17586981458093
852.2633442824616	-66.16518241682286
852.7343101424818	-66.13442915772444
853.205276002502	-66.08720730695121
853.9548678461032	-65.98489921985549
854.7044596897043	-65.85792447108875
855.4540515333055	-65.71360330119265
856.2036433769066	-65.55730650845358
856.9532352205077	-65.39333084366113
857.7028270641089	-65.22461916590223
858.45241890771	-65.05330948822206
859.6418529567476	-64.77990442000052
860.8312870057852	-64.50845932216116
862.0207210548227	-64.24204874088012
863.2101551038603	-63.98227775927311
864.3995891528979	-63.72940096532711
865.5890232019354	-63.48365651002891
866.778457250973	-63.245145747348715
867.9678913000106	-63.01366629228621
869.1573253490482	-62.78923793831783
870.3467593980857	-62.571297769505385
871.5361934471233	-62.35947672111192
872.7256274961609	-62.153498805338714
873.9150615451985	-61.95292637891378
875.104495594236	-61.757645826866764
876.2939296432736	-61.567277924259855
877.4833636923112	-61.38150955901182
878.6727977413487	-61.20009377773313
879.8622317903863	-61.022645520592924
881.0516658394239	-60.84900243356529
881.8725079040877	-60.73130617917424
882.6933499687515	-60.61530608520958
883.5141920334153	-60.50099221768252
884.3350340980791	-60.38829805501692
885.1558761627429	-60.27714389679912
885.9767182274066	-60.167448826741
886.547222080825	-60.09203351428065
887.1177259342434	-60.017286658064414
887.6882297876617	-59.943206171041574
888.2587336410801	-59.86978089246286
888.8292374944984	-59.7970011440624
889.3997413479168	-59.7248474474309
889.9702452013352	-59.65329772220523
890.5407490547535	-59.58233984427839
891.1112529081719	-59.51196729222358
891.6817567615902	-59.44217497406839
892.2522606150086	-59.372957720079114
892.822764468427	-59.304307198316366
893.3932683218453	-59.23621307161198
893.9637721752637	-59.16866840049855
894.3421231548385	-59.124172979552036
894.7204741344134	-59.079910880005265
895.0988251139883	-59.03587725530011
895.4771760935631	-58.99207001721312
895.855527073138	-58.948490567729216
896.2338780527128	-58.90513994691319
896.6122290322877	-58.862016920372206
896.9905800118626	-58.819118969476264
897.3689309914374	-58.77644391800135
897.7472819710123	-58.73398943773013
898.1256329505871	-58.69175325277827
898.503983930162	-58.64973329075439
898.8823349097369	-58.60792797740493
899.2606858893117	-58.56633556614312
899.6390368688866	-58.5249541411159
900.0173878484615	-58.4837816385266
900.3957388280363	-58.44281634044228
900.7740898076112	-58.40205655469857
901.152440787186	-58.36150063068919
901.5307917667609	-58.321146752724154
901.9091427463358	-58.28099323318686
902.2874937259106	-58.24103841557454
902.6658447054855	-58.20128085673085
903.2604758527868	-58.13919117307103
903.8551070000882	-58.077578373102824
904.8771224131766	-57.97277770741924
905.899137826265	-57.86933423477647
906.9211532393534	-57.76721498233039
907.9431686524418	-57.6663873591919
908.9651840655303	-57.56681870650831
909.9871994786187	-57.4684746394676
911.0092148917071	-57.3713186584136
912.0312303047955	-57.275314592607295
913.0532457178839	-57.180425044678366
914.0752611309723	-57.086610723167986
915.0972765440607	-56.99382414377673
916.1192919571491	-56.902016647651756
917.1413073702375	-56.8111364968183
918.163322783326	-56.72113438641671
919.1853381964144	-56.631950030145134
920.2073536095028	-56.54352227432848
921.2293690225912	-56.455778119455005
922.2513844356796	-56.36864963858505
923.273399848768	-56.28204022023243
924.2954152618564	-56.19587614724001
925.3174306749448	-56.1100359510698
926.3394460880332	-56.02440576103312
927.3614615011217	-55.93887778058196
928.3834769142101	-55.85328942985408
929.4054923272985	-55.76751501743395
930.4275077403869	-55.681287954859236
930.9999999999793	-55.63274162431737
931.0000000000103	-55.63274162431737
931.000122469373	-55.63931166932873
931.000395939189	-55.65300713568087
931.001046396538	-55.68263374634609
931.0020787499516	-55.72517039937716
931.0031111033652	-55.764492106325484
931.0048253247006	-55.82368569106842
931.0074671268939	-55.90786961651411
931.0101089290871	-55.98490585090087
931.0162632227477	-56.145962047477084
931.0224175164084	-56.288346173633485
931.028571810069	-56.4186670886892
931.0347261037297	-56.540409767346205
931.0441652899891	-56.71499135796994
931.0536044762486	-56.877131886660614
931.063043662508	-57.029107019784476
931.0791981753282	-57.27016738882741
931.0953526881484	-57.49147665913824
931.1242129271741	-57.848937004289844
931.1530731661998	-58.16996349874507
931.1819334052254	-58.46318456635954
931.2107936442511	-58.733543438529956
931.2396538832768	-58.984398848985236
931.2889013770134	-59.37432753277116
931.33814887075	-59.72516228618755
931.3873963644867	-60.044536651552775
931.4366438582233	-60.33778340659027
931.515328010948	-60.76120992882029
931.5940121636727	-61.14049856474297
931.6726963163974	-61.48527393698217
931.7961644791936	-61.97237703545231
931.9196326419899	-62.41002395097492
932.0431008047861	-62.8109118581469
932.2543366220926	-63.43516947510898
932.4655724393991	-64.00187505436348
932.6768082567056	-64.52409278046792
932.8880440740121	-65.01156873274986
933.0992798913186	-65.47134837479979
933.3105157086251	-65.90770897492821
933.638473818096	-66.54485232370035
933.966431927567	-67.13775685210977
934.2943900370379	-67.69041450463011
934.6223481465089	-68.20680829103424
934.9503062559799	-68.69055850102318
935.484931458139	-69.41597951172675
936.0195566602982	-70.07073189451015
936.5541818624574	-70.66147565653232
937.0888070646166	-71.19422983386153
937.6234322667758	-71.6748108501887
938.4950284382821	-72.3586657465764
939.3666246097885	-72.93416423774163
940.2382207812948	-73.41555149142128
941.1098169528011	-73.81471691365529
941.9814131243074	-74.14244733040188
943.317544399098	-74.52659958023202
944.6536756738885	-74.79148503870233
945.9898069486791	-74.95947094598456
947.3259382234696	-75.04825296008875
948.6620694982602	-75.07294482605485
949.9982007730507	-75.04641629778376
951.3343320478413	-74.97914850649391
952.6704633226318	-74.88004619870452
954.0065945974223	-74.75635572681934
955.3427258722129	-74.61430125294828
956.6788571470034	-74.4589971097935
958.014988421794	-74.29449438962925
959.3511196965845	-74.1242776272303
960.6872509713751	-73.95140744013645
961.5975152797938	-73.83347192553967
962.5077795882125	-73.71612770120477
963.4180438966313	-73.59974264082639
964.32830820505	-73.48465785413792
965.2385725134687	-73.37125908662668
966.1488368218875	-73.25996243237579
967.0591011303062	-73.15110055756618
967.9693654387249	-73.04483291812953
968.8796297471437	-72.94125142740243
969.7898940555624	-72.84044561951627
970.7001583639811	-72.74248493656994
971.6104226723999	-72.64748720842081
972.1835798348881	-72.58927061493642
972.7567369973763	-72.53234582064972
973.3298941598645	-72.4767097450301
973.9030513223527	-72.42230381304078
974.4762084848409	-72.36905869105527
975.0493656473291	-72.31692771248252
975.6225228098173	-72.2659008629214
976.1956799723055	-72.21599574285092
976.7688371347937	-72.16722339538121
977.3419942972819	-72.11957746465667
977.9151514597701	-72.07304479934064
978.3147170397637	-72.04125280389972
978.7142826197572	-72.0099797153444
979.1138481997508	-71.97921238139052
979.5134137797444	-71.94894215238982
979.912979359738	-71.91916792775488
980.3125449397315	-71.88989280645993
980.7121105197251	-71.86111912826169
981.1116760997187	-71.83284518851478
981.5112416797123	-71.80506442115079
981.9108072597058	-71.77776795007681
982.3103728396994	-71.7509472953194
982.709938419693	-71.72459478903274
983.1095039996866	-71.6987033712333
983.5090695796802	-71.67326599634978
983.9086351596737	-71.64827487814908
984.3082007396673	-71.62372195253101
984.7077663196609	-71.59959948084604
985.1073318996545	-71.5758998213741
985.506897479648	-71.55261539185916
985.9064630596416	-71.52973879794472
986.3060286396352	-71.50726258383256
986.915805831496	-71.47371617874421
987.5255830233567	-71.44105794467669
988.1353602152175	-71.40926096846297
988.7451374070782	-71.37829870413134
989.8015866247971	-71.32656009095632
990.858035842516	-71.27713001918988
992.4776871579999	-71.20557925304142
994.0973384734838	-71.13881788759747
995.7169897889677	-71.07648409097983
997.3366411044516	-71.01820479517413
998.9562924199355	-70.96367253569794
1000.5759437354194	-70.91260227639575
1002.1955950509033	-70.86467441186855
1003.8152463663872	-70.81963869545841
1005.4348976818711	-70.77725130285462
1007.054548997355	-70.73714389564464
1008.6742003128389	-70.69902580111199
1010.2938516283228	-70.66282802848954
1011.9135029438067	-70.62862718381798
1013.5331542592907	-70.59636900518001
1015.1528055747746	-70.56585414119678
1016.7724568902585	-70.53693322294627
1018.3921082057424	-70.5094279021615
1020.0117595212263	-70.48316850484764
1021.6314108367102	-70.45792925009916
1023.2510621521941	-70.43358329986927
1024.870713467678	-70.41013914827352
1026.4903647831618	-70.38762063887961
1028.1100160986457	-70.3659945423986
1029.7296674141296	-70.34531242620295
1031.3493187296135	-70.32559892855053
1032.9689700450974	-70.30675291615466
1034.5886213605813	-70.28861000802998
1036.2082726760652	-70.27102454307627
1037.8279239915491	-70.25388349301097
1039.447575307033	-70.2371744986505
1041.067226622517	-70.2209914498421
1042.6868779380009	-70.20537313568515
1043.6422854394186	-70.19639716821789
1044.5976929408364	-70.18756991934777
1045.5531004422542	-70.17888613785074
1046.508507943672	-70.1703541556423
1047.4639154450897	-70.16199372593738
1048.4193229465075	-70.15382228358169
1049.3747304479252	-70.14583550830349
1050.330137949343	-70.13803069357331
1051.2855454507608	-70.13040355838238
1052.2409529521785	-70.12292229526093
1053.1963604535963	-70.11557319459843
1054.151767955014	-70.10837491962518
1055.1071754564318	-70.10134019516028
1056.0625829578496	-70.09445857982084
1057.0179904592674	-70.08770304025492
1058.4831319466637	-70.07752999834538
1059.94827343406	-70.06754000240021
1061.4134149214563	-70.05772138966122
1062.8785564088525	-70.04808853661413
1064.3436978962488	-70.0386872025689
1065.8088393836451	-70.02955397876974
1067.2739808710414	-70.02068964852772
1068.7391223584377	-70.01207481396614
1070.204263845834	-70.00367762347997
1071.6694053332303	-69.99549852848786
1073.1345468206266	-69.98752398391562
1074.599688308023	-69.97971268053762
1076.0648297954192	-69.97203731729574
1077.5299712828155	-69.96449791470265
1078.9951127702118	-69.95710796037798
1080.460254257608	-69.94987514076976
1081.9253957450044	-69.94280246052669
1083.3905372324007	-69.935859553108
1084.855678719797	-69.92904260662992
1086.3208202071933	-69.922388084486
1087.7859616945896	-69.91593423861353
1089.2511031819859	-69.90970344005768
1090.7162446693821	-69.90368838081176
1092.1813861567784	-69.89779588043223
1093.6465276441747	-69.89195196663732
1094.5743244107443	-69.88827656885597
1095.502121177314	-69.88465835926026
1096.4299179438835	-69.88112334564684
1097.3577147104531	-69.87766907281065
1098.2855114770227	-69.87427533684287
1099.2133082435923	-69.87092433408961
1100.141105010162	-69.86760803132499
1101.0689017767315	-69.8643305725501
1101.9966985433011	-69.8611034628001
1102.9244953098707	-69.85793214238687
1103.8522920764403	-69.85481086003557
1104.78008884301	-69.8517419073267
1105.7078856095795	-69.84872683766335
1106.6356823761491	-69.84574849248217
1107.5634791427187	-69.84281059442323
1108.1012328550144	-69.84113772681879
1108.63898656731	-69.83949632899972
1109.1767402796056	-69.83788275655976
1109.7144939919012	-69.83628661684764
1110.2522477041969	-69.83469829183306
1110.7900014164925	-69.83311179180936
1111.327755128788	-69.83152561685593
1112.265412477341	-69.82877064498938
1113.2030698258939	-69.82603803992983
1115.4167497349285	-69.81972311609171
1117.6304296439632	-69.81361367900396
1122.0161422676172	-69.80211593731877
1126.4018548912711	-69.79137062504593
1130.787567514925	-69.78134290121439
1130.999999999975	-69.78087539877552
1131.0000000000127	-69.78087539877552
