t	v
0.0	-80.0
0.00088077148386	-79.999797827
0.00519393161467	-79.9986683774
0.0160003763537	-79.9954312205
0.0333192927967	-79.9898198669
0.0594770302208	-79.9808650102
0.0856347676449	-79.9712540258
0.166832181831	-79.936478434
0.248029596017	-79.8950551483
0.329227010203	-79.8483237528
0.410424424389	-79.7977034088
0.534936036704	-79.7151778765
0.659447649019	-79.6281908685
0.865742484776	-79.478096629
1.07203732053	-79.3226377135
1.27833215629	-79.1638886845
1.62077140664	-78.8966075975
1.96321065699	-78.6275935069
2.61922388005	-78.1148406151
3.27523710312	-77.6134709632
3.93125032618	-77.1281187445
4.58726354924	-76.6604529679
5.24327677231	-76.2114296568
6.36138685412	-75.4901872724
7.47949693593	-74.8253825933
8.59760701774	-74.2165914412
10.3389872715	-73.3757243328
12.0803675252	-72.6578027238
14.8394627952	-71.7486234366
17.5985580651	-71.0836681484
20.3576533351	-70.6237005371
23.1167486051	-70.3335117183
25.8758438751	-70.1819099857
30.3874919909	-70.1639842816
37.2786456256	-70.4958033583
44.1697992604	-71.0496535415
48.8997335207	-71.4810636923
53.629667781	-71.9136884661
58.3596020413	-72.3261603732
63.0895363017	-72.7041278904
67.819470562	-73.0344226443
72.5494048223	-73.3152535265
77.2793390826	-73.5468652406
82.0092733429	-73.7299265571
86.7392076032	-73.8705279189
91.4691418635	-73.9726297977
96.1990761238	-74.0406983208
100.929010384	-74.0837372542
105.658944644	-74.1050899351
110.388878905	-74.1093490489
115.118813165	-74.1045622594
119.848747425	-74.0907847373
124.578681686	-74.071929052
129.308615946	-74.0538541191
134.038550206	-74.0330327714
138.768484467	-74.0135282156
143.498418727	-73.9960718597
148.228352987	-73.9784221573
152.958287248	-73.9657266609
157.688221508	-73.9572611247
162.418155768	-73.9507939308
167.148090029	-73.9477477979
171.878024289	-73.944946051
176.607958549	-73.9425776416
181.337892809	-73.9434107664
186.06782707	-73.9433140731
190.79776133	-73.9435258363
195.52769559	-73.9461637957
200.257629851	-73.9464118528
204.987564111	-73.9474597155
209.717498371	-73.950402571
214.447432632	-73.9500184079
219.177366892	-73.9513761111
223.907301152	-73.9538910591
228.637235413	-73.9525601628
233.367169673	-73.9541869061
238.097103933	-73.9546452514
242.827038193	-73.9516478562
247.556972454	-73.9498086027
252.286906714	-73.9491017756
257.016840974	-73.9508178262
261.746775235	-73.9540099245
266.476709495	-73.9545993727
271.206643755	-73.9553806302
275.936578016	-73.9567687557
280.666512276	-73.9563381477
285.396446536	-73.9572032171
290.126380797	-73.9580172038
294.856315057	-73.9570759363
299.586249317	-73.9577637146
304.316183578	-73.9579849381
309.046117838	-73.9570514793
313.776052098	-73.9577537086
318.505986358	-73.9576827697
323.235920619	-73.9569632258
327.965854879	-73.9575098807
332.695789139	-73.9576026194
337.4257234	-73.95636482
342.15565766	-73.9538333055
346.88559192	-73.9518196722
351.615526181	-73.9522763481
356.345460441	-73.9538520754
361.075394701	-73.9555356954
365.805328962	-73.9565980249
370.535263222	-73.9569333084
375.265197482	-73.9577157778
379.995131743	-73.9578310106
384.725066003	-73.9580903605
389.455000263	-73.9588803688
394.184934523	-73.9579183491
398.914868784	-73.958336761
403.644803044	-73.9589691756
408.374737304	-73.9579350983
413.104671565	-73.9579026254
417.834605825	-73.9565934684
422.564540085	-73.9549539667
427.294474346	-73.9550480439
432.024408606	-73.9540178935
436.754342866	-73.9537767625
441.484277127	-73.9543225643
446.214211387	-73.9539935099
450.944145647	-73.9551012539
455.674079908	-73.9563509334
460.404014168	-73.9561282547
465.133948428	-73.9575304869
469.863882688	-73.9579371305
474.593816949	-73.9570133452
479.323751209	-73.958690828
484.053685469	-73.9583067459
488.78361973	-73.9572091084
493.51355399	-73.9593069007
498.24348825	-73.9578375657
502.973422511	-73.9570534446
507.703356771	-73.959668551
512.433291031	-73.9569545133
517.163225292	-73.9570733763
521.893159552	-73.9574064475
526.623093812	-73.9535700289
531.0	-73.9524081086
531.0	-73.9524081086
531.0001596	-73.9566440116
531.000594391	-73.9678237994
531.001756887	-73.9960193142
531.003544585	-74.0365452152
531.005332284	-74.0748671848
531.008413407	-74.1360563978
531.01149453	-74.1934165833
531.014575653	-74.2476427393
531.021311209	-74.3583076238
531.028046765	-74.4604381894
531.043276082	-74.668188739
531.058505398	-74.8518128014
531.073734715	-75.0193186386
531.088964032	-75.175618987
531.104193349	-75.3236352497
531.128816417	-75.5502959028
531.153439486	-75.7638383979
531.191681059	-76.0749266519
531.229922633	-76.3656360696
531.29874631	-76.8478513986
531.367569988	-77.2887940152
531.436393665	-77.6966803328
531.505217342	-78.0766995302
531.57404102	-78.43286201
531.684570891	-78.9624983782
531.795100763	-79.4490125927
531.905630635	-79.9000492986
532.080073015	-80.5521924568
532.254515395	-81.144734256
532.428957775	-81.6887402252
532.748540277	-82.5856043366
533.068122778	-83.3800415121
533.38770528	-84.0930891034
533.707287782	-84.7412298971
534.026870284	-85.3374612243
534.346452786	-85.8909663007
534.849830136	-86.6913365164
535.353207487	-87.4190482538
535.856584837	-88.0864645124
536.359962188	-88.7034142582
536.863339538	-89.2775009031
537.6453985	-90.0970890527
538.427457462	-90.841071146
539.209516424	-91.5194499144
539.991575386	-92.1398480451
540.773634348	-92.7083266642
542.067943479	-93.5474957569
543.36225261	-94.2731187712
544.65656174	-94.8964529666
545.950870871	-95.4266152572
547.245180002	-95.8715690102
549.262627751	-96.41160973
551.280075501	-96.7846362366
553.297523251	-97.0111155517
556.482590681	-97.1171235628
559.667658112	-96.9761417171
562.852725542	-96.6515243252
566.037792973	-96.1996753287
569.222860403	-95.6685926516
572.407927834	-95.0974094803
575.592995264	-94.5170754882
578.778062695	-93.9513192136
581.963130125	-93.417654256
586.964164577	-92.6713599798
591.965199029	-92.0560037677
596.966233481	-91.5747559349
601.967267933	-91.2172918016
606.968302385	-90.9666580198
611.969336837	-90.8041695947
616.970371289	-90.7113082413
621.971405741	-90.6704563058
626.972440192	-90.6662197428
631.973474644	-90.6854616775
636.974509096	-90.7174758933
641.975543548	-90.7549557867
646.976578	-90.7931765928
651.977612452	-90.8286393643
656.978646904	-90.8595069943
661.979681356	-90.8843749898
666.980715808	-90.9025364856
671.98175026	-90.9156156348
676.982784712	-90.9240135652
681.983819164	-90.9277923506
686.984853615	-90.9295226885
691.985888067	-90.9303939441
696.986922519	-90.9286562095
701.987956971	-90.9239408111
706.988991423	-90.918653327
711.990025875	-90.9146122544
716.991060327	-90.911577652
721.992094779	-90.9082749699
726.993129231	-90.9047134865
731.994163683	-90.9021934792
736.995198135	-90.9013900513
740.64807835	-90.9012546882
744.300958566	-90.9006725098
747.953838782	-90.8997723738
751.606718997	-90.8994641163
755.259599213	-90.8999460193
758.912479428	-90.9005566886
762.565359644	-90.9007911103
766.21823986	-90.9007816886
769.871120075	-90.9010205465
773.524000291	-90.9014871081
777.176880507	-90.901772635
780.829760722	-90.901851274
784.482640938	-90.901828636
788.135521153	-90.9018926772
791.788401369	-90.902117956
795.441281585	-90.902141137
799.0941618	-90.902054392
801.79280737	-90.9021532684
804.49145294	-90.9020109702
807.190098509	-90.9014139036
809.888744079	-90.9009033792
812.587389649	-90.9009683315
815.286035218	-90.9013595619
817.984680788	-90.9015401988
820.683326357	-90.9014302897
823.381971927	-90.9013913185
826.080617497	-90.9015804384
828.779263066	-90.9017815866
831.477908636	-90.9018193628
834.176554206	-90.9017611157
836.875199775	-90.9017741374
839.573845345	-90.9018820334
842.272490914	-90.9019442626
844.971136484	-90.9019193397
847.669782054	-90.9018913817
850.368427623	-90.9018967684
853.067073193	-90.901923766
855.765718763	-90.9019234929
858.464364332	-90.9018442407
861.163009902	-90.9017155278
863.861655471	-90.9016178515
866.560301041	-90.9015982698
869.258946611	-90.9016353323
871.95759218	-90.9016575115
874.65623775	-90.9016481579
877.35488332	-90.9016551642
880.053528889	-90.9016883584
882.752174459	-90.901725395
885.450820028	-90.9017487086
888.149465598	-90.901753269
890.848111168	-90.9017642152
893.546756737	-90.901787746
896.245402307	-90.901802728
898.944047877	-90.9018116523
901.642693446	-90.9018162421
904.341339016	-90.90181718
907.039984585	-90.9018261448
909.738630155	-90.9018239286
912.437275725	-90.9017847271
915.135921294	-90.9017248455
917.834566864	-90.9016844327
920.533212434	-90.9016898595
923.231858003	-90.9017227208
925.930503573	-90.9017446448
928.629149143	-90.9017535874
931.0	-90.9017632524
931.0	-90.9017632524
931.0001596	-90.8975274924
931.000594389	-90.8863480706
931.001756856	-90.8581537034
931.003544481	-90.8176294284
931.005332105	-90.7793082787
931.008413091	-90.7181186288
931.011494077	-90.6607563228
931.014575063	-90.6065264724
931.021310933	-90.4958396177
931.028046804	-90.3936825132
931.043272435	-90.1859083192
931.058498067	-90.0022169893
931.073723699	-89.8346018323
931.088949331	-89.6781495509
931.104174962	-89.5299383652
931.128780209	-89.3029802659
931.153385455	-89.0890252485
931.191602312	-88.7770725653
931.229819169	-88.4852988017
931.298763858	-87.9996911643
931.367708547	-87.5552151262
931.436653236	-87.1437538061
931.505597925	-86.760177912
931.574542614	-86.4005176231
931.685278662	-85.8653909328
931.796014709	-85.3736883726
931.906750757	-84.9178150174
932.081660878	-84.2582971195
932.256570999	-83.6594428442
932.43148112	-83.1101634571
932.751604888	-82.2070563297
933.071728657	-81.4092946713
933.391852425	-80.6956243066
933.711976193	-80.0493111994
934.032099962	-79.4572045175
934.35222373	-78.9099444151
934.855332902	-78.1249086174
935.358442073	-77.416388449
935.861551244	-76.7716099198
936.364660416	-76.180357006
936.867769587	-75.6345922729
937.647627678	-74.8649366185
938.427485768	-74.1746164482
939.207343859	-73.5526357438
939.98720195	-72.9903682399
940.76706004	-72.4807305662
942.044158447	-71.7453601878
943.321256854	-71.1173654709
944.598355261	-70.5829955651
945.875453667	-70.1310555106
947.152552074	-69.7518615139
949.105250693	-69.2942884634
951.057949312	-68.9635920244
953.010647931	-68.7404156479
956.006018469	-68.5693509327
959.001389007	-68.5627994538
961.996759546	-68.6805872773
964.992130084	-68.8913394754
967.987500622	-69.1686360491
970.98287116	-69.4893672033
973.978241698	-69.839765739
976.973612236	-70.2055852587
979.968982774	-70.573755181
982.964353312	-70.9413045906
985.95972385	-71.2974492455
988.955094389	-71.6356570338
991.950464927	-71.9543741267
994.945835465	-72.2464886761
997.941206003	-72.5192832507
1000.93657654	-72.7691694886
1003.93194708	-72.9855336316
1006.92731762	-73.1859505827
1009.13566478	-73.320140083
1011.34401194	-73.4345549352
1013.5523591	-73.5352217681
1015.76070626	-73.6251357109
1017.96905342	-73.7063650002
1020.17740058	-73.7785206785
1022.38574774	-73.8370434547
1024.5940949	-73.8880089936
1026.80244206	-73.9324567326
1029.01078922	-73.966568201
1031.21913638	-73.9968784841
1033.42748354	-74.0191772869
1035.6358307	-74.0344580342
1037.84417786	-74.050126345
1040.05252502	-74.0562687342
1042.26087218	-74.0604583762
1044.46921934	-74.0654755785
1046.6775665	-74.0598932107
1048.88591366	-74.0595900816
1051.09426082	-74.0561805609
1053.30260799	-74.0503412795
1055.51095515	-74.0430321208
1057.71930231	-74.027047102
1059.92764947	-74.0178802315
1062.13599663	-74.0160931899
1064.34434379	-74.0057090582
1066.55269095	-73.9998557649
1068.76103811	-73.9903843165
1070.96938527	-73.9781012578
1073.17773243	-73.9792307683
1075.38607959	-73.9665183772
1077.59442675	-73.9579444524
1079.80277391	-73.9615093049
1082.01112107	-73.9437968279
1084.21946823	-73.9298682876
1086.42781539	-73.920873746
1088.63616255	-73.9199095555
1090.84450971	-73.934519468
1093.05285687	-73.9227455651
1095.26120403	-73.9180771423
1096.89202698	-73.9267444592
1098.52284992	-73.9279750149
1100.15367286	-73.9324929899
1101.78449581	-73.9319364045
1103.41531875	-73.9246407611
1105.04614169	-73.9263704164
1106.67696464	-73.9250998589
1108.30778758	-73.924927915
1109.93861052	-73.9294402251
1111.56943347	-73.9241077975
1113.20025641	-73.9258780256
1114.83107935	-73.9297030956
1116.4619023	-73.9249400257
1118.09272524	-73.9300015339
1119.72354818	-73.9292363635
1121.35437113	-73.9263688338
1122.98519407	-73.9342262875
1124.61601702	-73.9291257736
1126.24683996	-73.9296257337
1127.8776629	-73.9364368929
1129.50848585	-73.9402824764
1131.0	-73.9470364061
1131.0	-73.9470364061
