t	v
0.0	-80.0
0.00088077148386	-79.999797827
0.00519393161467	-79.9986683774
0.0160003763537	-79.9954312205
0.0333192927967	-79.9898198669
0.0594770302208	-79.9808650102
0.0856347676449	-79.9712540258
0.166832181831	-79.936478434
0.248029596017	-79.8950551483
0.329227010203	-79.8483237528
0.410424424389	-79.7977034088
0.534936036704	-79.7151778765
0.659447649019	-79.6281908685
0.865742484776	-79.478096629
1.07203732053	-79.3226377135
1.27833215629	-79.1638886845
1.62077140664	-78.8966075975
1.96321065699	-78.6275935069
2.61922388005	-78.1148406151
3.27523710312	-77.6134709632
3.93125032618	-77.1281187445
4.58726354924	-76.6604529679
5.24327677231	-76.2114296568
6.36138685412	-75.4901872724
7.47949693593	-74.8253825933
8.59760701774	-74.2165914412
10.3389872715	-73.3757243328
12.0803675252	-72.6578027238
14.8394627952	-71.7486234366
17.5985580651	-71.0836681484
20.3576533351	-70.6237005371
23.1167486051	-70.3335117183
25.8758438751	-70.1819099857
30.3874919909	-70.1639842816
37.2786456256	-70.4958033583
44.1697992604	-71.0496535415
48.8997335207	-71.4810636923
53.629667781	-71.9136884661
58.3596020413	-72.3261603732
63.0895363017	-72.7041278904
67.819470562	-73.0344226443
72.5494048223	-73.3152535265
77.2793390826	-73.5468652406
82.0092733429	-73.7299265571
86.7392076032	-73.8705279189
91.4691418635	-73.9726297977
96.1990761238	-74.0406983208
100.929010384	-74.0837372542
105.658944644	-74.1050899351
110.388878905	-74.1093490489
115.118813165	-74.1045622594
119.848747425	-74.0907847373
124.578681686	-74.071929052
129.308615946	-74.0538541191
134.038550206	-74.0330327714
138.768484467	-74.0135282156
143.498418727	-73.9960718597
148.228352987	-73.9784221573
152.958287248	-73.9657266609
157.688221508	-73.9572611247
162.418155768	-73.9507939308
167.148090029	-73.9477477979
171.878024289	-73.944946051
176.607958549	-73.9425776416
181.337892809	-73.9434107664
186.06782707	-73.9433140731
190.79776133	-73.9435258363
195.52769559	-73.9461637957
200.257629851	-73.9464118528
204.987564111	-73.9474597155
209.717498371	-73.950402571
214.447432632	-73.9500184079
219.177366892	-73.9513761111
223.907301152	-73.9538910591
228.637235413	-73.9525601628
233.367169673	-73.9541869061
238.097103933	-73.9546452514
242.827038193	-73.9516478562
247.556972454	-73.9498086027
252.286906714	-73.9491017756
257.016840974	-73.9508178262
261.746775235	-73.9540099245
266.476709495	-73.9545993727
271.206643755	-73.9553806302
275.936578016	-73.9567687557
280.666512276	-73.9563381477
285.396446536	-73.9572032171
290.126380797	-73.9580172038
294.856315057	-73.9570759363
299.586249317	-73.9577637146
304.316183578	-73.9579849381
309.046117838	-73.9570514793
313.776052098	-73.9577537086
318.505986358	-73.9576827697
323.235920619	-73.9569632258
327.965854879	-73.9575098807
332.695789139	-73.9576026194
337.4257234	-73.95636482
342.15565766	-73.9538333055
346.88559192	-73.9518196722
351.615526181	-73.9522763481
356.345460441	-73.9538520754
361.075394701	-73.9555356954
365.805328962	-73.9565980249
370.535263222	-73.9569333084
375.265197482	-73.9577157778
379.995131743	-73.9578310106
384.725066003	-73.9580903605
389.455000263	-73.9588803688
394.184934523	-73.9579183491
398.914868784	-73.958336761
403.644803044	-73.9589691756
408.374737304	-73.9579350983
413.104671565	-73.9579026254
417.834605825	-73.9565934684
422.564540085	-73.9549539667
427.294474346	-73.9550480439
432.024408606	-73.9540178935
436.754342866	-73.9537767625
441.484277127	-73.9543225643
446.214211387	-73.9539935099
450.944145647	-73.9551012539
455.674079908	-73.9563509334
460.404014168	-73.9561282547
465.133948428	-73.9575304869
469.863882688	-73.9579371305
474.593816949	-73.9570133452
479.323751209	-73.958690828
484.053685469	-73.9583067459
488.78361973	-73.9572091084
493.51355399	-73.9593069007
498.24348825	-73.9578375657
502.973422511	-73.9570534446
507.703356771	-73.959668551
512.433291031	-73.9569545133
517.163225292	-73.9570733763
521.893159552	-73.9574064475
526.623093812	-73.9535700289
531.0	-73.9524081086
531.0	-73.9524081086
531.000225707	-73.9494292621
531.00094228	-73.9403929501
531.002867784	-73.9180007045
531.005954262	-73.8853117213
531.009040739	-73.8549951409
531.014487426	-73.80664889
531.022692752	-73.7396395901
531.030898077	-73.6786895307
531.051067265	-73.5462523266
531.071236454	-73.431596742
531.091405642	-73.3279351924
531.11157483	-73.2315265184
531.142091005	-73.0948120226
531.17260718	-72.9670781179
531.220344588	-72.7806067273
531.268081996	-72.60794413
531.315819404	-72.4466380927
531.396713582	-72.1944769056
531.477607759	-71.9644163064
531.615912941	-71.6110321445
531.754218123	-71.2959766288
531.892523304	-71.0102743353
532.030828486	-70.7484935674
532.169133667	-70.5068046844
532.393478603	-70.1504448205
532.617823539	-69.8295756731
532.842168475	-69.5370030976
533.187926638	-69.130672767
533.533684801	-68.7672851636
533.879442964	-68.4379909052
534.506783519	-67.9074653052
535.134124074	-67.4438595232
535.761464629	-67.0328120164
536.388805183	-66.6630909548
537.016145738	-66.326302199
537.643486293	-66.0167463383
538.716966603	-65.539392273
539.790446914	-65.1179727338
540.863927225	-64.7443204958
541.937407535	-64.4113735983
543.010887846	-64.113445896
544.675709082	-63.7117590595
546.340530318	-63.374360837
548.005351554	-63.0932031022
549.67017279	-62.8617244565
551.334994026	-62.6747230781
554.111703098	-62.449210166
556.88841217	-62.3164275309
559.665121242	-62.259610203
562.441830314	-62.2664488121
565.218539386	-62.3235720552
567.995248458	-62.4242883004
570.77195753	-62.5548859654
573.548666602	-62.7091031588
576.325375674	-62.8740504344
579.102084746	-63.0532390604
581.878793818	-63.2295690512
584.65550289	-63.4097246148
587.432211962	-63.5823542736
590.208921034	-63.7631018968
592.985630106	-63.9270257739
595.762339178	-64.0907734966
598.53904825	-64.2436905958
601.315757322	-64.3884340377
604.092466394	-64.5064057867
606.869175466	-64.6198609988
609.645884538	-64.730535777
612.42259361	-64.8330702222
615.199302682	-64.920212964
617.976011754	-64.9980032476
620.752720826	-65.0666328307
623.529429898	-65.1286421799
626.30613897	-65.1817079311
629.082848042	-65.2296782912
631.859557114	-65.2696012428
634.636266186	-65.3053878327
637.412975258	-65.3347234196
640.18968433	-65.3609750896
642.966393402	-65.3818517188
645.743102474	-65.4009153369
648.519811546	-65.4154716332
651.296520618	-65.4290578517
654.07322969	-65.4389020794
656.849938762	-65.4483398454
659.626647834	-65.4549467948
662.403356906	-65.461681617
665.180065978	-65.4673370839
667.95677505	-65.4724268105
670.733484122	-65.4751731544
673.510193194	-65.478407925
676.286902266	-65.4810587228
679.063611338	-65.4838845459
681.84032041	-65.4857656476
684.617029482	-65.4883615808
687.393738554	-65.4901490062
690.170447626	-65.4925723262
692.947156698	-65.4944493307
695.723865771	-65.4968865163
698.500574843	-65.4987417769
701.277283915	-65.5013407592
704.053992987	-65.5033396099
706.830702059	-65.5060101723
709.607411131	-65.5081409851
712.384120203	-65.5108326957
715.160829275	-65.5130592504
717.937538347	-65.5158414332
720.714247419	-65.5180556324
723.490956491	-65.5208913075
726.267665563	-65.5231348286
729.044374635	-65.525843603
731.821083707	-65.5281188614
734.597792779	-65.5307624884
737.374501851	-65.5328945193
740.151210923	-65.5355379478
742.927919995	-65.5375643429
745.704629067	-65.5400141976
748.481338139	-65.5420241552
751.258047211	-65.5442713896
754.034756283	-65.5461182013
756.811465355	-65.5483307019
759.588174427	-65.5499705103
762.364883499	-65.5520355101
765.141592571	-65.5536280524
767.918301643	-65.5554187353
770.695010715	-65.5569190167
773.471719787	-65.5585261687
776.248428859	-65.5600515044
779.025137931	-65.5618852593
781.801847003	-65.5631812412
784.578556075	-65.5644243043
787.355265147	-65.5654918146
790.131974219	-65.5666403158
792.908683291	-65.5676898392
795.685392363	-65.5688597322
798.462101435	-65.5697078926
801.238810507	-65.5707675705
804.015519579	-65.5716141629
806.792228651	-65.5724929827
809.568937723	-65.5733299815
812.345646795	-65.5741696605
815.122355867	-65.5748172205
817.899064939	-65.5756961071
820.675774011	-65.5765124019
823.452483083	-65.5773991222
828.028774996	-65.5784427621
832.60506691	-65.5788062712
839.94367863	-65.5791894001
847.282290351	-65.5805534139
854.620902071	-65.5819845055
861.959513791	-65.5831650847
873.315130038	-65.5858622066
884.670746285	-65.5869341847
896.026362533	-65.5876970848
916.486829581	-65.5895312573
931.0	-65.5894494063
931.0	-65.5894494063
931.000225707	-65.5924284395
931.000942289	-65.601465142
931.002867918	-65.6238578325
931.005954803	-65.6565455298
931.009041687	-65.6868571871
931.014490107	-65.7351940687
931.022695885	-65.8021595207
931.030901662	-65.8630534305
931.051075254	-65.995322507
931.071248846	-66.1097388686
931.091422437	-66.2130947384
931.111596029	-66.3091348812
931.142143707	-66.4452898058
931.172691385	-66.5723278005
931.220473597	-66.7574694471
931.268255809	-66.9285695319
931.31603802	-67.0881230779
931.39695237	-67.3368083748
931.47786672	-67.5630851629
931.61604714	-67.909132798
931.75422756	-68.2165228671
931.89240798	-68.4943925858
932.030588401	-68.7482618584
932.168768821	-68.982022062
932.392456817	-69.324943804
932.616144813	-69.632730472
932.839832809	-69.9126302129
933.184454959	-70.3001319141
933.529077108	-70.6457432525
933.873699258	-70.9582807245
934.499905003	-71.4615516843
935.126110748	-71.9006058636
935.752316494	-72.2895651332
936.378522239	-72.6395391883
937.004727985	-72.9584508476
937.63093373	-73.2520199412
938.69585564	-73.7035427291
939.760777549	-74.1041324374
940.825699459	-74.460931773
941.890621368	-74.7799392396
942.955543278	-75.0663580952
944.600465613	-75.4531160787
946.245387948	-75.7800438353
947.890310282	-76.0532629694
949.535232617	-76.2781172406
951.180154952	-76.4595690973
953.902004096	-76.6758233137
956.62385324	-76.8016705693
959.345702384	-76.8512132378
962.067551529	-76.8373664075
964.789400673	-76.7722176984
969.215106379	-76.5842311406
973.640812086	-76.3292175867
978.066517793	-76.0396199218
982.492223499	-75.7403572113
986.917929206	-75.449782225
991.343634913	-75.1801824595
995.769340619	-74.9390292395
1002.81453561	-74.6220385371
1009.85973059	-74.3871086386
1016.90492558	-74.2230333074
1023.95012057	-74.1178697418
1030.99531555	-74.0570664172
1038.04051054	-74.0228084818
1045.08570552	-74.0079079194
1052.13090051	-74.0064603549
1059.1760955	-74.0164696287
1066.22129048	-74.024767123
1073.26648547	-74.0246295287
1080.31168046	-74.0338232618
1085.53166749	-74.040437876
1090.75165452	-74.0391756766
1095.97164155	-74.0277887352
1101.19162859	-74.0185563039
1106.41161562	-74.019542303
1111.63160265	-74.0110622688
1116.85158968	-74.0096628757
1122.07157671	-74.0116634227
1127.29156375	-73.9882715248
1131.0	-73.9885882762
1131.0	-73.9885882762
