t	v
0.0	-70.0
0.00017478528009049586	-70.00049609078037
0.0013245105437233447	-70.00365936424424
0.003741905012832624	-70.00974681588426
0.007401648736633617	-70.0180360012646
0.01106139246043461	-70.02565350144853
0.016592499802448958	-70.03608451025394
0.025563506546548882	-70.05158179283521
0.034534513290648806	-70.06557804814722
0.05488027590478731	-70.09322163096229
0.07522603851892581	-70.11643475170074
0.09557180113306432	-70.13642474888388
0.11591756374720283	-70.15391328287643
0.13626332636134134	-70.1693555733173
0.16916249097350583	-70.19091507922583
0.20206165558567035	-70.20887561826085
0.2545592858962652	-70.23191468187353
0.30705691620686004	-70.24925957533496
0.39079825009995983	-70.26852259816471
0.4745395839930596	-70.27958637540546
0.607204109474193	-70.28524835640418
0.7398686349553264	-70.28072720059549
0.9694521526920553	-70.2577936164656
1.1990356704287843	-70.22444252667205
1.4286191881655133	-70.18547959954743
1.6582027059022422	-70.14269865112915
1.887786223638971	-70.09727442736501
2.2753661100232865	-70.01677843965385
2.662945996407602	-69.93421284763635
3.0505258827919173	-69.85171391388084
3.6399252589719895	-69.72879513228918
4.229324635152062	-69.61087540898116
5.1321161232006	-69.44291492211235
6.034907611249138	-69.29157685258785
6.937699099297676	-69.15697518790613
7.840490587346214	-69.03886593970856
8.743282075394752	-68.93638264793938
10.235662828832043	-68.79856733967235
11.728043582269333	-68.6947828656056
13.220424335706623	-68.61894679794456
14.712805089143913	-68.56698189925912
16.2051858425812	-68.53352231707518
17.69756659601849	-68.51530765315076
19.189947349455778	-68.50926992312203
20.682328102893067	-68.5126632138833
22.174708856330355	-68.52423989853858
23.667089609767643	-68.5413441748894
25.15947036320493	-68.56184502081715
26.65185111664222	-68.5847512358922
28.14423187007951	-68.60978582716476
29.636612623516797	-68.63659529403165
31.128993376954085	-68.66471712043595
32.621374130391374	-68.69334235324122
34.11375488382866	-68.72139396411379
35.60613563726595	-68.748326634272
36.525402905806146	-68.76453282319409
37.44467017434634	-68.78067666775951
38.36393744288654	-68.79665339526308
39.283204711426734	-68.8121754030069
40.20247197996693	-68.82705019148673
41.121739248507126	-68.84114049572685
41.72169952868295	-68.85001122980331
42.32165980885877	-68.85880078433289
42.92162008903459	-68.8675374415999
43.52158036921041	-68.8761384171706
44.12154064938623	-68.88452341191437
45.02681262399281	-68.8966503336156
45.93208459859939	-68.90816904893032
46.837356573205966	-68.9193077061124
47.742628547812544	-68.9301894235688
48.64790052241912	-68.94076928891677
49.5531724970257	-68.95092316017735
50.458444471632276	-68.96047704785721
51.363716446238854	-68.96939463173564
52.26898842084543	-68.97775774947078
53.17426039545201	-68.98569202715677
54.07953237005859	-68.9932853581086
54.984804344665164	-69.00059768795845
55.89007631927174	-69.00765790505173
56.79534829387832	-69.01444021701013
57.7006202684849	-69.02098705591081
58.605892243091475	-69.0273423827789
59.2206123246883	-69.03146231320694
59.83533240628512	-69.03532401585196
60.45005248788194	-69.0389625975606
61.06477256947876	-69.04249121930951
61.679492651075584	-69.04599565562796
62.67372356800826	-69.05165738785222
63.66795448494094	-69.05718925249228
64.66218540187361	-69.06230762285757
65.6564163188063	-69.06693489719419
66.65064723573897	-69.0712344313212
67.64487815267165	-69.0754376647457
68.63910906960433	-69.07969288208892
69.63333998653701	-69.08391617308578
70.62757090346969	-69.08794231789665
71.62180182040237	-69.09171883067411
72.3077639721868	-69.09420663982891
72.99372612397124	-69.0966691869384
73.67968827575568	-69.0991279343632
74.36565042754012	-69.10152843596353
75.05161257932455	-69.10382545194355
75.73757473110899	-69.10598526794237
76.42353688289343	-69.10800444487842
77.10949903467787	-69.109925417174
77.7954611864623	-69.11175341668167
78.48142333824674	-69.11349041586945
79.16738549003118	-69.11516487879936
79.85334764181562	-69.11676000932376
80.53930979360005	-69.11824786272932
81.22527194538449	-69.11962319436317
81.91123409716893	-69.12089262465238
82.59719624895337	-69.12209556012029
83.2831584007378	-69.12328411281128
83.75491869169242	-69.12410570098162
84.22667898264704	-69.12490790180354
84.69843927360166	-69.1256632580245
85.17019956455628	-69.12637001164553
85.6419598555109	-69.12704864061695
86.11372014646552	-69.12772185988395
86.58548043742014	-69.12840392943447
87.05724072837477	-69.12909387753596
87.52900101932939	-69.12978216895687
88.000761310284	-69.13046319157269
88.47252160123863	-69.13113482069973
88.94428189219325	-69.13179675402411
89.41604218314787	-69.13245029795877
89.88780247410249	-69.13309433199316
90.3595627650571	-69.13372669557855
90.83132305601173	-69.13434680450362
91.59523825750539	-69.13532559170932
92.35915345899905	-69.13628012399066
93.1230686604927	-69.13722983950562
93.88698386198637	-69.13818966682791
94.65089906348003	-69.13914605721514
95.41481426497369	-69.14006390337217
96.17872946646735	-69.14091145943871
96.942644667961	-69.14167780984205
97.70655986945467	-69.14237335875352
98.47047507094832	-69.14302385618424
99.23439027244198	-69.1436425202749
99.99830547393564	-69.1442293576294
100.7622206754293	-69.14479457244786
101.52613587692296	-69.14533070717967
102.29005107841662	-69.14582915773931
103.05396627991028	-69.14631891433785
103.55154095380873	-69.1466370504761
104.04911562770717	-69.14692708855742
104.54669030160561	-69.14716684027701
105.04426497550405	-69.14735948649003
105.54183964940249	-69.14752743842585
106.03941432330093	-69.14769723712263
106.53698899719937	-69.14788613761236
107.03456367109781	-69.14809448096996
107.53213834499626	-69.14831332157299
108.0297130188947	-69.14853637384027
108.52728769279314	-69.14876067775702
109.02486236669158	-69.14898545978492
109.52243704059002	-69.14921268472473
110.02001171448846	-69.14944181424218
110.5175863883869	-69.14966980934976
111.01516106228534	-69.14989633476893
111.51273573618379	-69.15012088253783
112.01031041008223	-69.150341776542
112.50788508398067	-69.15055975121396
113.00545975787911	-69.15077482831101
113.50303443177755	-69.15098441877758
114.00060910567599	-69.15118573784922
114.49818377957443	-69.15137787757207
114.99575845347287	-69.15156232202898
115.49333312737132	-69.15174252129425
115.99090780126976	-69.1519214374117
116.4884824751682	-69.15209944917801
117.26410103336801	-69.15237215061232
118.03971959156782	-69.1526345447858
118.81533814976763	-69.15287905006352
119.59095670796744	-69.1531037841062
120.85412039866317	-69.1534391753559
122.1172840893589	-69.15374633937572
124.47577543848416	-69.15427902096907
126.83426678760942	-69.15479070952443
131.1593073556924	-69.1556388555953
137.88833589152094	-69.15683867882805
144.6173644273495	-69.15791663266403
151.34639296317803	-69.15854671191188
158.07542149900658	-69.15865175027223
161.3839925641134	-69.15878531558751
164.69256362922025	-69.159013101957
168.00113469432708	-69.15942083730253
171.3097057594339	-69.15990060155417
174.61827682454074	-69.16010258521291
177.92684788964758	-69.16024649429605
181.2354189547544	-69.16087843976266
182.85114590346714	-69.1612267932573
184.46687285217988	-69.16149806659575
186.0825998008926	-69.16166986645291
189.80753617599223	-69.16182854125053
193.53247255109184	-69.1617708846208
199.37683413783512	-69.1616987466406
205.2211957245784	-69.1617480312627
211.06555731132167	-69.16174793200408
216.90991889806494	-69.16179491783588
222.75428048480822	-69.16209391262919
228.5986420715515	-69.16221308360676
234.44300365829477	-69.16225164150894
240.28736524503805	-69.16271357535814
246.13172683178132	-69.16285516919564
249.33690582217343	-69.16282388699244
252.54208481256555	-69.16275162623133
255.74726380295766	-69.16254541991684
261.41751748625006	-69.16264882012861
267.08777116954246	-69.16265146302601
272.75802485283486	-69.16277089909227
278.42827853612727	-69.16333658201931
284.09853221941967	-69.16342353949685
287.1140844887912	-69.16339952113488
290.12963675816275	-69.16335453335326
293.1451890275343	-69.1634238151019
296.1607412969058	-69.1634753756372
299.17629356627737	-69.16335167859278
302.1918458356489	-69.16335485929571
305.20739810502045	-69.1635366330277
308.222950374392	-69.16362888000924
311.2385026437635	-69.16365399626245
314.25405491313506	-69.16361093388011
317.2696071825066	-69.16355744570762
320.28515945187814	-69.16350217804928
323.3007117212497	-69.16363270193793
326.3162639906212	-69.16369074855535
329.33181625999276	-69.16365014681813
330.92871834837905	-69.16362195185812
332.52562043676534	-69.16357445454743
334.1225225251516	-69.16354182116301
335.7194246135379	-69.16353466276612
339.4841595703022	-69.1635192701189
343.2488945270665	-69.16353006531992
350.3496559701023	-69.1635838435464
378.3275072478812	-69.16356894865334
406.30535852566015	-69.16383295917493
434.2832098034391	-69.1633259605105
462.26106108121803	-69.16356532534068
469.25552390066275	-69.16381411624953
476.2499867201075	-69.16390695450416
483.2444495395522	-69.16415418083581
490.2389123589969	-69.16395918876913
497.23337517844163	-69.16368621452641
504.22783799788635	-69.16407364659409
511.2223008173311	-69.16418336207376
512.9709165221923	-69.16412929286612
514.7195322270535	-69.16411600924566
517.6459556848896	-69.16403307509877
520.5723791427257	-69.16394656112476
523.4988026005618	-69.16392064099509
529.4487154924898	-69.16384300053772
530.9999999999882	-69.1638268405007
531.0000000000059	-69.1638268405007
531.0000484832982	-69.16184800534207
531.0002468410888	-69.1540206220324
531.001049888534	-69.1253337354093
531.0022754704027	-69.08627278209902
531.0035010522713	-69.05063128135338
531.0055448427746	-68.99756710541564
531.008617034425	-68.92468721070863
531.0116892260754	-68.85875944646625
531.018800055374	-68.72404570064427
531.0259108846725	-68.60760312881588
531.033021713971	-68.50303480559243
531.0401325432696	-68.40675725460962
531.0514545667434	-68.26509636486107
531.0627765902171	-68.13491717472937
531.0740986136909	-68.01345449072701
531.0926640485292	-67.82864612384952
531.1112294833674	-67.65788536488208
531.1460037310118	-67.3667030770637
531.1807779786561	-67.10307137404521
531.2155522263005	-66.86066260921575
531.2503264739448	-66.63612994200751
531.2851007215892	-66.42695146208038
531.3428388457304	-66.10808272358085
531.4005769698716	-65.81794160101089
531.4583150940128	-65.55073398856135
531.546767930385	-65.17699498139608
531.6352207667572	-64.83716952190977
531.7236736031294	-64.52390040751568
531.8885983243775	-63.99301454591776
532.0535230456256	-63.51433419965945
532.2184477668737	-63.07581999451466
532.3833724881218	-62.66836974599435
532.5482972093699	-62.28500383838421
532.713221930618	-61.92111712650426
532.9794836100693	-61.36744680343548
533.2457452895206	-60.84887629413065
533.512006968972	-60.35957281522014
533.7782686484232	-59.89425857484263
534.0445303278746	-59.44867446895188
534.4717572273825	-58.76705882585187
534.8989841268904	-58.11670372923171
535.3262110263983	-57.48596426329333
535.7534379259062	-56.86304985726991
536.180664825414	-56.2361949909916
536.8271987994416	-55.249045463679046
537.4737327734691	-54.1359771203965
538.1202667474967	-52.712284104880396
538.2819002410035	-52.26563187272649
538.4435337345104	-51.74923917596435
538.6051672280173	-51.13548117315913
538.7668007215242	-50.38008897771322
538.9284342150311	-49.390735772052516
538.9688425884078	-49.0892797773049
539.0092509617846	-48.75678054074662
539.0875697653223	-47.99975461915777
539.16588856886	-47.031560683754705
539.1854682697445	-46.74458167836209
539.205047970629	-46.433710165351336
539.2399502922736	-45.80857130691333
539.2748526139183	-45.06823022687433
539.3097549355629	-44.171030576053305
539.3327753599173	-43.4635128077175
539.3483961161745	-42.9151110057884
539.3640168724318	-42.29808952800711
539.379637628689	-41.59704275352845
539.3952583849463	-40.79199167013612
539.4108791412035	-39.856528334181725
539.4264998974608	-38.756180085087095
539.442120653718	-37.44552869808928
539.4577414099753	-35.86398804883793
539.4733621662325	-33.929243285868985
539.4889829224898	-31.527228248017803
539.498350818285	-29.799456547072854
539.5077187140802	-27.805249449865634
539.5170866098754	-25.49881317589816
539.5264545056706	-22.835057936897478
539.5358224014658	-19.772587631587893
539.545190297261	-16.282256469596174
539.5545581930562	-12.358062901270323
539.5639260888514	-8.032850893034551
539.5732939846466	-3.3812834036013935
539.5826618804418	1.455533549088467
539.592029776237	6.284521604243202
539.6013976720322	10.899308169968096
539.6107655678275	15.12975009706567
539.6201334636227	18.868072763244413
539.6295013594179	22.07243317943243
539.6388692552131	24.7547252872309
539.6482371510083	26.961561380978296
539.6576050468035	28.754963009412258
539.6669729425987	30.198095528542122
539.6763408383939	31.347851894321302
539.6857087341891	32.25268906117812
539.6950766299843	32.95247735406548
539.7044445257795	33.48009043281229
539.7138124215747	33.862705482725204
539.72318031737	34.12255408706282
539.7325482131652	34.277847044154456
539.7419161089604	34.34376039149835
539.7512840047556	34.333108662001464
539.7606519005508	34.25672191386637
539.770019796346	34.12372214188824
539.7793876921412	33.941795432149625
539.7887555879364	33.71744449764971
539.7981234837316	33.456190454749574
539.8074913795268	33.162728567135524
539.816859275322	32.84106117313876
539.8262271711172	32.49461765281299
539.8355950669124	32.126355577330614
539.8449629627077	31.73883856074629
539.8543308585029	31.3342954824351
539.8636987542981	30.91466929476983
539.8730666500933	30.481660131243284
539.8824345458885	30.036757120071798
539.8918024416837	29.5812705516471
539.9011703374789	29.116353653056432
539.9105382332741	28.64302139265317
539.9199061290693	28.162167988963084
539.9292740248645	27.674582369121122
539.9386419206597	27.180961652333956
539.9480098164549	26.681922970775
539.9573777122501	26.17801346038055
539.9667456080454	25.66971807755545
539.9761135038406	25.15746550553176
539.9854813996358	24.641633313113392
539.994849295431	24.12255381655035
540.0042171912262	23.60052138784414
540.0135850870214	23.075800764078945
540.0229529828166	22.548635141452028
540.0323208786118	22.01925292327056
540.041688774407	21.487872605519346
540.0510566702022	20.954705823706565
540.0604245659974	20.41995881080284
540.0697924617926	19.883832599557365
540.0791603575879	19.34652255214567
540.0885282533831	18.80821745072221
540.0978961491783	18.26909862997833
540.1072640449735	17.729339263750038
540.1166319407687	17.189103779622695
540.1259998365639	16.648547398330766
540.1353677323591	16.107815791697337
540.1447356281543	15.56704478353483
540.1541035239495	15.026360021380855
540.1634714197447	14.485876639446975
540.1728393155399	13.945699019911086
540.1822072113351	13.405920774213511
540.1915751071303	12.866625020620972
540.2009430029256	12.327885008758216
540.2103108987208	11.789765480808743
540.219678794516	11.252325339303596
540.2290466903112	10.715620366620707
540.2384145861064	10.179703946508994
540.2477824819016	9.644626106778537
540.2571503776968	9.110432769839685
540.266518273492	8.577166695077523
540.2758861692872	8.044869935333729
540.2852540650824	7.513584326365574
540.2946219608776	6.983348694381591
540.3039898566728	6.454197114337206
540.313357752468	5.926163167168348
540.3227256482633	5.39928404366787
540.3320935440585	4.87359614261613
540.3414614398537	4.349128786532888
540.3508293356489	3.825905723950862
540.3601972314441	3.303950650001399
540.3695651272393	2.7832911805549116
540.3789330230345	2.263955130006862
540.3883009188297	1.745962941294313
540.3976688146249	1.2293280850782238
540.4070367104201	0.7140631806425048
540.4164046062153	0.200180675192519
540.4257725020105	-0.3123025662391912
540.4351403978058	-0.8233694608289773
540.444508293601	-1.3330111816617292
540.4538761893962	-1.8412246253949633
540.4632440851914	-2.3480066492293465
540.4726119809866	-2.853349019683817
540.4819798767818	-3.357237998156331
540.491347772577	-3.8596668406763617
540.5007156683722	-4.360639631960777
540.5100835641674	-4.860161424735518
540.5194514599626	-5.35823487632765
540.5288193557578	-5.854866546328926
540.538187251553	-6.350052410901862
540.5475551473482	-6.843790495652835
540.5569230431435	-7.336091056976134
540.5662909389387	-7.8269654698888695
540.5756588347339	-8.316420773590844
540.5850267305291	-8.804466285266015
540.5943946263243	-9.291117375760075
540.6037625221195	-9.776382421591187
540.6131304179147	-10.260250980226889
540.6224983137099	-10.742724649732855
540.6318662095051	-11.223814196562177
540.6412341053003	-11.703524907615352
540.6506020010955	-12.181817235844536
540.6599698968907	-12.658178865986619
540.669337792686	-13.13244050146716
540.6787056884812	-13.604569684135612
540.6880735842764	-14.074413557771242
540.7026477626218	-14.80051565072653
540.7172219409673	-15.520352403453323
540.7317961193128	-16.233681124658773
540.7463702976582	-16.9403393219763
540.7609444760037	-17.640238096223428
540.7755186543492	-18.33331595138997
540.7900928326947	-19.019511189409048
540.8046670110401	-19.69879675268602
540.8192411893856	-20.37120257430571
540.8338153677311	-21.036768154578525
540.8483895460765	-21.695526015529612
540.862963724422	-22.347522729352583
540.8775379027675	-22.992820854670455
540.8921120811129	-23.631489277151317
540.9066862594584	-24.263589517394703
540.9212604378039	-24.889178737891065
540.9358346161494	-25.508320711319673
540.9504087944948	-26.12107784063025
540.9649829728403	-26.727489734039562
540.9795571511858	-27.327570948076684
540.9941313295312	-27.92133017825335
541.0087055078767	-28.508778821314696
541.0232796862222	-29.089913863349906
541.0378538645676	-29.664700550406586
541.0478869106979	-30.056667330538097
541.0579199568282	-30.445564517988327
541.0679530029585	-30.831357435941953
541.0779860490887	-31.214004593282432
541.088019095219	-31.593457652404748
541.0980521413493	-31.96966342374476
541.1080851874796	-32.34256545831935
541.1181182336098	-32.712103678383954
541.1281512797401	-33.07821372853338
541.1381843258704	-33.44082759593711
541.1482173720007	-33.79987454515731
541.1582504181309	-34.15528138153373
541.1682834642612	-34.50697265308596
541.1783165103915	-34.8548714336145
541.1883495565218	-35.19890034636301
541.198382602652	-35.538983768726865
541.2084156487823	-35.8750484823564
541.2184486949126	-36.207022349511355
541.2284817410429	-36.5348346243914
541.2385147871731	-36.858417978784935
541.2485478333034	-37.17770945964255
541.2585808794337	-37.492650242688896
541.268613925564	-37.803188526042746
541.2786469716942	-38.10927943894702
541.2886800178245	-38.410882314871564
541.2987130639548	-38.707961201306176
541.308746110085	-39.00048687425923
541.3187791562153	-39.28843669289066
541.3288122023456	-39.57179427390112
541.3388452484759	-39.85055118051269
541.3488782946062	-40.12470556463964
541.3589113407364	-40.39426041009627
541.3689443868667	-40.65922446196975
541.378977432997	-40.919612666071735
541.3890104791273	-41.175444975517
541.3990435252575	-41.42674556805037
541.4090765713878	-41.67355011286236
541.4191096175181	-41.91589828712944
541.4291426636483	-42.15383028033672
541.4391757097786	-42.387390754318155
541.4492087559089	-42.61667692099574
541.4592418020392	-42.841822457717015
541.4692748481694	-43.06291175594473
541.4793078942997	-43.28002239670628
541.48934094043	-43.49325094027078
541.4993739865603	-43.7026929190604
541.5094070326905	-43.90842708405314
541.5194400788208	-44.11052130423853
541.5294731249511	-44.3090435020151
541.5395061710814	-44.504064870568094
541.5495392172116	-44.69565723848096
541.5595722633419	-44.88389053007938
541.5696053094722	-45.0688328378997
541.5796383556025	-45.25055149205174
541.5896714017327	-45.429113327451844
541.599704447863	-45.60458458541275
541.6097374939933	-45.77703114996454
541.6197705401236	-45.94651867726298
541.6298035862538	-46.11311229326861
541.6398366323841	-46.27687657359976
541.6498696785144	-46.43787603510932
541.6599027246447	-46.596175312931955
541.6699357707749	-46.75183879151767
541.6799688169052	-46.90493039205416
541.6900018630355	-47.055513689857534
541.7000349091658	-47.203651831803406
541.7153659962689	-47.425434098554746
541.7306970833721	-47.641870660398446
541.7460281704753	-47.853174431304275
541.7613592575784	-48.05955228166987
541.7766903446816	-48.26120453434113
541.7920214317847	-48.45832500900582
541.8073525188879	-48.65110116849552
541.8226836059911	-48.83971469228974
541.8380146930942	-49.024341493240655
541.8533457801974	-49.20515165924197
541.8686768673006	-49.38230956478813
541.8840079544037	-49.5559740085142
541.8993390415069	-49.72629825969677
541.91467012861	-49.89343006347753
541.9300012157132	-50.05751168252084
541.9453323028164	-50.21867998380511
541.9606633899195	-50.377066533759795
541.9759944770227	-50.53279768026787
541.9913255641259	-50.68599463807849
542.006656651229	-50.836773599330904
542.0219877383322	-50.98524591748419
542.0373188254354	-51.13151804064474
542.0526499125385	-51.27569190582908
542.0679809996417	-51.41786486190088
542.0833120867449	-51.558129949806215
542.098643173848	-51.696575766341944
542.1139742609512	-51.83328660550087
542.1293053480543	-51.96834246372795
542.1446364351575	-52.1018190830187
542.1599675222607	-52.233788059179034
542.1752986093638	-52.364316963438625
542.190629696467	-52.49346945513463
542.2059607835702	-52.621305390587786
542.2212918706733	-52.74788093110588
542.2366229577765	-52.87324864990854
542.2519540448797	-52.997457641793
542.2672851319828	-53.12055363918563
542.282616219086	-53.242579133813415
542.2979473061891	-53.36357350294939
542.3132783932923	-53.48357314189022
542.3286094803955	-53.602611603075886
542.3439405674986	-53.72071973818345
542.3592716546018	-53.83792583927922
542.374602741705	-53.95425577891668
542.3899338288081	-54.06973315079658
542.4052649159113	-54.18437940998601
542.4205960030145	-54.29821400909983
542.4359270901176	-54.411254527943036
542.4512581772208	-54.5235167969749
542.475506433273	-54.699519012384776
542.4997546893253	-54.873657479781734
542.5240029453776	-55.045971165235436
542.5482512014298	-55.2164941393095
542.5724994574821	-55.38525332691863
542.5967477135343	-55.55227084330434
542.6209959695866	-55.71755868196184
542.6452442256389	-55.8811280829914
542.6694924816911	-56.04298670796327
542.6937407377434	-56.20313864457609
542.7179889937956	-56.361585159393144
542.7422372498479	-56.51832534691607
542.7664855059002	-56.67335661104584
542.7907337619524	-56.82667505323952
542.8149820180047	-56.978275814474436
542.839230274057	-57.1281533854906
542.8634785301092	-57.27630188582443
542.8877267861615	-57.4227153107753
542.9277562737674	-57.6606024740985
542.9677857613733	-57.89371840339658
543.0078152489792	-58.12204680566427
543.0478447365851	-58.34557444067753
543.0878742241911	-58.56429017283355
543.127903711797	-58.77818875224323
543.1960755749743	-59.13140106148599
543.2642474381516	-59.4707329265036
543.332419301329	-59.79633495223628
543.4005911645063	-60.10839333402577
543.4687630276836	-60.40714212586411
543.536934890861	-60.6928670464104
543.6491942682815	-61.13587539724832
543.761453645702	-61.54608066914534
543.8737130231225	-61.92516390035248
543.985972400543	-62.27482697892847
544.0982317779635	-62.59680547686821
544.2874638888483	-63.08164397845262
544.476695999733	-63.50049799594011
544.6659281106178	-63.86071684885849
544.8551602215025	-64.16893996539076
545.1545452182662	-64.56426168790641
545.4539302150299	-64.86396571888737
545.7533152117936	-65.08484937832567
546.213642940545	-65.3015251073032
546.6739706692964	-65.4026531155897
547.1342983980478	-65.4169206163304
547.5946261267992	-65.36570557196457
548.0549538555506	-65.2650140336244
548.515281584302	-65.12720871760807
548.9756093130534	-64.9616480088981
549.4359370418048	-64.77542724594865
549.8962647705562	-64.57430760811256
550.3565924993076	-64.36290158562727
551.0937847663407	-64.01205620431958
551.8309770333739	-63.65588826398722
552.568169300407	-63.30231010561409
553.3053615674402	-62.9567219049279
554.0425538344733	-62.62299435700468
554.7797461015065	-62.30370617940979
555.5169383685396	-62.000266002153865
556.2541306355728	-61.71342148628749
556.9913229026059	-61.443361485813774
557.7285151696391	-61.18986558858947
558.4657074366722	-60.95251756860438
559.2028997037054	-60.73070306663327
559.9400919707385	-60.52369285713256
560.6772842377717	-60.33075363686311
561.4144765048048	-60.15106149716458
562.151668771838	-59.98383246543691
562.8888610388711	-59.828279858440006
563.6260533059043	-59.6836639401589
564.3632455729374	-59.549217032678115
565.1004378399706	-59.42430499224977
565.8376301070037	-59.30827608457265
566.5748223740369	-59.20046025666454
567.31201464107	-59.10025561088547
568.0492069081032	-59.007138635892986
568.7863991751364	-58.92070606970535
569.5235914421695	-58.84051379206058
570.2607837092027	-58.76616651930947
570.9979759762358	-58.69715565298092
571.735168243269	-58.633151077028
572.4723605103021	-58.573786179310346
573.2095527773353	-58.518828382285726
573.9467450443684	-58.46785255709092
574.6839373114016	-58.42069246375828
575.4211295784347	-58.37674005427174
576.1583218454679	-58.33625258275703
576.895514112501	-58.29824892185687
577.3804068055776	-58.27476532640679
577.8652994986543	-58.252778432434035
578.3501921917309	-58.232209734111734
578.8350848848075	-58.212910815501644
579.3199775778842	-58.19426174816938
579.8048702709608	-58.17634600720094
580.2897629640374	-58.159075110272326
580.7746556571141	-58.143028895646
581.2595483501907	-58.12741016496371
581.7444410432673	-58.112836282015216
582.229333736344	-58.09825921319202
582.7142264294206	-58.085355168212956
583.1991191224972	-58.071916833056896
583.6840118155739	-58.060643380033795
584.1689045086505	-58.047541956630916
584.6537972017271	-58.038191057247055
585.1386898948037	-58.025038953453944
585.6235825878804	-58.01825524359718
586.108475280957	-58.00341490877802
586.5933679740336	-58.000182239036484
587.0782606671103	-57.996667690096295
587.5631533601869	-57.987402881061364
588.0480460532635	-57.97744304343131
588.5329387463402	-57.96227022985598
589.0178314394168	-57.95612857053589
589.5027241324934	-57.9526658043844
589.9876168255701	-57.95183044040651
590.4725095186467	-57.942462891665194
590.9574022117233	-57.93628619332817
591.4422949048	-57.92269298634069
591.9271875978766	-57.92373928470422
592.4120802909532	-57.92445702812095
592.8969729840298	-57.92732316757745
593.3818656771065	-57.917018759918996
593.8667583701831	-57.91311499723465
594.3516510632597	-57.90944521213134
594.8365437563364	-57.911976805119544
595.321436449413	-57.90589443520572
595.8063291424896	-57.90127874812546
596.2912218355663	-57.88235591623179
596.7761145286429	-57.86982976221356
597.2610072217195	-57.86755545230461
597.7458999147962	-57.86486867530062
598.2307926078728	-57.86480810801559
598.7156853009494	-57.85731678393605
599.200577994026	-57.855630121682886
599.6854706871027	-57.84297533819257
600.1703633801793	-57.833071866685316
600.6552560732559	-57.820328111645026
601.1401487663326	-57.81988701563426
601.6250414594092	-57.8212406780678
602.1099341524858	-57.82722243885971
602.5948268455625	-57.8202192395201
603.0797195386391	-57.817121036182805
603.5646122317157	-57.79967829482312
604.0495049247924	-57.78845859668328
604.534397617869	-57.78766875585456
605.0192903109456	-57.78630738279384
605.5041830040223	-57.78978519854344
605.9890756970989	-57.7828429602889
606.4739683901755	-57.77430151416259
606.9588610832521	-57.761762165857526
607.4437537763288	-57.76095491243003
607.9286464694054	-57.76202244311888
608.413539162482	-57.76545504307453
608.8984318555587	-57.757839990089686
609.3833245486353	-57.75508409009822
609.8682172417119	-57.74108460952019
610.3531099347886	-57.746748183122044
610.8380026278652	-57.75142839467907
611.3228953209418	-57.745674033488726
611.8077880140185	-57.73873198306791
612.2926807070951	-57.72335845013192
612.7775734001717	-57.713526179511376
613.2624660932483	-57.70724620559624
613.747358786325	-57.70872070689497
614.2322514794016	-57.700381835572195
614.7171441724782	-57.691989534236086
615.2020368655549	-57.68276715058328
615.6869295586315	-57.6812147849088
616.1718222517081	-57.68015229717938
616.6567149447848	-57.68178174202078
617.1416076378614	-57.675733843804025
617.626500330938	-57.672229110607745
618.1113930240147	-57.65874290340313
618.5962857170913	-57.64921629339045
619.0811784101679	-57.63864084519796
619.5660711032446	-57.63830964728236
620.0509637963212	-57.629464094042014
620.5358564893978	-57.621779530931235
621.0207491824744	-57.60911569221732
621.5056418755511	-57.60656845029796
621.9905345686277	-57.59866181436416
622.4754272617043	-57.592734547134
622.960319954781	-57.57925463817092
623.4452126478576	-57.575388469541814
623.9301053409342	-57.57493547322918
624.4149980340109	-57.581842033291736
624.8998907270875	-57.57456682613892
625.3847834201641	-57.57040817610088
625.8696761132408	-57.56632480527523
626.3545688063174	-57.57318039335683
626.839461499394	-57.57309440781016
627.3243541924707	-57.563956039888296
627.8092468855473	-57.546218830693896
628.2941395786239	-57.54488241952336
628.7790322717005	-57.538104702047654
629.2639249647772	-57.54160957922734
629.7488176578538	-57.51451509640721
630.2337103509304	-57.49498661081077
630.7186030440071	-57.49446511252343
631.2034957370837	-57.49202811246287
631.6883884301603	-57.498570926593295
632.173281123237	-57.49880503763781
632.6581738163136	-57.490309633873245
633.1430665093902	-57.48000902292274
633.6279592024669	-57.4681173396485
634.1128518955435	-57.46437736009185
634.5977445886201	-57.46181018919742
635.0826372816967	-57.460011080388576
635.5675299747734	-57.45484598505357
636.05242266785	-57.449447705026685
636.5373153609266	-57.439730238223945
637.0222080540033	-57.433686129160456
637.5071007470799	-57.42827806858015
637.9919934401565	-57.42554291240563
638.4768861332332	-57.41747917817568
638.9617788263098	-57.41067440546122
639.4466715193864	-57.395713602499946
639.9315642124631	-57.39416804926805
640.4164569055397	-57.39264006552064
640.9013495986163	-57.393626612365956
641.386242291693	-57.38068991931448
641.8711349847696	-57.36676903042449
642.3560276778462	-57.347939977166895
642.8409203709228	-57.34369015073588
643.3258130639995	-57.331180289131645
643.8107057570761	-57.31972481939388
644.2955984501527	-57.29770671252227
644.7804911432294	-57.284204664809074
645.265383836306	-57.280379989034664
645.7502765293826	-57.28002563871746
646.2351692224593	-57.274330452363806
646.7200619155359	-57.263257698173
647.2049546086125	-57.250913577536046
647.6898473016892	-57.24469369843973
648.1747399947658	-57.23829325831073
648.6596326878424	-57.231628444787866
649.144525380919	-57.22193855062562
649.6294180739957	-57.215581642341185
650.1143107670723	-57.20593529017136
650.5992034601489	-57.19865912120758
651.0840961532256	-57.182032350933625
651.5689888463022	-57.179135436414114
652.0538815393788	-57.16135992328136
652.5387742324555	-57.14729645384251
653.0236669255321	-57.14237641882807
653.5085596186087	-57.13647315747634
653.9934523116854	-57.1372981834461
654.478345004762	-57.13033601376673
654.9632376978386	-57.115930343114144
655.4481303909153	-57.103219485431175
655.9330230839919	-57.0927100137767
656.4179157770685	-57.085583883853715
656.9028084701451	-57.072647305338144
657.3877011632218	-57.05985906537975
657.8725938562984	-57.04758983761373
658.357486549375	-57.039638337263014
658.8423792424517	-57.0268849148341
659.3272719355283	-57.02100546939414
659.8121646286049	-57.013692894552435
660.2970573216816	-57.00845492315821
660.7819500147582	-56.993362666447766
661.2668427078348	-56.97860491392515
661.7517354009115	-56.96076565632273
662.2366280939881	-56.95457882476439
662.7215207870647	-56.94794070056994
663.2064134801414	-56.94406968031676
663.691306173218	-56.92624184044382
664.1761988662946	-56.91882281404968
664.6610915593712	-56.91079426192526
665.1459842524479	-56.89637955446813
665.6308769455245	-56.88490596438727
666.1157696386011	-56.874529273547346
666.6006623316778	-56.86560428151978
667.0855550247544	-56.85659254208301
667.570447717831	-56.8446584327499
668.0553404109077	-56.82715036090143
668.5402331039843	-56.812892258709155
669.0251257970609	-56.801344992352355
669.5100184901376	-56.79147829769719
669.9949111832142	-56.77619375207006
670.4798038762908	-56.76337053453033
670.9646965693674	-56.74653307850442
671.4495892624441	-56.74119875158747
671.9344819555207	-56.73212455813143
672.4193746485973	-56.71513755435845
672.904267341674	-56.70079957412862
673.3891600347506	-56.68859325322644
673.8740527278272	-56.676744292326525
674.3589454209039	-56.66272001859681
674.8438381139805	-56.64830440077493
675.3287308070571	-56.63074746657339
675.8136235001338	-56.61845872128971
676.2985161932104	-56.60627393497086
676.783408886287	-56.59477202602093
677.2683015793637	-56.57631453719421
677.7531942724403	-56.56373170677035
678.2380869655169	-56.54105556913122
678.7229796585935	-56.53718976743006
679.0553706519757	-56.53159311580613
679.387761645358	-56.515891237385375
679.7201526387402	-56.50066885274629
680.0525436321224	-56.48340114636389
680.3849346255046	-56.47540970988425
680.7173256188868	-56.46840927443118
681.049716612269	-56.46270229427543
681.3821076056512	-56.447864526894996
681.7144985990334	-56.43691759192296
682.0468895924156	-56.418670459643394
682.3792805857978	-56.4152240802447
682.71167157918	-56.40927947155849
683.0440625725622	-56.39466452301216
683.3764535659444	-56.38117196904191
683.7088445593266	-56.36379484151747
684.0412355527088	-56.355228247259454
684.373626546091	-56.346817559415975
684.7060175394732	-56.33994998935639
685.0384085328554	-56.324179920648774
685.3707995262376	-56.31273242294437
685.7031905196199	-56.30154630975643
686.0355815130021	-56.293421352943966
686.3679725063843	-56.27985010260473
686.7003634997665	-56.267771055875585
687.0327544931487	-56.24678665542073
687.3651454865309	-56.23000403132401
687.6975364799131	-56.21525388360843
688.0299274732953	-56.2075428583906
688.3623184666775	-56.190651178754514
688.6947094600597	-56.17407753266779
689.0271004534419	-56.15773811737506
689.3594914468241	-56.14752126716487
689.6918824402063	-56.1310317255675
690.0242734335885	-56.12290660512399
690.3566644269707	-56.101947818982666
690.6890554203529	-56.09732527222014
691.0214464137351	-56.08926943946995
691.3538374071173	-56.08442402986104
691.6862284004995	-56.06236131481519
692.0186193938817	-56.03972889278341
692.351010387264	-56.024724706667925
692.6834013806462	-56.00935930268688
693.0157923740284	-56.00262337691856
693.3481833674106	-55.98290980972168
693.6805743607928	-55.96073011712062
694.012965354175	-55.933660365092095
694.3453563475572	-55.92124325614179
694.6777473409394	-55.90115460325336
695.0101383343216	-55.89866415350987
695.3425293277038	-55.889240623594354
695.674920321086	-55.86580816393636
696.0073113144682	-55.846809960898845
696.3397023078504	-55.817765579119104
696.6720933012326	-55.79289055299815
697.0044842946148	-55.767725545400964
697.336875287997	-55.75587284651349
697.6692662813792	-55.729597935073066
698.0016572747614	-55.7026417824875
698.3340482681436	-55.67061448940053
698.6664392615259	-55.65246875744716
698.9988302549081	-55.63526327185414
699.3312212482903	-55.62367242111466
699.6636122416725	-55.595969620459904
699.9960032350547	-55.56542008716181
700.3283942284369	-55.5274621204394
700.6607852218191	-55.506718974545926
700.9931762152013	-55.47377736343551
701.3255672085835	-55.441285597035495
701.6579582019657	-55.397415324889195
701.9903491953479	-55.369081979753396
702.3227401887301	-55.34396048155535
702.6551311821123	-55.33075521870515
702.9875221754945	-55.293531172157216
703.3199131688767	-55.24993949654911
703.6523041622589	-55.19310750623648
703.9846951556411	-55.16391013278433
704.3170861490233	-55.13563236929338
704.6494771424055	-55.09086687946695
704.9818681357877	-55.04601796960298
705.31425912917	-55.00172177023656
705.6466501225522	-54.95134768838651
705.9790411159344	-54.90932389178498
706.3114321093166	-54.86110058698189
706.6438231026988	-54.80390193962174
706.976214096081	-54.73274470425136
707.3086050894632	-54.67257367951469
707.6409960828454	-54.60871291912951
707.9733870762276	-54.53712508069187
708.3057780696098	-54.44515929710143
708.638169062992	-54.362505641468644
708.9705600563742	-54.27123138680406
709.3029510497564	-54.15745025349934
709.6353420431386	-54.040427596674675
709.9677330365208	-53.887556870923696
710.300124029903	-53.72094782378455
710.6325150232852	-53.55093378557379
710.9649060166674	-53.34859923654966
711.2972970100496	-53.091125593030675
711.6296880034319	-52.77514560317959
711.9620789968141	-52.369439882410894
712.0451767451596	-52.248653928960586
712.128274493505	-52.11728019020539
712.256788103861	-51.889850374054404
712.385301714217	-51.620650756028354
712.513815324573	-51.294128362014405
712.545943727162	-51.20146678471891
712.578072129751	-51.103349479181176
712.6102005323401	-50.99896329996495
712.6423289349291	-50.88735906385004
712.6744573375181	-50.76739898206781
712.7065857401071	-50.63761533206983
712.7387141426962	-50.49602398935186
712.7605599785029	-50.39164796405658
712.7824058143096	-50.27936477456921
712.8042516501164	-50.15758553133097
712.8260974859231	-50.024194821098575
712.841147276551	-49.92412393872988
712.856197067179	-49.81606857890039
712.8712468578069	-49.69863899026963
712.8862966484348	-49.57020949002605
712.9013464390628	-49.42891722724628
712.9163962296907	-49.27268083809672
712.9314460203186	-49.099256018823446
712.9464958109465	-48.90634759760385
712.9615456015745	-48.691774328695466
712.9765953922024	-48.45363980649777
712.9916451828303	-48.19047081969834
713.0066949734583	-47.90122051419151
713.0217447640862	-47.585081551018696
713.0367945547141	-47.24115198631729
713.051844345342	-46.86808614512219
713.06689413597	-46.4638426328652
713.0819439265979	-46.02556474714287
713.0969937172258	-45.54958163333599
713.1120435078537	-45.03150762916315
713.1270932984817	-44.466387475614944
713.1421430891096	-43.848772380432436
713.1571928797375	-43.1726248882038
713.1722426703654	-42.43087075267232
713.1872924609934	-41.61465870476711
713.2023422516213	-40.71237766440289
713.2173920422492	-39.70845132578402
713.2324418328772	-38.582130544169566
713.2474916235051	-37.30618857153446
713.262541414133	-35.84511256065726
713.2775912047609	-34.152994892487634
713.2926409953889	-32.168483863079295
713.3076907860168	-29.808215552060545
713.3227405766447	-26.95840828110173
713.3377903672726	-23.465924891782834
713.3528401579006	-19.144013460580798
713.3633221911203	-15.550638475910398
713.3738042243401	-11.444649969523645
713.3842862575599	-6.8568259469447
713.3947682907797	-1.9019720227876917
713.4010330472477	1.1468408219787372
713.4072978037157	4.1872272171494975
713.4135625601837	7.161366397807911
713.4198273166517	10.017340287195086
713.4260920731197	12.711266834010171
713.4323568295877	15.21082590826623
713.4386215860557	17.497193997089823
713.4448863425237	19.563922205702436
713.4511510989917	21.41407770441825
713.4574158554597	23.057294925961894
713.4636806119277	24.50734226288301
713.4732901172209	26.39234646617204
713.4828996225142	27.91919372504631
713.4925091278075	29.145717450233033
713.5021186331007	30.12068861292977
713.511728138394	30.88416987449685
713.5213376436873	31.469660537928807
713.5309471489805	31.90510239453559
713.5405566542738	32.21345112019977
713.5501661595671	32.413458791389566
713.5597756648604	32.520600973348124
713.5693851701536	32.547864408895066
713.5789946754469	32.5062567738621
713.5886041807402	32.405106256300094
713.5982136860334	32.252294432647545
713.6078231913267	32.0544907410361
713.61743269662	31.81736880098338
713.6270422019132	31.54577976553493
713.6366517072065	31.243887357257734
713.6462612124998	30.915279066754483
713.655870717793	30.563059366083767
713.6654802230863	30.189926820006633
713.6750897283796	29.798228390274648
713.6846992336729	29.390016478471704
713.6943087389661	28.967090535213348
713.7039182442594	28.531032486885774
713.7135277495527	28.083236493766904
713.7231372548459	27.624932496786727
713.7327467601392	27.157205717710323
713.7423562654325	26.681014198145
713.7519657707257	26.197204890693886
713.761575276019	25.70652788409925
713.7711847813123	25.209648395207463
713.7807942866056	24.707156550539153
713.7904037918988	24.199575250947706
713.8000132971921	23.68736666931286
713.8096228024854	23.17093833179416
713.8192323077786	22.650649946976056
713.8288418130719	22.126821649769727
713.8384513183652	21.599743212232696
713.8480608236584	21.069682888641406
713.8576703289517	20.536894641201933
713.867279834245	20.00162299884812
713.8768893395383	19.46410625237048
713.8864988448315	18.924577673532617
713.8961083501248	18.38326558626736
713.9057178554181	17.840392688077575
713.9153273607113	17.296175042653513
713.9249368660046	16.75082109419892
713.9345463712979	16.20453082966139
713.9441558765911	15.657495071387698
713.9537653818844	15.10989486249787
713.9633748871777	14.561900899026693
713.972984392471	14.013672945133445
713.9825938977642	13.46535920965292
713.9922034030575	12.91709576499102
714.0018129083508	12.369006162622933
714.011422413644	11.821201383097273
714.0210319189373	11.273780186114756
714.0306414242306	10.72682985388473
714.0402509295238	10.180427264574943
714.0498604348171	9.634640566609013
714.0594699401104	9.089532232368363
714.0690794454036	8.545162708194988
714.0786889506969	8.001592111224664
714.0882984559902	7.458878618928964
714.0979079612835	6.917076456252366
714.1075174665767	6.376237660678727
714.11712697187	5.836414591695877
714.1267364771633	5.297657404673845
714.1363459824565	4.760011726366907
714.1459554877498	4.2235219922284495
714.1555649930431	3.688232684905102
714.1651744983363	3.1541835421316318
714.1747840036296	2.6214071587880676
714.1843935089229	2.0899360803021527
714.1940030142162	1.5598067308794519
714.2036125195094	1.031051152922504
714.2132220248027	0.5036909774167126
714.222831530096	-0.02225739759412677
714.2324410353892	-0.5467755716417362
714.2420505406825	-1.0698410972962267
714.2516600459758	-1.591431993088589
714.261269551269	-2.1115349898796656
714.2708790565623	-2.630145882560798
714.2804885618556	-3.147260267068002
714.2900980671488	-3.6628604843335233
714.2997075724421	-4.176930873792511
714.3093170777354	-4.689472814197754
714.3189265830287	-5.2004940471791645
714.3285360883219	-5.709998366902459
714.3381455936152	-6.217988744585503
714.3477550989085	-6.724459730451924
714.3573646042017	-7.229413701547795
714.366974109495	-7.732865575307205
714.3765836147883	-8.234829279935905
714.3861931200815	-8.735314804966519
714.3958026253748	-9.234335908701889
714.4054121306681	-9.731912413669818
714.4150216359614	-10.228035661565716
714.4246311412546	-10.722707560386963
714.4342406465479	-11.215944156639598
714.4438501518412	-11.70775521643188
714.4534596571344	-12.198100571053107
714.4630691624277	-12.686492069911381
714.472678667721	-13.172769807113948
714.4822881730142	-13.656902143174857
714.4918976783075	-14.138741097058308
714.5015071836008	-14.618099871856273
714.511116688894	-15.094877741986053
714.5256147555405	-15.809216801736367
714.5401128221869	-16.51738551640879
714.5546108888333	-17.21922075339911
714.5691089554797	-17.914595210555095
714.5836070221261	-18.603377037380387
714.5981050887725	-19.285483343922806
714.6126031554189	-19.960882242333536
714.6271012220653	-20.629549277579294
714.6415992887117	-21.291452529192604
714.6560973553582	-21.946577490832908
714.6705954220046	-22.594929552845258
714.685093488651	-23.236519720584848
714.6995915552974	-23.871357665028942
714.7140896219438	-24.49945694461142
714.7285876885902	-25.120841128578935
714.7430857552366	-25.73553985932873
714.757583821883	-26.343574959511823
714.7720818885294	-26.944953828368966
714.7865799551759	-27.539678072804904
714.8010780218223	-28.127751705962357
714.8155760884687	-28.709173766178193
714.8300741551151	-29.283925950667918
714.8445722217615	-29.851970018624804
714.8590702884079	-30.413249169755385
714.8735683550543	-30.967684787870596
714.8880664217007	-31.515172336711387
714.9025644883471	-32.05558680350732
714.9170625549935	-32.58878708524102
714.93156062164	-33.11461551341979
714.9460586882864	-33.63289932280102
714.9605567549328	-34.143456302733554
714.9750548215792	-34.64609948887862
714.9895528882256	-35.14064020479078
715.004050954872	-35.62689494312322
715.0185490215184	-36.10468629548149
715.0330470881648	-36.57384242868583
715.0475451548112	-37.034203673557016
715.0620432214577	-37.48562996326435
715.0765412881041	-37.92801132960397
715.0910393547505	-38.361259984017344
715.1055374213969	-38.785304879531125
715.1200354880433	-39.20009802857036
715.1345335546897	-39.605621245291964
715.1490316213361	-40.0018943903455
715.1635296879825	-40.38895602207095
715.1780277546289	-40.76686116427191
715.1925258212754	-41.13568764351936
715.2070238879218	-41.49553531084919
715.2215219545682	-41.84653882873692
715.2360200212146	-42.18884118668978
715.250518087861	-42.52258941209759
715.2650161545074	-42.84811577105816
715.2795142211538	-43.16573459833381
715.2940122878002	-43.47565497089919
715.3085103544466	-43.77809923262054
715.323008421093	-44.07332002623593
715.3375064877395	-44.36154891122734
715.3520045543859	-44.64298223003069
715.3665026210323	-44.91780345344699
715.3810006876787	-45.18620068235069
715.3954987543251	-45.44836632409312
715.4099968209715	-45.70448967579902
715.4244948876179	-45.95475556816223
715.4389929542643	-46.19934565133205
715.4534910209107	-46.438439880442786
715.4679890875572	-46.672217711168884
715.4824871542036	-46.900857915549196
715.49698522085	-47.12453788091145
715.5114832874964	-47.343433537980445
715.5259813541428	-47.557719009681875
715.5404794207892	-47.76756519710532
715.5549774874356	-47.973138523844526
715.569475554082	-48.17460073769218
715.5839736207284	-48.372108939853625
715.5984716873749	-48.56581520362128
715.6129697540213	-48.755866363774764
715.6274678206677	-48.942404420581475
715.6419658873141	-49.125567029995814
715.6564639539605	-49.305487554698374
715.6709620206069	-49.48229490503598
715.6854600872533	-49.656113634942386
715.6999581538997	-49.82706398462037
715.7144562205461	-49.99526219605189
715.7289542871926	-50.16082048205281
715.743452353839	-50.32384697915869
715.7579504204854	-50.484445837515295
715.7724484871318	-50.64271736366191
715.7869465537782	-50.798758117965605
715.8014446204246	-50.95266096250157
715.815942687071	-51.10451510791398
715.8304407537174	-51.25440622207154
715.8449388203638	-51.40241638710008
715.8594368870102	-51.548624310992544
715.8739349536567	-51.69310537464807
715.8884330203031	-51.83593167250794
715.9029310869495	-51.97717208585368
715.9174291535959	-52.11689233252399
715.9319272202423	-52.25515497483782
715.9464252868887	-52.39201942459144
715.9609233535351	-52.527541976644464
715.9754214201815	-52.66177588151012
715.989919486828	-52.794771334926516
716.0044175534744	-52.92657561096992
716.0189156201208	-53.05723312930559
716.0334136867672	-53.18678552861393
716.0479117534136	-53.31527175779316
716.06240982006	-53.442728164475106
716.0769078867064	-53.56918857674529
716.0914059533528	-53.69468438772586
716.1059040199992	-53.81924464785641
716.1204020866456	-53.942896161404015
716.134900153292	-54.06566358369308
716.1493982199385	-54.18756952026857
716.1638962865849	-54.3086346303165
716.1783943532313	-54.42887773304566
716.1928924198777	-54.54831591324494
716.2073904865241	-54.66696462425942
716.2218885531705	-54.784837789884975
716.2363866198169	-54.901947906639656
716.2508846864633	-55.01830614505844
716.2653827531097	-55.133922447112106
716.2798808197562	-55.248805618277444
716.3024592091981	-55.42627569845976
716.32503759864	-55.60201106377868
716.347615988082	-55.7760314359872
716.370194377524	-55.94835223677654
716.3927727669659	-56.11898520101847
716.4153511564078	-56.28793889435802
716.4379295458498	-56.455219178419796
716.4605079352917	-56.62082964097662
716.4830863247337	-56.78477199130554
716.5056647141756	-56.94704641692849
716.5282431036176	-57.10765190210286
716.5508214930595	-57.266586512441684
716.5733998825015	-57.423847650059415
716.5959782719434	-57.57943228170958
716.6185566613854	-57.73333714141634
716.6411350508273	-57.88555890933703
716.6637134402692	-58.03609436878928
716.6862918297112	-58.18494054313703
716.7088702191531	-58.33209481395943
716.7314486085951	-58.47755502188824
716.7687652551024	-58.71424823836638
716.8060819016097	-58.94630619188498
716.843398548117	-59.17373118821007
716.8807151946243	-59.39653021373609
716.9180318411316	-59.6147160201874
716.9827954036253	-59.98249256051753
717.0475589661191	-60.336574835132794
717.1123225286129	-60.677165681362446
717.1770860911067	-61.004495428591675
717.2418496536005	-61.31883183899574
717.3066132160943	-61.62048298689604
717.4103237837398	-62.077975021200395
717.5140343513854	-62.50530428724567
717.6177449190309	-62.90399708867015
717.7214554866764	-63.27558279930126
717.8251660543219	-63.62160010728468
717.9288766219674	-63.943577813828284
718.1314813327301	-64.50863870714178
718.3340860434928	-64.99757450598959
718.5366907542555	-65.4194444194029
718.7392954650181	-65.7824418928417
718.9419001757808	-66.09367993599658
719.1445048865435	-66.3593068358124
719.3471095973061	-66.58470218395986
719.6680858464292	-66.8703927758554
719.9890620955523	-67.08254823017272
720.3100383446754	-67.23440141040949
720.6310145937985	-67.33655953639465
720.9519908429215	-67.39771510314539
721.2729670920446	-67.42492112504796
721.5939433411677	-67.42398792431256
722.145752147444	-67.36981824115102
722.6975609537203	-67.26557137940573
723.2493697599966	-67.12605951685791
723.8011785662729	-66.96177969749759
724.7804474576271	-66.63287159628803
725.7597163489813	-66.2796987222105
726.7389852403355	-65.92001695845862
727.7182541316897	-65.56544250532286
728.6975230230439	-65.22132422834869
729.6767919143981	-64.89317002864809
730.6560608057523	-64.5839557464135
731.6353296971065	-64.29264073860428
732.6145985884607	-64.02056201670977
733.5938674798149	-63.76659470397288
734.5731363711691	-63.52827776309737
735.5524052625233	-63.306869334365075
736.5316741538775	-63.09957756528938
737.5109430452317	-62.90479755254637
738.4902119365859	-62.72394203527124
739.4694808279401	-62.552651821081454
740.0992653801749	-62.447889615576806
740.7290499324097	-62.34787400672999
741.3588344846445	-62.251392661473695
741.9886190368793	-62.15816292378817
742.6184035891141	-62.06765942708649
743.2481881413489	-61.980463349337896
743.8779726935837	-61.896817848380124
744.5077572458185	-61.81548183303999
745.1375417980533	-61.73688641437685
745.7673263502882	-61.66106574447757
746.397110902523	-61.58709105882492
747.0268954547578	-61.515658960325226
747.6566800069926	-61.44625002668067
748.2864645592274	-61.37845556144753
748.720335876864	-61.33297332773893
749.1542071945007	-61.288502153837214
749.5880785121374	-61.244840760732124
750.021949829774	-61.20205388770601
750.4558211474107	-61.1599831449254
750.8896924650473	-61.1185699228249
751.323563782684	-61.0778559108714
752.0132649396227	-61.01443522602554
752.7029660965613	-60.952527962922616
753.3926672535	-60.892140808578404
754.0823684104387	-60.83317929579112
755.3082237917183	-60.73176325016939
756.534079172998	-60.63440037319711
758.4502384873737	-60.489282246760666
760.3663978017494	-60.352335561385146
762.2825571161251	-60.222753891964764
764.1987164305008	-60.09965395843043
766.1148757448765	-59.98253378729358
769.2070553725843	-59.80475748064481
772.299235000292	-59.63942850489724
775.3914146279998	-59.48530117621064
778.4835942557075	-59.34070143229035
781.5757738834153	-59.20441074324961
784.6679535111231	-59.07554103255039
787.7601331388308	-58.952402734582385
790.8523127665386	-58.83697177193784
792.5745729268853	-58.77582774766604
794.2968330872319	-58.71610954525038
796.0190932475786	-58.657300297986616
797.7413534079252	-58.59880749150068
799.4636135682719	-58.54187755243625
801.1858737286185	-58.48541738268191
802.2755919923035	-58.45052379167344
803.3653102559884	-58.41637818803207
804.4550285196734	-58.382577012876006
805.5447467833584	-58.34939600709933
806.6344650470434	-58.3157520071797
808.3141430892306	-58.26440505324662
809.9938211314178	-58.21389286998867
811.673499173605	-58.1633325242604
813.3531772157922	-58.11431609507699
815.0328552579795	-58.06464100901524
816.7125333001667	-58.01708389902382
818.3922113423539	-57.967387370902046
820.0718893845411	-57.92137672684089
821.7515674267283	-57.874306324482056
823.4312454689156	-57.82739665271912
825.1109235111028	-57.78024350530049
826.79060155329	-57.73279961284185
829.414352992498	-57.658432892783466
832.0381044317061	-57.58339337053795
834.6618558709141	-57.50937795501777
837.2856073101221	-57.43367352741704
839.9093587493302	-57.35798649065318
842.5331101885382	-57.28207282659335
845.1568616277463	-57.204439432442236
847.7806130669543	-57.12805842360322
850.4043645061623	-57.050614458419375
853.0281159453704	-56.97149898451354
855.6518673845784	-56.89038584781398
858.2756188237864	-56.80718414261048
860.8993702629945	-56.72048124435292
863.5231217022025	-56.63279282900442
866.1468731414105	-56.538480611490684
868.7706245806186	-56.4433112381249
871.3943760198266	-56.338770150554915
874.0181274590346	-56.23081064287103
874.6740653188366	-56.20143296352938
875.3300031786385	-56.17178642970649
875.9859410384405	-56.14162942933019
878.1772527926563	-56.03315492866444
880.3685645468721	-55.91554753862404
881.3057889056436	-55.860704782617276
882.243013264415	-55.80420244707963
883.1802376231865	-55.74355778555228
884.117461981958	-55.67826209032443
885.784667293629	-55.55229723729157
887.4518726053001	-55.40478671072824
889.1190779169712	-55.226265296337886
890.7862832286422	-55.00504384626418
892.4534885403133	-54.72761855109648
893.1126079769681	-54.58544768782802
893.7717274136229	-54.4121345439261
894.4308468502777	-54.1995613958969
895.0899662869325	-53.94271899869328
895.3866098487028	-53.80230144694326
895.6832534104732	-53.639776219397035
895.9798969722435	-53.45217058206031
896.2765405340139	-53.229212229083764
896.4386389557127	-53.08868459221054
896.6007373774115	-52.93108966695411
896.7628357991103	-52.752056090838366
896.9249342208092	-52.545567772362055
897.0032338699177	-52.43423100489643
897.0815335190263	-52.313478812270134
897.1598331681348	-52.18153139442613
897.2381328172434	-52.03622984375211
897.2780903713078	-51.956327265613076
897.3180479253723	-51.871857076813185
897.3580054794368	-51.78221886170639
897.3979630335012	-51.68676558445105
897.4198428592631	-51.631816845592994
897.441722685025	-51.57474268644866
897.4636025107868	-51.515360880068435
897.4854823365487	-51.453456885547155
897.5073621623105	-51.38879956336303
897.5292419880724	-51.32110185816736
897.5406177303985	-51.28463259232085
897.5519934727246	-51.247212615474
897.5633692150507	-51.20878201098926
897.5747449573768	-51.169276483995226
897.5861206997029	-51.128625391226386
897.597496442029	-51.0867500252766
897.608872184355	-51.04356201601472
897.6202479266811	-50.99896005548376
897.6316236690072	-50.95283106496706
897.6429994113333	-50.90504483100808
897.6543751536594	-50.85545099935919
897.6657508959855	-50.80387716433973
897.6771266383116	-50.75011657327713
897.6885023806377	-50.69393363667923
897.6998781229638	-50.63504693647283
897.7112538652899	-50.573123535676885
897.722629607616	-50.507770169160345
897.7340053499421	-50.438521781165804
897.7453810922682	-50.36482992329588
897.7567568345943	-50.28605149464055
897.7681325769204	-50.20142797957396
897.7795083192465	-50.110100715777584
897.7908840615726	-50.01109461490658
897.8022598038987	-49.90332512920756
897.8136355462248	-49.78560942846755
897.8250112885509	-49.65668393151742
897.836387030877	-49.51522995494241
897.847762773203	-49.35990782577186
897.8591385155291	-49.189397899260975
897.8705142578552	-49.00244451033302
897.8818900001813	-48.79789667095905
897.8932657425074	-48.57473913214131
897.9046414848335	-48.33211013550811
897.9160172271596	-48.06934010446607
897.9273929694857	-47.78582396960032
897.9387687118118	-47.48111388575196
897.9501444541379	-47.15489767875399
897.961520196464	-46.80696170123268
897.9728959387901	-46.437134552167095
897.9842716811162	-46.04520896994078
897.9956474234423	-45.63078781579137
898.0070231657684	-45.19345227325413
898.0183989080945	-44.732178961759324
898.0297746504206	-44.24581607586858
898.0411503927467	-43.73252912842432
898.0525261350728	-43.18998332961658
898.0639018773988	-42.615263506201096
898.0701159084198	-42.286730436839946
898.0763299394407	-41.94693879529751
898.0825439704616	-41.595123624049535
898.0887580014826	-41.23044239709038
898.0949720325035	-40.85196666650848
898.1057780118805	-40.157628746222564
898.1165839912575	-39.41244384734661
898.1273899706345	-38.608725920158655
898.1381959500114	-37.73681871884846
898.1490019293884	-36.78496633554379
898.1598079087654	-35.73866978883008
898.1706138881424	-34.579853094438946
898.1814198675194	-33.28590543295626
898.1922258468963	-31.828548480281096
898.2030318262733	-30.17248645745285
898.2138378056503	-28.27392714728737
898.2246437850273	-26.079279647509168
898.2354497644043	-23.524921461264608
898.2462557437813	-20.53989444748741
898.2570617231582	-17.05513766195134
898.2678677025352	-13.032322734872704
898.2737812140215	-10.598659954344892
898.2796947255077	-8.012844602475113
898.285608236994	-5.295576661993982
898.2915217484802	-2.4794210365897116
898.2974352599665	0.3935075164870521
898.3033487714528	3.274853622664831
898.309262282939	6.113982065037828
898.3151757944253	8.863132108199585
898.3210893059115	11.48111759290444
898.3270028173978	13.936288751416482
898.332916328884	16.207603715036154
898.3388298403703	18.28421754549125
898.3447433518566	20.164046604268673
898.3538066995094	22.676639608113927
898.3628700471622	24.774931641338867
898.3719333948151	26.507372642270354
898.3809967424679	27.92593310671043
898.3900600901208	29.078277519772506
898.3991234377736	30.005450051151005
898.4081867854264	30.742125081679696
898.4172501330793	31.317299593013264
898.4263134807321	31.755009948676992
898.435376828385	32.075109160659075
898.4444401760378	32.29406294921486
898.4535035236906	32.42566179530243
898.4625668713435	32.48157190997791
898.4716302189963	32.47172160320768
898.4806935666492	32.4045771868223
898.489756914302	32.28736629640283
898.4988202619548	32.12627404465663
898.5078836096077	31.92661070995279
898.5169469572605	31.692948767599248
898.5260103049134	31.429236520994515
898.5350736525662	31.138896040421393
898.544137000219	30.824906416768336
898.5532003478719	30.489872478260615
898.5622636955247	30.136072577477652
898.5713270431776	29.7655088921324
898.5803903908304	29.379944810437994
898.5894537384833	28.98093758342227
898.5985170861361	28.569866416878092
898.6075804337889	28.14795499488311
898.6166437814418	27.716289940538037
898.6257071290946	27.275836918614704
898.6347704767475	26.82745491556733
898.6438338244003	26.371908727047053
898.6528971720531	25.90987990385909
898.661960519706	25.44197644549264
898.6710238673588	24.968741202651962
898.6800872150117	24.490658791534248
898.6891505626645	24.008161107679538
898.6982139103173	23.521632013353862
898.7072772579702	23.0314120895147
898.716340605623	22.537804300390704
898.7254039532759	22.041080294457362
898.7344673009287	21.541487751538472
898.7435306485816	21.03925680425291
898.7525939962344	20.53460531271225
898.7616573438872	20.027742816775035
898.7707206915401	19.51887309885447
898.7797840391929	19.008195430946977
898.7888473868458	18.495904772065863
898.7979107344986	17.982191348150817
898.8069740821514	17.467240031282504
898.8160374298043	16.95122972123676
898.8251007774571	16.434332743302996
898.83416412511	15.916714259550385
898.8432274727628	15.398531751608342
898.8522908204156	14.87993460738387
898.8613541680685	14.361063749228046
898.8704175157213	13.842051216306247
898.8794808633742	13.32301969982781
898.888544211027	12.804082127731522
898.8976075586799	12.28534141551154
898.9066709063327	11.766890458257173
898.9157342539855	11.24881239620276
898.9247976016384	10.731181149163405
898.9338609492912	10.214062193190912
898.942924296944	9.6975136980786
898.9519876445969	9.181588653708795
898.9610509922497	8.666337792408587
898.9701143399026	8.151811586489371
898.9791776875554	7.638059708100105
898.9882410352083	7.1251286546643255
898.9973043828611	6.613062019968613
899.006367730514	6.101903674429362
899.0154310781668	5.591697351643698
899.0244944258196	5.082482368386884
899.0335577734725	4.574295113424299
899.0426211211253	4.067173839436819
899.0516844687781	3.5611559073235166
899.060747816431	3.056271999404751
899.0698111640838	2.5525472724661262
899.0788745117367	2.0500100263168277
899.0879378593895	1.54869227990484
899.0970012070424	1.0486198180120372
899.1060645546952	0.5498088214462864
899.115127902348	0.052272607766204224
899.1241912500009	-0.44397292420363055
899.1332545976537	-0.9389072183901542
899.1423179453066	-1.4325119822652375
899.1513812929594	-1.9247786667887556
899.1604446406122	-2.4157043083184457
899.1695079882651	-2.9052850541226154
899.1785713359179	-3.3935063324888155
899.1876346835708	-3.8803528024542344
899.1966980312236	-4.3658230134792
899.2057613788764	-4.849923188651101
899.2148247265293	-5.332656517054237
899.2238880741821	-5.81402601865647
899.232951421835	-6.294033679743343
899.2420147694878	-6.772678619717076
899.2510781171407	-7.24996680943007
899.2601414647935	-7.725910350371916
899.2692048124463	-8.200519887895037
899.2782681600992	-8.673805453077033
899.287331507752	-9.145781258346972
899.2963948554049	-9.616465658261397
899.3054582030577	-10.085854516409357
899.3145215507105	-10.553947738644958
899.3235848983634	-11.020757719477487
899.3326482460162	-11.486294207082238
899.3417115936691	-11.950561844072885
899.3507749413219	-12.413287589320083
899.3598382889747	-12.874204612807809
899.3689016366276	-13.33323940297989
899.3779649842804	-13.790303956008048
899.3870283319333	-14.245246057272958
899.3960916795861	-14.697941807784497
899.405155027239	-15.148337292909957
899.4196405887884	-15.863286575292621
899.4341261503379	-16.57201754424126
899.4486117118873	-17.274364028021573
899.4630972734368	-17.970200928920455
899.4775828349863	-18.65939756323355
899.4920683965357	-19.341866743514156
899.5065539580852	-20.01757437805907
899.5210395196347	-20.68649493685142
899.5355250811841	-21.348592113115153
899.5500106427336	-22.00384429463865
899.564496204283	-22.65225741570732
899.5789817658325	-23.2938427170322
899.593467327382	-23.928602187857827
899.6079528889314	-24.556542752282937
899.6224384504809	-25.17769099155705
899.6369240120304	-25.79208327474467
899.6514095735798	-26.399743865524467
899.6658951351293	-27.000680781253806
899.6803806966788	-27.594898403302135
899.6948662582282	-28.18240361178832
899.7093518197777	-28.763196942087724
899.7238373813271	-29.3372615517255
899.7383229428766	-29.904560489282368
899.7528085044261	-30.465037519441008
899.7672940659755	-31.018614614199265
899.781779627525	-31.565190802073538
899.7962651890745	-32.10464393721611
899.8107507506239	-32.63683186613634
899.8252363121734	-33.16159450473326
899.8397218737229	-33.67875827684774
899.8542074352723	-34.18814037646626
899.8686929968218	-34.68955167522542
899.8831785583712	-35.18280281938861
899.8976641199207	-35.667709165398364
899.9121496814702	-36.14408986114793
899.9266352430196	-36.61176992591429
899.9411208045691	-37.07058792980883
899.9556063661186	-37.52040467582006
899.970091927668	-37.961108187745246
899.9845774892175	-38.392606439343
899.999063050767	-38.814826826223644
900.0135486123164	-39.227721837958335
900.0280341738659	-39.63127542993765
900.0425197354153	-40.02550730688722
900.0570052969648	-40.410455864653585
900.0714908585143	-40.78617791168596
900.0859764200637	-41.15275434844604
900.1004619816132	-41.51028832338696
900.1149475431627	-41.858920403589174
900.1294331047121	-42.1987970961454
900.1439186662616	-42.53006944089736
900.158404227811	-42.85308682954599
900.1728897893605	-43.16813222733278
900.18737535091	-43.47547545753756
900.2018609124594	-43.775353206398925
900.2163464740089	-44.06800704737819
900.2308320355584	-44.353665188404825
900.2453175971078	-44.63253167280321
900.2598031586573	-44.904800277320184
900.2742887202068	-45.17066750015836
900.2887742817562	-45.43033227164944
900.3032598433057	-45.683989567209196
900.3177454048551	-45.93182970552302
900.3322309664046	-46.17403971900528
900.3467165279541	-46.41080436041291
900.3612020895035	-46.64230703344091
900.375687651053	-46.868729930928495
900.3901732126025	-47.090253542918816
900.4046587741519	-47.307056452123796
900.4191443357014	-47.51931500670887
900.4336298972509	-47.72720210721513
900.4481154588003	-47.93088594330472
900.4626010203498	-48.13052966908688
900.4770865818992	-48.326291446356635
900.4915721434487	-48.51832415136601
900.5060577049982	-48.706775125746994
900.5205432665476	-48.8917864970079
900.5350288280971	-49.073495714964636
900.5495143896466	-49.252035723356
900.563999951196	-49.42753484172961
900.5784855127455	-49.60011682041094
900.592971074295	-49.76990086617742
900.6074566358444	-49.93700199420543
900.6219421973939	-50.101531037675095
900.6364277589433	-50.263594604201295
900.6509133204928	-50.42329515036523
900.6653988820423	-50.58073112981973
900.6798844435917	-50.73599712385979
900.6943700051412	-50.88918392185514
900.7088555666907	-51.04037858039619
900.7233411282401	-51.18966453587743
900.7378266897896	-51.3371215799689
900.752312251339	-51.48282609527625
900.7667978128885	-51.626851117938
900.781283374438	-51.769266385449036
900.7957689359874	-51.91013843427915
900.8102544975369	-52.04953069230143
900.8247400590864	-52.187503516121694
900.8392256206358	-52.32411419613243
900.8537111821853	-52.459416980703665
900.8681967437348	-52.593463150452195
900.8826823052842	-52.72630101673006
900.8971678668337	-52.85797605399959
900.9116534283831	-52.988530961122244
900.9261389899326	-53.11800573272487
900.9406245514821	-53.24643775408807
900.9551101130315	-53.373861893167685
900.969595674581	-53.5003105815015
900.9840812361305	-53.62581389501875
900.9985667976799	-53.75039964251321
901.0130523592294	-53.87409345905772
901.0275379207789	-53.99691889963759
901.0420234823283	-54.11889753330499
901.0565090438778	-54.24004904100548
901.0709946054272	-54.36039131753579
901.0854801669767	-54.479940574353996
901.0999657285262	-54.598711440080855
901.1144512900756	-54.71671705878704
901.1289368516251	-54.83396918801597
901.1434224131746	-54.950478296876696
901.157907974724	-55.066253661973285
901.1723935362735	-55.18130345868739
901.1968864182954	-55.3742042447844
901.2213793003174	-55.56507955244295
901.2458721823393	-55.753951441081
901.2703650643613	-55.94083637036023
901.2948579463832	-56.12574610222131
901.3193508284052	-56.30868840156685
901.3438437104271	-56.48966783285124
901.368336592449	-56.668686212188554
901.392829474471	-56.84574317444435
901.417322356493	-57.02083670317677
901.4418152385149	-57.193963566162374
901.4663081205368	-57.365119682986155
901.4908010025588	-57.53430045327516
901.5152938845807	-57.70150105224086
901.5397867666027	-57.86671669029811
901.5642796486246	-58.02994283611519
901.5887725306466	-58.1911754066527
901.6132654126685	-58.35041092829125
901.6377582946905	-58.507646671802775
901.67722652928	-58.75680694982163
901.7166947638696	-59.00076811968881
901.7561629984591	-59.23953439042112
901.7956312330487	-59.47311690932389
901.8350994676382	-59.701534803154274
901.8967350807548	-60.04798244856108
901.9583706938713	-60.38203969850838
902.0200063069879	-60.7038930183273
902.0816419201044	-61.01375219060567
902.143277533221	-61.311856658951115
902.2375014284794	-61.7454875448792
902.3317253237378	-62.1533607607699
902.4259492189963	-62.53659473490251
902.5201731142547	-62.89633459306314
902.6143970095131	-63.23374845672609
902.7647567752126	-63.728813614497675
903.0463147656753	-64.52633972338373
903.327872756138	-65.17785598371637
903.6094307466008	-65.70664242292301
903.8909887370635	-66.13378960804658
904.1725467275262	-66.4758655635011
904.4541047179889	-66.74608992183805
904.7356627084516	-66.95567701034754
905.0172206989143	-67.1141202434612
905.2987786893771	-67.22940294023809
905.5803366798398	-67.30823917523868
905.8618946703025	-67.3562629118678
906.3707537910394	-67.379252909681
906.8796129117763	-67.33879529622865
907.3884720325133	-67.25219717093348
907.8973311532502	-67.13188801227548
908.8224359259957	-66.8564515963687
909.7475406987412	-66.53802127137024
910.6726454714867	-66.1992685681727
911.5977502442322	-65.85572682544219
912.5228550169777	-65.51542551950648
913.4479597897232	-65.18612294997898
914.3730645624687	-64.87256260530506
915.2981693352142	-64.57451963068578
916.2232741079597	-64.29428048291481
917.1483788807052	-64.03150223876459
918.0734836534507	-63.783911468219614
918.9985884261962	-63.55331876596083
919.9236931989417	-63.33718552439644
920.8487979716872	-63.13379589363142
921.7739027444327	-62.944998747759165
922.6990075171782	-62.766411459937075
923.2930865995609	-62.6572985448779
923.8871656819435	-62.55313961048894
924.4812447643262	-62.45280769431553
925.0753238467089	-62.35603361198011
925.6694029290916	-62.26235141029696
926.2634820114743	-62.172183590021234
926.8575610938569	-62.08575185410184
927.4516401762396	-62.00190097924992
928.0457192586223	-61.920962624023765
928.639798341005	-61.843015247424695
929.2338774233876	-61.76718237642904
929.8279565057703	-61.69402246513801
930.422035588153	-61.62310916787531
930.9999999999793	-61.55583713867269
931.0000000000103	-61.55583713867269
931.0000484822458	-61.557810318748146
931.0002468348538	-61.565614181586334
931.0010500120633	-61.59420576324761
931.0022761225111	-61.63311958850019
931.003502232959	-61.66860315635345
931.0055485649004	-61.72141975998238
931.0086222984801	-61.7938399451537
931.0116960320597	-61.8592753012821
931.0188135689231	-61.99279781676223
931.0259311057864	-62.107911488739894
931.0330486426498	-62.2110444191374
931.0401661795131	-62.305801382614405
931.0515008393068	-62.44492702701606
931.0628354991004	-62.57241958246748
931.074170158894	-62.6910677600249
931.092742671887	-62.87090167145448
931.1113151848799	-63.0364590864069
931.1460440429853	-63.31695719658337
931.1807729010907	-63.56950048658351
931.2155017591961	-63.800511320524436
931.2502306173014	-64.0134193156399
931.2849594754068	-64.21079526900675
931.3426349785672	-64.50981869457978
931.4003104817275	-64.77982941705913
931.4579859848878	-65.02672227167506
931.5468142857818	-65.37085889434348
931.6356425866758	-65.68065413444238
931.7244708875697	-65.96365098784824
931.8890753318027	-66.43496433575179
932.0536797760357	-66.8542356225248
932.2182842202686	-67.23311662284179
932.3828886645016	-67.58055114091813
932.5474931087346	-67.90324101497805
932.7120975529675	-68.2055384698513
932.9789852424825	-68.65943510364936
933.2458729319975	-69.07468383071824
933.5127606215125	-69.45630099559318
933.7796483110275	-69.80877621760924
934.0465360005425	-70.13598244400286
934.4804250358115	-70.62106401833962
934.9143140710806	-71.05553155537872
935.3482031063497	-71.44553162705058
935.7820921416188	-71.79613909013564
936.2159811768879	-72.11195514738147
936.9457683369168	-72.57485719977848
937.6755554969457	-72.9639792186948
938.4053426569745	-73.2897761500558
939.1351298170034	-73.5606901500204
939.8649169770323	-73.7841567770414
941.007256127427	-74.05329336388384
942.1495952778217	-74.24051880144457
943.2919344282165	-74.36063991701629
944.4342735786112	-74.42551256810896
945.5766127290059	-74.44528369331884
947.3332596150111	-74.406867961579
949.0899065010163	-74.3058703437982
950.8465533870216	-74.16057089365228
952.6032002730268	-73.98493475475863
954.359847159032	-73.78987133397744
956.1164940450373	-73.58433201822386
957.8731409310425	-73.37444106610985
959.6297878170477	-73.16493149778859
961.3864347030529	-72.95900837646482
963.1430815890582	-72.75917529565095
964.8997284750634	-72.56767649203216
966.6563753610686	-72.38565616195196
968.4130222470739	-72.21346553443627
970.1696691330791	-72.05105523919951
971.2179787025864	-71.95879687562419
971.9291717445143	-71.89830966424817
972.6403647864422	-71.83951895955028
973.3515578283701	-71.78233034313496
974.062750870298	-71.72665903047483
974.773943912226	-71.67243803774807
975.4851369541539	-71.6196539353937
976.1963299960818	-71.56830680043078
976.9075230380097	-71.5183573738702
977.6187160799376	-71.46978580547635
978.3299091218655	-71.42257639876058
979.0411021637934	-71.37668378863019
979.7522952057213	-71.33208506314185
980.4634882476493	-71.28875975599668
980.9485825369933	-71.25990299545943
981.4336768263373	-71.23155628138903
981.9187711156814	-71.20369895573191
982.4038654050254	-71.17635235476831
982.8889596943694	-71.14954506346731
983.3740539837135	-71.12329075133304
983.8591482730575	-71.09758202666673
984.3442425624015	-71.0723935877939
984.8293368517456	-71.04770183999699
985.3144311410896	-71.02349285869423
985.7995254304336	-70.99975587233918
986.2846197197777	-70.97648186897511
986.7697140091217	-70.95366114696503
987.2548082984657	-70.93128099767445
987.7399025878098	-70.90932904741963
988.2249968771538	-70.88779480264112
988.7100911664978	-70.86666844957982
989.1951854558419	-70.8459400332673
989.6802797451859	-70.82560003056419
990.1653740345299	-70.8056393582748
990.650468323874	-70.78604756694837
991.135562613218	-70.76681439022286
991.620656902562	-70.7479315250662
992.105751191906	-70.72939148321318
992.5908454812501	-70.71118754261535
993.0759397705941	-70.69331312472296
993.5610340599382	-70.6757602446265
994.3803751751673	-70.64682042001138
995.1997162903964	-70.6187354692954
996.0190574056255	-70.59146466343596
996.8383985208546	-70.56497358809358
998.2099609656501	-70.5223006399693
999.5815234104456	-70.48160972225425
1002.1396376073972	-70.41062081405113
1004.6977518043487	-70.34542210943881
1007.2558660013003	-70.28532287301199
1011.7131942395192	-70.19127710418952
1016.1705224777381	-70.10840864242849
1020.627850715957	-70.03473314387948
1025.085178954176	-69.96853801859517
1029.5425071923949	-69.9087587499008
1032.308864907771	-69.87447793298787
1035.0752226231473	-69.84215723413867
1037.8415803385235	-69.81176701419692
1040.6079380538997	-69.78301628477652
1043.374295769276	-69.75573732265201
1046.1406534846521	-69.72978775610864
1048.9070112000284	-69.70507187298247
1051.6733689154046	-69.68162630278408
1054.4397266307808	-69.65933266501366
1057.206084346157	-69.63805810961118
1059.9724420615332	-69.61777909126957
1062.7387997769094	-69.59824793039328
1065.5051574922857	-69.57952688876385
1067.0398047606395	-69.56961174314992
1068.5744520289934	-69.56006300887843
1070.1090992973473	-69.55092908073728
1071.6437465657011	-69.542113443893
1073.178393834055	-69.53345552531916
1074.7130411024089	-69.5249229357995
1076.2476883707627	-69.51654737286518
1077.7823356391166	-69.50818430632124
1079.3169829074704	-69.49998015151624
1080.2419953376843	-69.49523946370623
1081.1670077678982	-69.4906790692479
1082.092020198112	-69.48625128621192
1083.017032628326	-69.48189128734263
1083.9420450585399	-69.47755041935366
1085.3783147889264	-69.47080678181634
1086.814584519313	-69.46408350727843
1088.2508542496996	-69.45746450851027
1090.4184896345357	-69.44773738204398
1092.5861250193718	-69.438346373022
1094.753760404208	-69.42932605105749
1096.921395789044	-69.4207778059049
1099.0890311738801	-69.41249943553537
1101.2566665587162	-69.40439585813989
1103.4243019435523	-69.39672249860585
1105.5919373283884	-69.38922943571566
1106.9660587393196	-69.38444605637427
1108.3401801502507	-69.37968685683282
1109.7143015611819	-69.37499408969961
1111.088422972113	-69.37046143074629
1112.4625443830441	-69.36620263767571
1114.550995081953	-69.36023031513855
1116.639445780862	-69.35460000598238
1118.7278964797708	-69.34907250302159
1122.3827701755163	-69.33973052306922
1126.0376438712617	-69.33073418479566
1129.6925175670071	-69.32203374112213
1130.999999999975	-69.3190073115599
1131.0000000000127	-69.3190073115599
