t	v
0.0	-70.0
0.00245258795664	-70.002436972
0.00690909242263	-70.00603106
0.014256827484	-70.0109075492
0.0216045625455	-70.0151008603
0.0353228559163	-70.0218132187
0.0490411492871	-70.0273872823
0.0870179504952	-70.0387611378
0.124994751703	-70.045609481
0.162971552911	-70.0494153024
0.20094835412	-70.0510952963
0.238925155328	-70.0512585692
0.306395303497	-70.0492810576
0.373865451666	-70.0452434485
0.484420653034	-70.0365746077
0.594975854401	-70.0265196184
0.765191179941	-70.0104125661
0.935406505481	-69.9948428919
1.19478615257	-69.9732206107
1.45416579966	-69.9546328177
1.71354544675	-69.9387913333
1.97292509384	-69.9252200548
2.37155326752	-69.9080339583
2.7701814412	-69.894462781
3.16880961488	-69.88376244
3.56743778856	-69.8753287068
4.19753274661	-69.8655064944
4.82762770466	-69.8587683701
5.45772266271	-69.8541426469
6.08781762075	-69.8510126849
6.7179125788	-69.8489464112
7.34800753685	-69.8475826359
7.9781024949	-69.8466429926
8.60819745295	-69.8459411527
9.23829241099	-69.8453693245
9.86838736904	-69.8448820209
10.4984823271	-69.8444358836
11.1285772851	-69.8439378183
11.7586722432	-69.8432976618
12.3887672012	-69.8424863365
13.0188621593	-69.841537915
13.6489571173	-69.8405571645
14.2790520754	-69.8395926016
14.6823769338	-69.8389195741
15.0857017921	-69.8381126627
15.4890266505	-69.837183264
15.8923515089	-69.8362207876
16.2956763673	-69.8353009706
16.6990012257	-69.8344401185
17.102326084	-69.833605585
17.5056509424	-69.8327529363
17.9089758008	-69.8318652724
18.3123006592	-69.8309537858
18.7156255176	-69.8300317883
19.1189503759	-69.8291055643
19.5222752343	-69.8281736445
19.9256000927	-69.8272283608
20.3289249511	-69.8262691127
20.7322498095	-69.8253017873
21.1355746678	-69.824323078
21.5388995262	-69.8233212564
21.9422243846	-69.8222887359
22.345549243	-69.8212291667
22.7488741014	-69.8201588619
23.1521989597	-69.8190990573
23.5555238181	-69.8180601421
23.9588486765	-69.8170348224
24.3621735349	-69.8160072874
24.7654983933	-69.8149693577
25.1688232516	-69.8139270083
25.57214811	-69.8128923941
25.9754729684	-69.8118738562
26.3787978268	-69.8108737775
26.7821226852	-69.8098881658
27.1854475435	-69.8089112728
27.5887724019	-69.8079442337
27.9920972603	-69.8069901315
28.3954221187	-69.8060476897
28.7987469771	-69.8051180286
29.2020718354	-69.804201482
29.6053966938	-69.8032932831
30.0087215522	-69.8023959069
30.2766451972	-69.8018104156
30.5445688421	-69.8012305367
30.8124924871	-69.8006474956
31.0804161321	-69.8000592532
31.3483397771	-69.7994743042
31.616263422	-69.7989026014
31.884187067	-69.7983476305
32.3234376293	-69.7974685816
32.7626881916	-69.7966140583
33.2019387539	-69.7957730233
33.6411893163	-69.794943575
34.0804398786	-69.7941246928
34.5196904409	-69.7933122545
34.9589410032	-69.7925038914
35.3981915655	-69.7917009309
35.8374421278	-69.7909087933
36.2766926901	-69.7901352719
36.7159432524	-69.789382157
37.1551938148	-69.7886460387
37.5944443771	-69.787928969
38.0336949394	-69.7872369862
38.4729455017	-69.7865706934
38.912196064	-69.7859234779
39.3514466263	-69.7852843727
39.7906971886	-69.7846466524
40.2299477509	-69.7840167141
40.6691983133	-69.7834025732
41.1084488756	-69.7828009851
41.5476994379	-69.7822094993
41.9869500002	-69.7816407755
42.4262005625	-69.7811118115
43.2032002789	-69.7802640247
43.9801999953	-69.7794920722
44.7571997117	-69.7787393193
45.5341994281	-69.7779723263
46.3111991445	-69.7771920419
47.0881988609	-69.7764253797
47.8651985773	-69.7756983034
48.6421982937	-69.7750266454
49.9677745618	-69.7740404719
51.2933508298	-69.7732218386
52.6189270978	-69.7724772963
53.9445033659	-69.7718009226
55.2700796339	-69.7711918262
56.5956559019	-69.7706290418
57.92123217	-69.7701629099
59.246808438	-69.7697985459
60.5723847061	-69.7694805586
61.8979609741	-69.7692381547
63.2235372421	-69.7691117971
64.5491135102	-69.7689844562
65.8746897782	-69.7688445943
67.2002660462	-69.7688784557
68.5258423143	-69.7690695012
69.8514185823	-69.7693049551
71.1769948503	-69.7694843902
73.4814175693	-69.7697514211
75.7858402883	-69.7699178053
78.0902630073	-69.7702158325
80.3946857263	-69.7707048049
82.6991084453	-69.7713071686
85.0035311642	-69.7717226228
87.3079538832	-69.7719857227
89.6123766022	-69.7721852825
91.9167993212	-69.7723379309
94.2212220402	-69.7725270409
96.5256447592	-69.7727660094
98.8300674781	-69.7729348223
101.134490197	-69.773222879
103.438912916	-69.7738633311
104.015018596	-69.7740627589
104.591124276	-69.7742540865
105.167229955	-69.7744321142
106.274362236	-69.7746963911
108.087150353	-69.7750007243
109.899938471	-69.7752304221
112.690466644	-69.7755450946
117.098994147	-69.7759539071
121.50752165	-69.7763639771
125.916049152	-69.7770996592
130.324576655	-69.777422598
132.5405607	-69.7775416765
134.756544746	-69.7776430837
136.972528791	-69.7778353558
139.188512837	-69.7781683826
141.404496883	-69.7782331412
141.958492894	-69.778201203
142.512488905	-69.7781686696
143.066484917	-69.7781470607
143.620480928	-69.7781370412
144.461976367	-69.7781424435
145.303471805	-69.7781679987
146.144967244	-69.7782079914
149.248982953	-69.7783211775
152.352998662	-69.7785009351
155.457014371	-69.7788842581
158.56103008	-69.7790472398
161.665045789	-69.7791750486
164.769061499	-69.7795156807
167.873077208	-69.7796090775
170.977092917	-69.7797521648
174.081108626	-69.779836354
177.185124335	-69.7799044999
180.289140044	-69.7800852491
183.393155753	-69.7801952104
186.497171462	-69.7802896933
189.601187171	-69.7803714417
196.225506454	-69.7804587707
202.849825737	-69.7807240342
209.47414502	-69.7808772436
211.13022484	-69.7808825342
212.786304661	-69.7809074478
214.442384482	-69.7809233547
216.098464302	-69.7809029876
217.754544123	-69.7808839784
219.410623944	-69.7808984873
221.066703765	-69.7809052714
222.722783585	-69.7808805427
224.378863406	-69.7808744562
226.034943227	-69.7809021762
227.691023047	-69.7809067685
229.347102868	-69.7808844634
231.003182689	-69.7808966295
232.659262509	-69.7809328095
234.31534233	-69.7809292529
235.971422151	-69.7809114468
237.627501971	-69.7809412799
239.283581792	-69.7809767038
240.939661613	-69.7809609814
242.595741434	-69.7809520485
244.251821254	-69.7809460747
245.907901075	-69.7809380272
251.64247016	-69.7810569472
257.377039245	-69.7810443627
263.11160833	-69.7808717248
273.120961531	-69.7815189106
276.961072667	-69.7813368345
280.801183803	-69.7813990701
284.64129494	-69.7812387074
288.481406076	-69.7813067045
292.321517213	-69.7811873926
296.161628349	-69.7812702503
300.001739486	-69.7811804299
300.96176727	-69.7811692733
301.921795054	-69.7811599238
302.881822838	-69.7811539863
304.684403348	-69.7811584644
308.748131405	-69.781169198
312.811859463	-69.7812646934
316.87558752	-69.7812518768
320.939315577	-69.7812968521
325.003043634	-69.7812975707
329.066771691	-69.7812557904
331.006697438	-69.7812609432
332.946623186	-69.7812687464
334.886548933	-69.7812700742
339.33013168	-69.7813211902
343.773714426	-69.7813148024
348.217297173	-69.7813673618
349.328192859	-69.7813704773
350.439088546	-69.7813722843
351.549984233	-69.7813778041
353.795405526	-69.7813781569
356.040826819	-69.7813756091
358.286248112	-69.7813885268
362.942817717	-69.7813643345
367.599387322	-69.7813710939
372.255956928	-69.7814805101
379.902942722	-69.7812676448
387.549928516	-69.7816519171
390.374428032	-69.7816085473
393.198927549	-69.7816138341
396.023427066	-69.7815623388
398.847926583	-69.7815474163
401.6724261	-69.781510293
404.496925617	-69.7814969058
407.321425134	-69.7814744736
410.145924651	-69.781466233
412.970424168	-69.7814542455
415.794923685	-69.7814504277
420.124211266	-69.781450907
428.75974154	-69.7814930599
437.395271814	-69.7814159043
446.030802089	-69.7815651238
449.217331113	-69.7815368747
452.403860138	-69.7815387632
455.590389162	-69.7815055806
458.776918187	-69.7815033934
461.963447211	-69.7814784579
465.149976236	-69.7814798182
468.33650526	-69.7814635547
471.523034285	-69.7814682766
474.709563309	-69.7814580978
477.896092334	-69.781464812
481.082621358	-69.7814582045
484.269150383	-69.7814659019
487.455679407	-69.7814905577
490.959114778	-69.7815286237
494.462550149	-69.7815112902
497.965985521	-69.7815310064
501.469420892	-69.7815724036
502.959564057	-69.7815750393
504.449707222	-69.7815740386
505.939850387	-69.7815722822
507.448802299	-69.7815630074
508.957754212	-69.7815481352
511.648068648	-69.7815323985
514.338383085	-69.781496887
517.028697521	-69.7814704554
519.719011957	-69.78149535
522.409326394	-69.7814834436
525.09964083	-69.7814580609
527.789955266	-69.7814872022
531.0	-69.78153509
531.0	-69.78153509
531.000525988	-69.7632158684
531.001051976	-69.7471742156
531.002097889	-69.7197294174
531.003143803	-69.6949805539
531.005144851	-69.6533545562
531.0071459	-69.6156217828
531.0106381	-69.5554894071
531.014130299	-69.5012689227
531.02234842	-69.3901635278
531.030566542	-69.2965139636
531.038784663	-69.2146861128
531.047002784	-69.1413029966
531.060109996	-69.0362347259
531.073217209	-68.9429351114
531.086324421	-68.858493345
531.10824458	-68.7320135457
531.130164739	-68.6196413535
531.172024838	-68.433026896
531.213884936	-68.2709521428
531.255745035	-68.1255928395
531.297605133	-67.9930304928
531.339465231	-67.8705564622
531.406891396	-67.6894797168
531.474317561	-67.5226618915
531.541743725	-67.3658693111
531.60916989	-67.2166604913
531.718366982	-66.9877661817
531.827564074	-66.7706183198
531.936761166	-66.5623759695
532.105764567	-66.2541180103
532.274767967	-65.9595875616
532.534992278	-65.5274388449
532.934805598	-64.9027148674
533.334618919	-64.3175729448
533.734432239	-63.7666218895
534.13424556	-63.2443373067
534.53405888	-62.7458598506
534.9338722	-62.2689499871
535.333685521	-61.8119594278
535.733498841	-61.3727803218
536.133312161	-60.9491407439
536.533125482	-60.5394373206
536.932938802	-60.1418614513
537.332752123	-59.7543373896
537.732565443	-59.3744576781
538.132378763	-59.000469638
538.532192084	-58.6299145556
538.932005404	-58.2606058801
539.331818724	-57.8882518699
539.731632045	-57.51126519
540.131445365	-57.121846358
540.531258686	-56.7223666553
540.931072006	-56.296780661
541.330885326	-55.8316513343
541.730698647	-55.3222306114
542.130511967	-54.7472793424
542.530325287	-54.0516674887
542.630278617	-53.8497043591
542.730231948	-53.6340871581
542.830185278	-53.4044172374
542.930138608	-53.1540377224
543.030091938	-52.8768850499
543.130045268	-52.571027178
543.229998598	-52.227730651
543.329951928	-51.8330396081
543.429905258	-51.3686885516
543.529858588	-50.8049528807
543.554846921	-50.6430292279
543.579835253	-50.4694738895
543.604823586	-50.2824110579
543.629811918	-50.0796593589
543.654800251	-49.8583392724
543.679788583	-49.6144150017
543.704776916	-49.3421809815
543.729765249	-49.033295826
543.744660682	-48.8269221284
543.759556115	-48.5993877558
543.774451548	-48.3453498181
543.78450162	-48.1553542655
543.794551691	-47.9467909631
543.804601763	-47.7154371328
543.814651835	-47.4556044705
543.824701907	-47.1594592752
543.834751978	-46.8159855986
543.84480205	-46.4096095625
543.854852122	-45.9190851463
543.861581789	-45.5306450115
543.868311457	-45.0849092166
543.875041125	-44.5763026962
543.881770793	-44.0036032983
543.88850046	-43.3706444031
543.895230128	-42.6847422201
543.901959796	-41.9532926596
543.908689463	-41.1807660723
543.915419131	-40.3680925673
543.922148799	-39.5144739502
543.928878466	-38.6191244565
543.935608134	-37.6814065685
543.942337802	-36.6998612308
543.949067469	-35.6721259009
543.955797137	-34.5955725437
543.962526805	-33.4676841367
543.969256473	-32.2854506845
543.97598614	-31.0450482808
543.982715808	-29.7419943839
543.993808955	-27.444022858
544.004902103	-24.9358093734
544.01599525	-22.186312817
544.027088398	-19.1617231423
544.038181545	-15.8317509522
544.049274693	-12.1778862982
544.06036784	-8.21090230794
544.071460988	-3.97703968539
544.082554135	0.428413378413
544.093647283	4.86917811974
544.10474043	9.18013198705
544.112293803	11.9641102036
544.119847175	14.5853956154
544.127400547	17.018135167
544.13495392	19.2469059053
544.142507292	21.2679192146
544.150060664	23.0865905631
544.157614037	24.7137579423
544.165167409	26.1629419004
544.172720781	27.4489417854
544.180274154	28.5870014187
544.187827526	29.5920922047
544.195380898	30.4783529989
544.202934271	31.2587909773
544.210487643	31.9452062289
544.218041015	32.5482138211
544.225594388	33.0772867069
544.23314776	33.5408102685
544.240701132	33.9461743816
544.248254505	34.2998589201
544.255807877	34.6075163647
544.263361249	34.8740553972
544.270914622	35.1037074782
544.278467994	35.3001204695
544.286021366	35.4664407426
544.293574739	35.6053838565
544.301128111	35.7192935764
544.308681483	35.8101910434
544.316234856	35.8798182029
544.323788228	35.9296782052
544.3313416	35.9610728427
544.338894972	35.9751360033
544.346448345	35.9728622542
544.354001717	35.9551298732
544.361555089	35.9227179751
544.369108462	35.8763182526
544.376661834	35.8165429392
544.384215206	35.7439311845
544.391768579	35.6589558271
544.399321951	35.5620317879
544.406875323	35.4535263222
544.414428696	35.3337704661
544.421982068	35.2030701703
544.42953544	35.0617162624
544.437088813	34.9099918428
544.444642185	34.7481772436
544.452195557	34.5765527047
544.45974893	34.3953992024
544.467302302	34.2049980421
544.474855674	34.0056298526
544.482409047	33.7975734798
544.489962419	33.5811050605
544.497515791	33.3564973325
544.505069164	33.1240191398
544.512622536	32.8839350957
544.520175908	32.6365053935
544.527729281	32.3819857392
544.535282653	32.1206273513
544.542836025	31.8526769409
544.550389398	31.5783766059
544.55794277	31.2979636515
544.565496142	31.0116703393
544.573049515	30.7197235229
544.580602887	30.4223443342
544.588156259	30.1197478424
544.595709632	29.8121427321
544.603263004	29.4997310281
544.610816376	29.1827078727
544.618369749	28.8612613476
544.625923121	28.5355723389
544.633476493	28.2058144447
544.641029866	27.8721539316
544.648583238	27.5347497429
544.65613661	27.1937535645
544.663689983	26.8493099508
544.671243355	26.5015565098
544.678796727	26.1506241368
544.6863501	25.7966372849
544.693903472	25.439714263
544.701456844	25.0799675517
544.709010217	24.7175041304
544.716563589	24.3524258064
544.724116961	23.9848295443
544.731670334	23.6148077961
544.739223706	23.2424488283
544.746777078	22.8678370445
544.754330451	22.4910532976
544.761883823	22.112175188
544.769437195	21.7312773427
544.776990567	21.3484316735
544.78454394	20.9637076092
544.792097312	20.5771723011
544.799650684	20.1888908086
544.807204057	19.7989262566
544.814757429	19.4073399689
544.822310801	19.0141915843
544.829864174	18.6195391549
544.837417546	18.2234392284
544.848805106	17.6236592409
544.860192666	17.0208972018
544.871580227	16.4153293651
544.882967787	15.8071256029
544.894355347	15.1964504758
544.905742907	14.5834677732
544.917130467	13.9683480402
544.928518028	13.3512685135
544.939905588	12.7323999362
544.951293148	12.1119012294
544.962680708	11.4899355166
544.974068268	10.8666738303
544.985455828	10.2422673451
544.996843389	9.61683667559
545.008230949	8.99050793413
545.019618509	8.36343296783
545.031006069	7.73575126443
545.042393629	7.10756382756
545.05378119	6.47896787981
545.06516875	5.85008281494
545.07655631	5.22102445805
545.08794387	4.59188780739
545.09933143	3.96276331504
545.11071899	3.33374491163
545.122106551	2.70492298892
545.133494111	2.07638158959
545.144881671	1.44819502007
545.156269231	0.820440157193
545.167656791	0.193204103399
545.179044352	-0.433437310516
545.190431912	-1.05942405547
545.201819472	-1.68468976429
545.213207032	-2.30916660381
545.224594592	-2.93278943359
545.235982152	-3.55549580836
545.247369713	-4.17723352317
545.258757273	-4.79795003448
545.270144833	-5.41758313135
545.281532393	-6.03608201915
545.292919953	-6.65339537614
545.304307514	-7.2694648648
545.315695074	-7.88423558611
545.327082634	-8.49765220725
545.338470194	-9.10965583713
545.349857754	-9.72015933401
545.361245314	-10.3290865702
545.372632875	-10.9363998462
545.384020435	-11.5420436208
545.395407995	-12.1459279657
545.406795555	-12.7477928045
545.418183115	-13.3474796693
545.429570676	-13.9448863969
545.440958236	-14.5398399295
545.452345796	-15.1321192737
545.463733356	-15.7215605919
545.475120916	-16.3080792074
545.486508476	-16.8915898589
545.497896037	-17.4719596601
545.509283597	-18.0490262248
545.520671157	-18.6226245684
545.532058717	-19.1926075476
545.543446277	-19.7588416637
545.554833838	-20.3211884609
545.566221398	-20.8794932901
545.577608958	-21.4336024883
545.588996518	-21.9833917545
545.600384078	-22.5287668068
545.611771638	-23.0696364642
545.623159199	-23.6059020146
545.634546759	-24.1374789351
545.645934319	-24.6643139327
545.657321879	-25.1863719102
545.668709439	-25.7036172235
545.680097	-26.2160160579
545.69148456	-26.7235480673
545.70287212	-27.2262052344
545.71425968	-27.7239818407
545.72564724	-28.2168710964
545.7370348	-28.7048685275
545.748422361	-29.1879725784
545.759809921	-29.6661810698
545.771197481	-30.139489156
545.782585041	-30.6078896937
545.793972601	-31.0713724381
545.805360161	-31.5299221846
545.816747722	-31.9835181209
545.828135282	-32.4321338094
545.839522842	-32.8757362497
545.850910402	-33.3142852641
545.862297962	-33.7477343983
545.873685523	-34.1760316554
545.885073083	-34.5991198664
545.896460643	-35.0169376681
545.907848203	-35.4294185164
545.919235763	-35.8364892809
545.930623323	-36.2380731039
545.942010884	-36.6340926202
545.953398444	-37.0244682973
545.964786004	-37.4091168392
545.976173564	-37.7879580579
545.987561124	-38.1609168332
545.998948685	-38.5279168277
546.010336245	-38.8888816245
546.021723805	-39.243741196
546.033111365	-39.5924313373
546.044498925	-39.9348943892
546.055886485	-40.2710813588
546.067274046	-40.6009485416
546.078661606	-40.9244582285
546.090049166	-41.2415832901
546.107497777	-41.7150845341
546.124946389	-42.1735825768
546.142395	-42.6170984423
546.159843612	-43.045880237
546.177292223	-43.4601997548
546.194740835	-43.8602731443
546.212189446	-44.2464262598
546.229638057	-44.6190741875
546.247086669	-44.978578778
546.26453528	-45.3252466685
546.281983892	-45.6594342755
546.299432503	-45.9815783193
546.316881115	-46.2921330362
546.334329726	-46.5915275864
546.351778337	-46.8801838734
546.369226949	-47.1585458032
546.38667556	-47.4270730683
546.404124172	-47.6862183593
546.421572783	-47.9364202494
546.439021395	-48.1781098477
546.456470006	-48.4117137487
546.473918617	-48.6376487602
546.491367229	-48.8563181702
546.50881584	-49.068111616
546.526264452	-49.2734054517
546.543713063	-49.4725616182
546.561161675	-49.6659264173
546.578610286	-49.8538306242
546.596058897	-50.0365899854
546.613507509	-50.214504859
546.63095612	-50.3878596268
546.648404732	-50.5569230183
546.665853343	-50.7219490133
546.683301954	-50.8831772454
546.700750566	-51.0408328952
546.718199177	-51.1951269458
546.735647789	-51.3462570298
546.7530964	-51.4944082214
546.770545012	-51.6397533929
546.787993623	-51.7824535409
546.805442234	-51.9226584068
546.822890846	-52.060507267
546.840339457	-52.1961295078
546.857788069	-52.3296450466
546.87523668	-52.4611648408
546.892685292	-52.5907915112
546.910133903	-52.7186199137
546.927582514	-52.844737595
546.945031126	-52.9692252356
546.962479737	-53.0921571202
546.979928349	-53.2136016107
546.99737696	-53.333621566
547.014825572	-53.4522747174
547.032274183	-53.5696140382
547.049722794	-53.6856881086
547.067171406	-53.8005414558
547.084620017	-53.9142148601
547.102068629	-54.0267456474
547.11951724	-54.1381679631
547.136965852	-54.2485130329
547.154414463	-54.3578094023
547.171863074	-54.4660831619
547.189311686	-54.5733581523
547.206760297	-54.6796561585
547.224208909	-54.7849970911
547.24165752	-54.8893991532
547.259106132	-54.9928789946
547.276554743	-55.0954518551
547.294003354	-55.1971316967
547.311451966	-55.2979313266
547.328900577	-55.3978625102
547.346349189	-55.496936075
547.3637978	-55.5951620066
547.381246412	-55.692549537
547.398695023	-55.7891072252
547.416143634	-55.8848430318
547.433592246	-55.9797643866
547.451040857	-56.0738782507
547.468489469	-56.1671911727
547.48593808	-56.2597093406
547.503386691	-56.3514386284
547.520835303	-56.4423846384
547.548905934	-56.5870648025
547.576976565	-56.7297529356
547.605047196	-56.8704693865
547.633117828	-57.0092336696
547.687512818	-57.2726447332
547.741907808	-57.528931897
547.796302798	-57.7782314321
547.850697788	-58.020675991
547.905092779	-58.2563999433
547.959487769	-58.4855419327
548.048172509	-58.8453901963
548.13685725	-59.1887492962
548.22554199	-59.5162372028
548.314226731	-59.8284658944
548.402911471	-60.1260508689
548.545026328	-60.5739365956
548.687141185	-60.9882594345
548.829256042	-61.3712921629
548.971370898	-61.7251380144
549.113485755	-62.051786231
549.327609978	-62.4967043313
549.541734201	-62.8899351848
549.755858425	-63.236575073
549.969982648	-63.5411143109
550.320205019	-63.9588927033
550.67042739	-64.2899733156
551.020649761	-64.5470467464
551.370872133	-64.7407998474
551.721094504	-64.8802870548
552.248797304	-65.0048003705
552.776500105	-65.0452366914
553.304202905	-65.0188562488
553.831905705	-64.9396012273
554.359608506	-64.8187866459
554.887311306	-64.6656000099
555.415014107	-64.4875285418
555.942716907	-64.2906847637
556.470419707	-64.0800476838
556.998122508	-63.8596960888
557.525825308	-63.6329420538
558.053528108	-63.4024810011
558.581230909	-63.1704705089
559.108933709	-62.9386167179
559.63663651	-62.7082681445
560.16433931	-62.4804901079
560.69204211	-62.2560593105
561.219744911	-62.0355402598
561.747447711	-61.8193498594
562.275150512	-61.6077649054
562.802853312	-61.4008993238
563.330556112	-61.1988152706
563.858258913	-61.0015682773
564.385961713	-60.8091469097
564.913664514	-60.6213712472
565.441367314	-60.4379275687
565.969070114	-60.2585117837
566.496772915	-60.0828783189
567.024475715	-59.9107487071
567.355309396	-59.8045074932
567.686143077	-59.6995553239
568.016976758	-59.5958781945
568.347810439	-59.4933602129
568.67864412	-59.3917976857
569.009477801	-59.2910237648
569.340311482	-59.1909356473
569.671145163	-59.0914770919
570.001978844	-58.9925639938
570.332812525	-58.8941106114
570.663646206	-58.7960175762
570.994479887	-58.6982029738
571.325313569	-58.6005530446
571.65614725	-58.5029324535
571.986980931	-58.4051851568
572.317814612	-58.3071907577
572.648648293	-58.208790576
572.979481974	-58.1098721284
573.310315655	-58.0102088406
573.641149336	-57.9097137871
573.971983017	-57.8081674162
574.302816698	-57.7054136453
574.633650379	-57.6011841889
574.96448406	-57.4952272805
575.295317741	-57.3871080587
575.626151422	-57.2766448197
575.956985103	-57.1631486671
576.287818784	-57.0468542516
576.618652465	-56.9260903836
576.949486146	-56.8025456597
577.280319827	-56.6742420272
577.611153508	-56.5384481982
577.941987189	-56.3969201783
578.27282087	-56.2455679345
578.603654551	-56.0902517211
578.934488232	-55.9132852123
579.148173987	-55.7919885699
579.292762648	-55.7138091696
579.437351308	-55.6323735596
579.581939969	-55.5460922634
579.72652863	-55.4522576343
579.87111729	-55.357434418
580.015705951	-55.260767479
580.160294611	-55.1557975774
580.304883272	-55.0446991624
580.449471932	-54.9292294451
580.594060593	-54.8075810793
580.738649253	-54.6761526267
580.883237914	-54.5348140002
581.027826574	-54.3843406946
581.172415235	-54.2263739669
581.317003895	-54.051162385
581.415852737	-53.9193987178
581.51470158	-53.7823785881
581.613550422	-53.6377713471
581.712399264	-53.4825921006
581.811248106	-53.3091000327
581.910096948	-53.1172646733
582.00894579	-52.910930902
582.107794632	-52.6837493475
582.206643474	-52.4260846633
582.305492316	-52.1300781552
582.330204527	-52.0494625358
582.354916737	-51.9659057639
582.379628948	-51.8787519248
582.404341158	-51.7873398368
582.429053369	-51.6911637108
582.45376558	-51.5897379305
582.47847779	-51.4824134835
582.503190001	-51.3682934337
582.527902211	-51.2461718156
582.542685494	-51.1686463294
582.557468776	-51.0872232922
582.572252059	-51.0013066711
582.587035342	-50.9101321458
582.601818624	-50.8127197263
582.616601907	-50.7078167296
582.631385189	-50.5938307451
582.646168472	-50.4687552918
582.660951755	-50.3301017344
582.675735037	-50.1748789174
582.69051832	-49.9996841328
582.705301603	-49.8009189337
582.720084885	-49.5751084017
582.734868168	-49.3192401703
582.74965145	-49.030960767
582.764434733	-48.7084212082
582.779218016	-48.349751311
582.794001298	-47.9523648623
582.808784581	-47.5125397958
582.823567864	-47.0255438762
582.838351146	-46.4863913006
582.853134429	-45.8908367399
582.867917711	-45.2358466713
582.882700994	-44.5191744654
582.897484277	-43.7379254229
582.912267559	-42.885797619
582.927050842	-41.9484935593
582.941834125	-40.8968542345
582.956617407	-39.6773435592
582.964464165	-38.9336467093
582.972310922	-38.1009264365
582.98015768	-37.1629676937
582.988004437	-36.1099735331
582.993090146	-35.3654465381
582.998175856	-34.5745888791
583.003261565	-33.7400037914
583.008347274	-32.863459227
583.013432983	-31.9455012506
583.018518693	-30.9856584354
583.023604402	-29.9828422072
583.028690111	-28.9355381305
583.036356561	-27.2683140199
583.048150019	-24.4780455355
583.059943478	-21.3827051372
583.071736936	-17.9456788624
583.083530395	-14.1415658624
583.095323853	-9.97438546081
583.107117311	-5.4923514655
583.11891077	-0.797391047794
583.127093499	2.50336737013
583.135276227	5.76396109326
583.143458956	8.91956305537
583.151641685	11.9145121394
583.159824414	14.7064094925
583.168007143	17.2679049645
583.176189871	19.5867903583
583.1843726	21.6639722892
583.192555329	23.509892378
583.200738058	25.1407414358
583.208920787	26.5754688025
583.217103516	27.8337846314
583.225286244	28.9349167403
583.233468973	29.8968814665
583.241651702	30.7361291344
583.249834431	31.467451412
583.25801716	32.104029764
583.266199888	32.6575216411
583.274382617	33.1381560288
583.282565346	33.5548424049
583.290748075	33.9152975392
583.298930804	34.2261265481
583.307113532	34.4929659894
583.315296261	34.7206118159
583.32347899	34.9131337556
583.331661719	35.073979057
583.339844448	35.2060662437
583.348027177	35.3118690451
583.356209905	35.3934897999
583.364392634	35.4527222939
583.372575363	35.4911053501
583.380758092	35.509968145
583.388940821	35.5104667169
583.397123549	35.493610956
583.405306278	35.4602832035
583.413489007	35.4112515884
583.421671736	35.3471815983
583.429854465	35.268648249
583.438037193	35.1761498565
583.446219922	35.0701234043
583.454402651	34.9509606732
583.46258538	34.8190231829
583.470768109	34.6746548866
583.478950837	34.5181908805
583.487133566	34.3499630618
583.495316295	34.1703030411
583.503499024	33.979543284
583.511681753	33.7780168761
583.519864482	33.5660563956
583.52804721	33.3439925232
583.536229939	33.1121528922
583.544412668	32.8708613656
583.552595397	32.6204376652
583.560778126	32.3611972056
583.568960854	32.0934510428
583.577143583	31.817505865
583.585326312	31.5336639485
583.593509041	31.2422230059
583.60169177	30.94347584
583.609874498	30.6377097933
583.618057227	30.3252060957
583.626239956	30.0062391207
583.634422685	29.6810757766
583.642605414	29.3499749291
583.650788143	29.0131869061
583.658970871	28.6709531181
583.6671536	28.3235057875
583.675336329	27.9710677663
583.683519058	27.6138524344
583.691701787	27.2520636752
583.699884515	26.8858959306
583.708067244	26.5155343338
583.716249973	26.1411549153
583.724432702	25.7629248756
583.732615431	25.3810029164
583.740798159	24.9955396202
583.748980888	24.6066778628
583.757163617	24.2145532526
583.765346346	23.8192945905
583.773529075	23.4210243479
583.781711803	23.0198591542
583.789894532	22.6159102824
583.798077261	22.209284123
583.80625999	21.8000826348
583.814442719	21.3884037631
583.822625448	20.9743418182
583.830808176	20.5579878102
583.838990905	20.1394297449
583.847173634	19.7187528749
583.855356363	19.2960399128
583.863539092	18.8713712109
583.87172182	18.4448249117
583.879904549	18.0164770731
583.888087278	17.5864017729
583.896270007	17.154671198
583.904452736	16.7213557194
583.912635464	16.2865239577
583.920818193	15.8502428391
583.929000922	15.4125776461
583.937183651	14.973592061
583.94536638	14.5333482068
583.953549109	14.0919066834
583.961731837	13.6493266011
583.969914566	13.2056656101
583.982483214	12.5222272606
583.995051863	11.8365742808
584.007620511	11.148919463
584.02018916	10.4594896152
584.032757808	9.76851185208
584.045326456	9.07619911051
584.057895105	8.38275059481
584.070463753	7.68835727737
584.083032401	6.99320769208
584.09560105	6.29748559384
584.108169698	5.60135812777
584.120738346	4.90497376704
584.133306995	4.2084732287
584.145875643	3.51200212666
584.158444291	2.81570619818
584.17101294	2.11971390479
584.183581588	1.42413477394
584.196150237	0.729072819317
584.208718885	0.0346395297395
584.221287533	-0.659046396005
584.233856182	-1.35188200072
584.24642483	-2.04378866279
584.258993478	-2.73469445795
584.271562127	-3.42451266434
584.284130775	-4.11315179204
584.296699423	-4.80053486688
584.309268072	-5.48660736865
584.32183672	-6.17132482626
584.334405368	-6.85463061961
584.346974017	-7.53643868333
584.359542665	-8.21668876951
584.372111314	-8.89535121485
584.384679962	-9.57238810344
584.39724861	-10.2476727819
584.409817259	-10.9211237194
584.422385907	-11.5927098865
584.434954555	-12.2623850969
584.447523204	-12.9298181856
584.460091852	-13.5947724506
584.4726605	-14.2570934495
584.485229149	-14.9165884196
584.497797797	-15.5730787056
584.510366445	-16.2263432356
584.522935094	-16.8761744324
584.535503742	-17.5223997258
584.548072391	-18.1648404662
584.560641039	-18.8032809166
584.573209687	-19.4374893691
584.585778336	-20.0672453588
584.598346984	-20.6923380574
584.610915632	-21.3125579634
584.623484281	-21.9277020288
584.636052929	-22.5375826905
584.648621577	-23.1420307398
584.661190226	-23.7408950877
584.673758874	-24.3340438776
584.686327522	-24.9213661433
584.698896171	-25.5027707663
584.711464819	-26.0781832439
584.724033468	-26.6475434906
584.743131682	-27.5010053436
584.762229897	-28.3402685993
584.781328111	-29.1652549729
584.800426326	-29.9759048194
584.819524541	-30.7721668389
584.838622755	-31.5539800115
584.85772097	-32.3212519845
584.876819185	-33.0738528557
584.895917399	-33.8116109716
584.915015614	-34.5343165975
584.934113829	-35.2417315614
584.953212043	-35.9335819947
584.972310258	-36.6095553742
584.991408473	-37.269320577
585.010506687	-37.912558922
585.029604902	-38.5389671218
585.048703116	-39.1482468029
585.067801331	-39.7401212392
585.086899546	-40.3143822433
585.10599776	-40.8708806003
585.125095975	-41.4095126004
585.14419419	-41.9302532704
585.163292404	-42.4331410888
585.182390619	-42.9183616116
585.201488834	-43.38636895
585.220587048	-43.8374846026
585.239685263	-44.2720525932
585.258783477	-44.690526576
585.277881692	-45.09340184
585.296979907	-45.4811642742
585.316078121	-45.8543002149
585.335176336	-46.2133211375
585.354274551	-46.5587693095
585.373372765	-46.8912066484
585.39247098	-47.2112023772
585.411569195	-47.5193270756
585.430667409	-47.8161503862
585.449765624	-48.1022379611
585.468863839	-48.3781470977
585.487962053	-48.6444228115
585.507060268	-48.9015952492
585.526158482	-49.1501780284
585.545256697	-49.3906668966
585.564354912	-49.6235384858
585.583453126	-49.8492491885
585.602551341	-50.0682342703
585.621649556	-50.2809073352
585.64074777	-50.4876601685
585.659845985	-50.688862848
585.6789442	-50.8848639889
585.698042414	-51.0759910796
585.728605301	-51.372469941
585.759168187	-51.6583966071
585.789731074	-51.9348011735
585.820293961	-52.2025944955
585.850856847	-52.462583943
585.881419734	-52.7154803695
585.911982621	-52.9619060966
585.942545507	-53.2024050099
585.973108394	-53.437449432
586.00367128	-53.6674506062
586.034234167	-53.8927650532
586.064797054	-54.1137005231
586.09535994	-54.330522241
586.125922827	-54.5434582178
586.156485714	-54.7527048306
586.1870486	-54.9584309645
586.217611487	-55.1607816971
586.248174373	-55.3598817158
586.27873726	-55.5558383787
586.309300147	-55.748744373
586.339863033	-55.9386798841
586.37042592	-56.1257149875
586.400988807	-56.3099108006
586.431551693	-56.4913214966
586.46211458	-56.6699952106
586.492677466	-56.8459752394
586.523240353	-57.0193010724
586.55380324	-57.1900091858
586.584366126	-57.3581336836
586.614929013	-57.5237068477
586.6454919	-57.686759609
586.676054786	-57.8473219343
586.706617673	-58.0054231353
586.737180559	-58.1610921122
586.787925979	-58.4142648116
586.838671399	-58.660943409
586.889416819	-58.9012586639
586.940162238	-59.1353419122
586.990907658	-59.3633262929
587.069667873	-59.7054131954
587.148428089	-60.0336446313
587.227188304	-60.3485226159
587.305948519	-60.6505422628
587.384708735	-60.9401954473
587.517311719	-61.4012813134
587.649914704	-61.8309457652
587.782517689	-62.2312808736
587.915120674	-62.60422866
588.047723658	-62.9516231
588.180326643	-63.2751952044
588.41857607	-63.8017280694
588.656825496	-64.2647465661
588.895074923	-64.6715043178
589.13332435	-65.0281882401
589.371573776	-65.3402633811
589.609823203	-65.6125988251
589.84807263	-65.8494661369
590.086322056	-66.0546029375
590.468636433	-66.3253888123
590.85095081	-66.5344010205
591.233265186	-66.6915803667
591.615579563	-66.8051415493
591.99789394	-66.8819013484
592.380208316	-66.9275670929
592.762522693	-66.9469506023
593.348707667	-66.9343227553
593.934892642	-66.8812607514
594.521077617	-66.7972035796
595.107262591	-66.6896084648
595.693447566	-66.5643654844
596.279632541	-66.426022166
596.865817515	-66.2781699232
597.45200249	-66.1236524953
598.372537922	-65.8725830573
599.293073354	-65.6164816096
600.213608785	-65.3602881138
601.134144217	-65.1073186872
602.054679649	-64.8595965453
602.975215081	-64.6182600844
603.895750513	-64.3839213879
604.816285945	-64.1569237585
605.736821376	-63.9373822153
606.657356808	-63.7251807966
607.57789224	-63.5202065678
608.498427672	-63.3222726993
609.418963104	-63.1310853236
610.339498536	-62.9462720456
611.260033967	-62.7674023196
612.180569399	-62.5941487607
613.101104831	-62.4263467656
614.021640263	-62.263740817
614.942175695	-62.1060437838
615.862711127	-61.953163313
616.783246559	-61.8050108924
617.70378199	-61.6611697255
618.624317422	-61.5210639386
619.544852854	-61.3843237603
620.465388286	-61.2508439243
621.385923718	-61.1204854219
622.30645915	-60.9930192314
623.226994581	-60.8684426124
624.147530013	-60.7466222801
624.701980848	-60.6744350297
625.256431683	-60.6030369922
625.810882518	-60.5324519322
626.365333353	-60.4626998898
626.919784188	-60.3938260582
627.474235023	-60.3258178955
628.028685858	-60.2586250077
628.583136693	-60.1921672885
629.137587528	-60.1264258437
629.692038363	-60.061365983
630.246489197	-59.9969307644
630.800940032	-59.9330787239
631.355390867	-59.8697604337
631.909841702	-59.8069263548
632.464292537	-59.7445750163
633.018743372	-59.6826950214
633.573194207	-59.621221468
634.127645042	-59.560143798
634.682095877	-59.4994739411
635.010063095	-59.4637589777
635.338030313	-59.4281162085
635.665997531	-59.3925359647
635.993964748	-59.3570320015
636.321931966	-59.3216258575
636.649899184	-59.286320878
636.977866402	-59.2511152743
637.30583362	-59.2159965781
637.633800838	-59.1809542073
637.961768056	-59.1459766615
638.455704694	-59.0934015599
639.272408076	-59.0066195804
640.089111458	-58.9199514358
640.90581484	-58.8332963383
641.722518222	-58.7464486525
643.015964649	-58.6080879366
644.309411076	-58.4682004021
645.602857504	-58.3261452548
647.629006616	-58.0962946021
649.655155728	-57.8536268507
651.68130484	-57.5916267378
653.707453953	-57.3002352421
655.733603065	-56.9633093113
656.755881373	-56.7679500826
657.778159681	-56.5471182299
658.800437988	-56.2921772491
659.822716296	-55.9889333566
660.380781601	-55.7955574767
660.938846906	-55.5748785876
661.496912211	-55.3207213174
662.054977516	-55.0156751611
662.613042822	-54.6369380846
662.863871357	-54.4345856474
663.114699892	-54.2042622696
663.365528428	-53.9372034176
663.616356963	-53.6204262887
663.679064097	-53.5322827806
663.741771231	-53.4394539435
663.847371107	-53.2706938957
663.952970982	-53.0838793918
664.058570858	-52.87469955
664.084970827	-52.8186266471
664.111370796	-52.760721446
664.151702253	-52.6683131541
664.212391268	-52.5191179852
664.250470737	-52.4185333461
664.288550207	-52.311543859
664.326629676	-52.1969874163
664.348330644	-52.1277821861
664.370031612	-52.0552666752
664.39173258	-51.9789505082
664.413433548	-51.8981811707
664.425382236	-51.8515224846
664.437330924	-51.803073873
664.449279612	-51.7526020324
664.461228299	-51.6998245893
664.473176987	-51.6443979354
664.485125675	-51.5859044759
664.497074362	-51.5238392657
664.50902305	-51.4575946113
664.520971738	-51.3864419767
664.532920425	-51.3095118494
664.544869113	-51.225775809
664.556817801	-51.1340398118
664.568766488	-51.0329612529
664.580715176	-50.9210997934
664.592663864	-50.7970016382
664.604612552	-50.6593064983
664.616561239	-50.506857203
664.628509927	-50.3387978979
664.640458615	-50.1546397478
664.652407302	-49.9542480616
664.66435599	-49.7377033134
664.676304678	-49.5050298745
664.688253365	-49.2559321088
664.700202053	-48.9896377932
664.712150741	-48.7049024894
664.724099429	-48.4001301914
664.736048116	-48.0735312937
664.747996804	-47.7232753037
664.759945492	-47.3476237157
664.771894179	-46.94506135
664.783842867	-46.5144666856
664.795791555	-46.0553249977
664.807740242	-45.5678433224
664.81968893	-45.0528605505
664.831637618	-44.511462338
664.843586305	-43.9443341415
664.855534993	-43.3510023343
664.867483681	-42.7291576477
664.879432369	-42.0741288506
664.891381056	-41.3783891887
664.903329744	-40.6306072325
664.915278432	-39.8144124458
664.927227119	-38.9059549542
664.939175807	-37.8700925626
664.951124495	-36.6575142034
664.956017163	-36.096215838
664.960909831	-35.4890263413
664.9658025	-34.8314713736
664.970695168	-34.1205469511
664.975587836	-33.3548096387
664.980480505	-32.5344034891
664.985373173	-31.6607264316
664.990265841	-30.735743407
664.99515851	-29.7611444141
665.000051178	-28.7377752227
665.004943846	-27.6654839811
665.009836515	-26.5432842547
665.014729183	-25.3696181815
665.019621851	-24.1425490875
665.02451452	-22.8599896469
665.029407188	-21.5198607141
665.036989676	-19.3247800249
665.044572163	-16.9811801453
665.052154651	-14.4865881999
665.059737139	-11.8452203855
665.067319627	-9.06750569046
665.074902115	-6.171161505
665.082484602	-3.18540914227
665.09006709	-0.149518524877
665.097649578	2.88992254135
665.105232066	5.88310347557
665.112814554	8.78302199882
665.120397041	11.5447042325
665.127979529	14.1349310338
665.135562017	16.5319162481
665.143144505	18.7246599164
665.150726992	20.7114768205
665.15830948	22.4980202904
665.165891968	24.0950654436
665.173474456	25.5164404455
665.181056944	26.77736552
665.188639431	27.8930647954
665.196221919	28.8786243722
665.203804407	29.7483089502
665.211386895	30.51482395
665.218969383	31.1896363898
665.22655187	31.7831219647
665.234134358	32.3046039982
665.241716846	32.7623793191
665.249299334	33.1637587865
665.256881822	33.5151336896
665.264464309	33.8220522192
665.272046797	34.0893038218
665.279629285	34.3210069023
665.287211773	34.5206936878
665.29479426	34.6913892972
665.302376748	34.8356835605
665.309959236	34.9557950285
665.317541724	35.0536273555
665.325124212	35.1308186839
665.332706699	35.1887845878
665.340289187	35.2287530321
665.347871675	35.2518007686
665.355454163	35.2588698342
665.363036651	35.2507928635
665.370619138	35.2283018297
665.378201626	35.1920404587
665.385784114	35.1425728154
665.393366602	35.0803919
665.40094909	35.0059290354
665.408531577	34.9195640197
665.416114065	34.8216356454
665.423696553	34.712451966
665.431279041	34.5922996259
665.438861528	34.4614517013
665.446444016	34.3201737351
665.454026504	34.1687279181
665.461608992	34.0073755882
665.46919148	33.836378363
665.476773967	33.6559982781
665.484356455	33.466497302
665.491938943	33.2681362569
665.499521431	33.0611750933
665.507103919	32.8458708631
665.514686406	32.6224777814
665.522268894	32.3912470948
665.529851382	32.1524267214
665.53743387	31.9062621388
665.545016358	31.6529952696
665.552598845	31.392864955
665.560181333	31.1261069871
665.567763821	30.8529539099
665.575346309	30.5736346896
665.582928796	30.2883742894
665.590511284	29.9973931806
665.598093772	29.7009068382
665.60567626	29.399125263
665.613258748	29.0922525648
665.620841235	28.7804866234
665.628423723	28.4640188305
665.636006211	28.1430339053
665.643588699	27.8177096942
665.651171187	27.4882174107
665.658753674	27.1547212035
665.666336162	26.8173783827
665.67391865	26.4763394944
665.681501138	26.1317484152
665.689083626	25.7837424942
665.696666113	25.4324527359
665.704248601	25.0780040186
665.711831089	24.7205153416
665.719413577	24.3601000964
665.726996064	23.9968663606
665.734578552	23.6309172086
665.74216104	23.2623510367
665.749743528	22.8912618961
665.757326016	22.5177398279
665.764908503	22.1418711922
665.772490991	21.7637389856
665.780073479	21.3834231387
665.787655967	21.0010007897
665.795238455	20.616546565
665.802820942	20.2301326792
665.81040343	19.8418292419
665.817985918	19.4517044063
665.825568406	19.0598244824
665.833150893	18.6662540491
665.840733381	18.2710560552
665.848315869	17.8742919056
665.855898357	17.4760215325
665.863480845	17.076303456
665.871063332	16.6751948354
665.87864582	16.2727515148
665.886228308	15.8690280622
665.893810796	15.4640778058
665.901393284	15.0579528652
665.908975771	14.6507041805
665.916558259	14.2423815386
665.924140747	13.8330335969
665.931723235	13.4227079052
665.939305723	13.0114509252
665.94688821	12.5993080475
665.954470698	12.1863236598
665.962053186	11.7725418287
665.97377731	11.1312847307
665.985501433	10.488405662
665.997225557	9.84408602841
666.008949681	9.19850554333
666.020673804	8.55183900013
666.032397928	7.90425298439
666.044122052	7.25590371204
666.055846176	6.6069437637
666.067570299	5.95752208023
666.079294423	5.30777696029
666.091018547	4.65783427284
666.10274267	4.00781081338
666.114466794	3.3578232471
666.126190918	2.70798869263
666.137915042	2.05841556315
666.149639165	1.40919993725
666.161363289	0.760429120477
666.173087413	0.112186753783
666.184811536	-0.535432022324
666.19653566	-1.18233615621
666.208259784	-1.82845266056
666.219983908	-2.47371826172
666.231708031	-3.11807455004
666.243432155	-3.76144657138
666.255156279	-4.40376411683
666.266880402	-5.04497594768
666.278604526	-5.68504204945
666.29032865	-6.32392642317
666.302052774	-6.96157933742
666.313776897	-7.59793762373
666.325501021	-8.2329578156
666.337225145	-8.86661104094
666.348949268	-9.49887034722
666.360673392	-10.1296455947
666.372397516	-10.7588767753
666.38412164	-11.386526911
666.395845763	-12.0125584064
666.407569887	-12.636797513
666.419294011	-13.2590329387
666.431018134	-13.8790884744
666.442742258	-14.496835674
666.454466382	-15.1121073035
666.466190506	-15.7247548694
666.477914629	-16.3346162901
666.489638753	-16.9415303335
666.501362877	-17.5453428218
666.513087	-18.1458920013
666.524811124	-18.7430029977
666.536535248	-19.3364959931
666.548259372	-19.9261908596
666.559983495	-20.5119071747
666.571707619	-21.0934662359
666.583431743	-21.6706949362
666.595155866	-22.2434287698
666.60687999	-22.8115138775
666.618604114	-23.3748089502
666.630328238	-23.9331868474
666.642052361	-24.4865367738
666.660018775	-25.3245451096
666.677985189	-26.150266144
666.695951603	-26.963484106
666.713918017	-27.7640446098
666.731884431	-28.5518439922
666.749850844	-29.3268129366
666.767817258	-30.0889024336
666.785783672	-30.8380709337
666.803750086	-31.57426761
666.8217165	-32.2974205532
666.839682914	-33.0074314977
666.857649327	-33.7041730531
666.875615741	-34.3874877739
666.893582155	-35.0571976984
666.911548569	-35.7130962295
666.929514983	-36.3549481952
666.947481397	-36.982501224
666.96544781	-37.595501041
666.983414224	-38.1937067685
667.001380638	-38.7768825112
667.019347052	-39.3448121376
667.037313466	-39.8972842411
667.05527988	-40.4341641502
667.073246294	-40.9553466636
667.091212707	-41.4607592713
667.109179121	-41.9504164594
667.127145535	-42.4243591388
667.145111949	-42.882743425
667.163078363	-43.3259464668
667.181044777	-43.7542353414
667.19901119	-44.1679082202
667.216977604	-44.5673183527
667.234944018	-44.9528471076
667.252910432	-45.3248894455
667.270876846	-45.6838517096
667.298882645	-46.2183107022
667.326888444	-46.7236873899
667.354894243	-47.2017067258
667.382900042	-47.6541219348
667.410905842	-48.082741463
667.438911641	-48.4893047546
667.46691744	-48.8755100368
667.494923239	-49.2429997871
667.522929038	-49.5933272444
667.550934837	-49.9279895919
667.578940637	-50.2483498055
667.606946436	-50.5556724009
667.634952235	-50.8511271496
667.662958034	-51.1357818028
667.690963833	-51.4106244214
667.718969632	-51.6765318708
667.746975432	-51.9343044925
667.774981231	-52.1846536962
667.80298703	-52.428216758
667.830992829	-52.6655626151
667.858998628	-52.8971971992
667.887004427	-53.1235675134
667.915010227	-53.3450690084
667.943016026	-53.5620471226
667.971021825	-53.7748086455
667.999027624	-53.9836184563
668.027033423	-54.188710927
668.055039222	-54.3902908999
668.083045022	-54.5885367487
668.111050821	-54.7836037901
668.13905662	-54.9756273176
668.167062419	-55.1647252067
668.195068218	-55.351000198
668.223074017	-55.5345419299
668.251079817	-55.7154287469
668.279085616	-55.8937293002
668.307091415	-56.0695039579
668.335097214	-56.2428060445
668.363670277	-56.4171208477
668.39224334	-56.5889547735
668.420816402	-56.7583489674
668.449389465	-56.925340833
668.477962528	-57.089964249
668.50653559	-57.2522504284
668.535108653	-57.4122286246
668.563681716	-57.569926605
668.592254778	-57.7253709933
668.620827841	-57.8785875506
668.66527044	-58.1125296346
668.709713039	-58.3412385955
668.754155638	-58.564798101
668.798598237	-58.7833035331
668.843040837	-58.9968483571
668.887483436	-59.2055241087
668.931926035	-59.4094222853
669.006270987	-59.7400709707
669.08061594	-60.0580334454
669.203876278	-60.5584652941
669.327136616	-61.0271153519
669.450396954	-61.4660183294
669.573657292	-61.87708814
669.69691763	-62.262000765
669.820177967	-62.6223194332
669.943438305	-62.9595791095
670.066698643	-63.2752570371
670.265512336	-63.742361677
670.464326029	-64.161995329
670.663139722	-64.5387010591
670.861953415	-64.876503549
671.209042465	-65.3837676591
671.556131516	-65.8000961723
671.903220566	-66.1392444728
672.250309616	-66.4126882383
672.597398666	-66.6300540066
672.944487716	-66.799479501
673.291576766	-66.9278635004
673.638665816	-67.0210650079
673.985754867	-67.084080285
674.332843917	-67.1211865237
674.679932967	-67.1360593905
675.027022017	-67.131867118
675.374111067	-67.1113433037
675.721200117	-67.0768502755
676.068289167	-67.0304344979
676.415378218	-66.9738711349
676.762467268	-66.9087013441
677.109556318	-66.8362645647
677.456645368	-66.7577258326
677.803734418	-66.6740987195
678.150823468	-66.5862651349
678.694537213	-66.441962543
679.238250958	-66.2915898309
679.781964703	-66.1372006295
680.325678449	-65.9804385145
681.248723415	-65.7121784391
682.171768381	-65.4448477569
683.094813348	-65.1818714239
684.017858314	-64.9254323283
684.940903281	-64.676763733
685.863948247	-64.4364365946
686.786993213	-64.2046261589
687.71003818	-63.9813360362
688.633083146	-63.7664482545
689.556128112	-63.5596388515
690.479173079	-63.3606037231
691.402218045	-63.1690788493
692.325263012	-62.9845756488
693.248307978	-62.8066992013
694.171352944	-62.6352381912
695.094397911	-62.4696964631
695.646440982	-62.3732294664
696.198484052	-62.2785543214
696.750527123	-62.1857182012
697.302570194	-62.0947363575
697.854613265	-62.0055907091
698.406656335	-61.9182181149
698.958699406	-61.8325302474
699.831310235	-61.7002386904
700.703921063	-61.5716251017
701.576531892	-61.4464921969
702.449142721	-61.3246721518
704.013205031	-61.1138177803
705.577267341	-60.9120090723
707.141329651	-60.7185162076
708.705391962	-60.5319894513
710.269454272	-60.351903144
711.833516582	-60.1776828757
713.397578893	-60.008734023
714.961641203	-59.8442696589
716.525703513	-59.6844437738
716.916719091	-59.6451603233
717.307734668	-59.6060905391
717.698750246	-59.5671796403
718.309651314	-59.5068170122
718.920552382	-59.4467478848
719.531453451	-59.3869714483
720.142354519	-59.3275001982
721.336846878	-59.2122108951
722.531339236	-59.097568012
724.537188848	-58.9053690506
726.543038459	-58.7129768304
730.029531363	-58.3713299509
733.516024267	-58.0098093194
737.002517171	-57.6074052543
737.874140397	-57.4962020765
738.745763623	-57.3781380693
739.617386849	-57.2528034226
740.489010075	-57.1191048569
741.360633301	-56.9751582841
742.232256527	-56.8184353255
743.103879753	-56.6454796645
743.975502979	-56.4520382354
744.847126205	-56.230198182
745.718749431	-55.9700349968
746.590372657	-55.6559238887
747.048902432	-55.4614362099
747.507432207	-55.2388277342
747.965961982	-54.9813630386
748.424491757	-54.6719271614
748.670973075	-54.4775929142
748.917454394	-54.2569189544
749.163935712	-54.0041173597
749.41041703	-53.705553114
749.47203736	-53.6227019226
749.533657689	-53.5355973389
749.644192281	-53.3669519609
749.754726872	-53.1799033314
749.865261464	-52.9699625582
749.892895112	-52.9135921471
749.92052876	-52.8553328887
749.965394234	-52.7562118037
750.010259708	-52.6508725438
750.055125183	-52.5383372099
750.066341551	-52.5090249444
750.07755792	-52.4791763431
750.094927603	-52.4318128152
750.118292339	-52.3657616838
750.141657075	-52.2967686855
750.16502181	-52.2244448052
750.188386546	-52.1482832056
750.211751282	-52.0676118841
750.224206714	-52.0224833445
750.236662146	-51.9756486526
750.249117577	-51.9268843688
750.261573009	-51.8759172264
750.274028441	-51.8224111381
750.286483873	-51.7659536612
750.298939305	-51.7060418593
750.311394737	-51.6420659814
750.323850169	-51.5732899014
750.336305601	-51.4988280513
750.348761032	-51.4176218328
750.361216464	-51.3284246005
750.373671896	-51.2298103309
750.386127328	-51.1202212259
750.39858276	-50.998058806
750.411038192	-50.8618082661
750.423493624	-50.7101739028
750.435949056	-50.5422063667
750.448404488	-50.3573960544
750.460859919	-50.1556764391
750.473315351	-49.937274207
750.485770783	-49.7023897725
750.498226215	-49.4508797476
750.510681647	-49.182059322
750.523137079	-48.8947002865
750.535592511	-48.5871654148
750.548047943	-48.2575806041
750.560503375	-47.9039902201
750.572958806	-47.5244813053
750.585414238	-47.1173111767
750.59786967	-46.6811105366
750.610325102	-46.2151909488
750.622780534	-45.7197634332
750.635235966	-45.1959069438
750.647691398	-44.6451413738
750.66014683	-44.0686550733
750.672602262	-43.466406653
750.685057693	-42.8363826379
750.697513125	-42.1741082667
750.709968557	-41.4722696251
750.722423989	-40.7199487062
750.734879421	-39.9018725632
750.747334853	-38.9956816938
750.759790285	-37.968357901
750.772245717	-36.7711029118
750.778482505	-36.0888045439
750.784719294	-35.3369980659
750.790956083	-34.5051405266
750.797192872	-33.584757419
750.80342966	-32.5708352106
750.809666449	-31.4631307798
750.813578115	-30.7217258422
750.817489781	-29.9459276864
750.821401447	-29.1366553135
750.825313112	-28.2943439124
750.829224778	-27.4189957246
750.833136444	-26.5102599737
750.83704811	-25.5675239655
750.843824752	-23.8512764402
750.850601395	-22.0255326496
750.857378037	-20.0853441448
750.864154679	-18.0264523723
750.870931322	-15.8460470215
750.877707964	-13.5444792449
750.884484606	-11.1267102872
750.894651999	-7.30564992918
750.904819392	-3.30378484071
750.914986784	0.7899870811
750.925154177	4.86393500033
750.935321569	8.79289042228
750.945488962	12.4702677078
750.955656354	15.8216754627
750.965823747	18.8067547987
750.975991139	21.4201292201
750.986158532	23.678524361
750.996325924	25.6118042358
751.006493317	27.256442456
751.01666071	28.650178681
751.026828102	29.8283325815
751.036995495	30.8222068605
751.047162887	31.6590183701
751.05733028	32.3623434877
751.067497672	32.9524372345
751.077665065	33.4464010188
751.087832457	33.8584229406
751.09799985	34.2001530488
751.108167242	34.4810577656
751.118334635	34.7088217243
751.128502028	34.8897297835
751.13866942	35.0289168857
751.148836813	35.1305644336
751.159004205	35.1980868679
751.169171598	35.2343075372
751.17933899	35.2415989545
751.189506383	35.2219705245
751.199673775	35.1771158561
751.209841168	35.1084482385
751.22000856	35.0171425759
751.230175953	34.9041834368
751.240343346	34.7704121408
751.250510738	34.6165697186
751.260678131	34.4433351123
751.270845523	34.2513559314
751.281012916	34.0412682814
751.291180308	33.8137055828
751.301347701	33.5693001918
751.311515093	33.3086819019
751.321682486	33.0324756441
751.331849878	32.741299131
751.342017271	32.4357609993
751.352184664	32.1164601306
751.362352056	31.7839860059
751.372519449	31.4389191205
751.382686841	31.0818307879
751.392854234	30.7132821438
751.403021626	30.3338225461
751.413189019	29.9439876245
751.423356411	29.5442971529
751.433523804	29.1352529791
751.443691196	28.7173373095
751.453858589	28.2910115263
751.464025982	27.856715489
751.474193374	27.4148671511
751.484360767	26.9658623868
751.494528159	26.5100750341
751.504695552	26.0478572421
751.514862944	25.5795399169
751.525030337	25.1054336684
751.535197729	24.6258297855
751.545365122	24.141001334
751.555532514	23.6512044137
751.565699907	23.1566795388
751.5758673	22.6576530868
751.586034692	22.1543387543
751.596202085	21.6469389625
751.606369477	21.1356461611
751.61653687	20.6206439874
751.626704262	20.1021082622
751.636871655	19.5802078223
751.647039047	19.0551052014
751.65720644	18.5269571834
751.667373832	17.9959152491
751.677541225	17.4621259347
751.687708618	16.9257311199
751.69787601	16.3868682633
751.708043403	15.8456705988
751.718210795	15.3022673017
751.728378188	14.7567836319
751.73854558	14.2093410533
751.748712973	13.6600573526
751.758880365	13.1090467318
751.769047758	12.5564198831
751.77921515	12.0022840574
751.789382543	11.4467449475
751.799549936	10.8899120089
751.809717328	10.3319023938
751.819884721	9.7728363285
751.830052113	9.21282981576
751.840219506	8.65199469028
751.850386898	8.09044150625
751.860554291	7.52827701627
751.870721683	6.96560186598
751.880889076	6.40251339757
751.891056469	5.83910610073
751.901223861	5.27546800518
751.911391254	4.71168046808
751.921558646	4.14782118906
751.931726039	3.58396669564
751.941893431	3.0201939618
751.952060824	2.45657681552
751.962228216	1.89318100034
751.972395609	1.33006624103
751.982563001	0.767290600043
751.992730394	0.204910201211
752.002897787	-0.357014141818
752.013065179	-0.918421248321
752.023232572	-1.47926153805
752.033399964	-2.03949382613
752.043567357	-2.5990760635
752.053734749	-3.15796666496
752.06919679	-4.00647298724
752.084658831	-4.85311257089
752.100120873	-5.69778096542
752.115582914	-6.54042733776
752.131044955	-7.38093773598
752.146506996	-8.21915707978
752.161969037	-9.05500461891
752.177431078	-9.88842099152
752.192893119	-10.7192244857
752.20835516	-11.5472946447
752.223817201	-12.3725724851
752.239279243	-13.1945287982
752.254741284	-14.012707537
752.270203325	-14.8268421827
752.285665366	-15.6366401258
752.301127407	-16.4416784389
752.316589448	-17.2415224868
752.332051489	-18.0358196125
752.34751353	-18.8242255466
752.362975571	-19.606335578
752.378437613	-20.3817095504
752.393899654	-21.1499227744
752.409361695	-21.91057301
752.424823736	-22.6632802335
752.440285777	-23.4076960215
752.455747818	-24.1435176891
752.471209859	-24.8704959129
752.4866719	-25.5884304166
752.502133941	-26.2971607096
752.517595983	-26.9965614689
752.533058024	-27.6865410406
752.548520065	-28.3670354935
752.563982106	-29.0379988206
752.579444147	-29.6993960981
752.594906188	-30.3512008702
752.610368229	-30.993387581
752.62583027	-31.6259218105
752.641292311	-32.2487565889
752.656754353	-32.8618321497
752.672216394	-33.4650732627
752.687678435	-34.0583863367
752.703140476	-34.6416654031
752.718602517	-35.2147915784
752.734064558	-35.7776267836
752.749526599	-36.3300196606
752.76498864	-36.8718121768
752.780450681	-37.4028442248
752.795912723	-37.922962598
752.811374764	-38.4320159677
752.826836805	-38.9298540628
752.842298846	-39.4163387056
752.857760887	-39.8913552546
752.873222928	-40.3548189178
752.888684969	-40.8066582726
752.90414701	-41.2468172091
752.927785177	-41.8971598799
752.951423343	-42.5203359898
752.975061509	-43.1166531809
752.998699675	-43.6869343854
753.022337841	-44.2318419868
753.045976007	-44.7521256347
753.069614173	-45.2486272848
753.093252339	-45.7222976476
753.116890506	-46.1741088884
753.140528672	-46.6050565326
753.164166838	-47.0161693895
753.187805004	-47.4085070941
753.21144317	-47.783143977
753.235081336	-48.1411504072
753.258719502	-48.483579107
753.282357669	-48.8114561491
753.305995835	-49.1257739586
753.329634001	-49.4274851983
753.353272167	-49.7174978456
753.376910333	-49.9966718138
753.400548499	-50.2658131764
753.424186665	-50.5256893109
753.447824832	-50.7770053675
753.471462998	-51.0204165868
753.495101164	-51.2565305461
753.51873933	-51.4859076558
753.542377496	-51.7090624613
753.566015662	-51.9264656977
753.589653828	-52.1385467367
753.613291995	-52.3456961685
753.636930161	-52.5482684014
753.660568327	-52.74658424
753.684206493	-52.9409334171
753.707844659	-53.1315774944
753.731482825	-53.3187507759
753.755120991	-53.5026641389
753.778759157	-53.6835067349
753.802397324	-53.8614478213
753.82603549	-54.0366386554
753.849673656	-54.2092142733
753.873311822	-54.3792960242
753.896949988	-54.5469896882
753.920588154	-54.7123910982
753.94422632	-54.8755856583
753.980267897	-55.1203295455
754.016309473	-55.3603415363
754.052351049	-55.5958232303
754.088392625	-55.8269423861
754.124434201	-56.0538439151
754.160475777	-56.2766337723
754.196517353	-56.4954145351
754.232558929	-56.7102755915
754.268600506	-56.9212942846
754.304642082	-57.1285391458
754.340683658	-57.3320724426
754.376725234	-57.53195187
754.41276681	-57.7282317737
754.448808386	-57.9209641279
754.484849962	-58.1101993203
754.520891539	-58.2959867604
754.556933115	-58.478375332
754.592974691	-58.6574137145
754.651735317	-58.9422482769
754.710495943	-59.2185167727
754.769256569	-59.4864396223
754.872924348	-59.9394284428
754.976592127	-60.3682688949
755.080259906	-60.7741823442
755.183927686	-61.1582811523
755.287595465	-61.5216539649
755.391263244	-61.8653922452
755.494931023	-62.1905512602
755.659712046	-62.6715846941
755.824493068	-63.1118713224
755.989274091	-63.5147412829
756.154055114	-63.8832096966
756.404221592	-64.3830530693
756.654388071	-64.8186609851
756.904554549	-65.1975099569
757.154721027	-65.5260602186
757.539628934	-65.9461940131
757.924536841	-66.2779259502
758.309444747	-66.5355051401
758.694352654	-66.7307420158
759.07926056	-66.8734872167
759.659165865	-67.0073967897
760.23907117	-67.0634530539
760.818976475	-67.059129753
761.39888178	-67.0081726815
761.978787085	-66.9213875568
762.558692391	-66.8073872736
763.138597696	-66.6729608474
763.718503001	-66.5234715206
764.298408306	-66.3631890482
764.878313611	-66.1954893201
765.458218916	-66.023048845
766.038124221	-65.8479940103
766.618029526	-65.6719847921
767.197934831	-65.4963367161
767.777840136	-65.3220591045
768.357745441	-65.1498838538
768.937650746	-64.9803459138
769.517556051	-64.8138951327
769.909577141	-64.7033133095
770.301598231	-64.5943736398
770.693619322	-64.4870833848
771.085640412	-64.3814506336
771.477661502	-64.2775127623
771.869682592	-64.1753202572
772.261703682	-64.074911521
772.653724772	-63.9762943317
773.045745863	-63.8794461614
773.437766953	-63.7843304647
773.829788043	-63.6909101486
774.221809133	-63.5991571098
774.613830223	-63.5090513772
775.005851314	-63.4205659942
775.397872404	-63.3336664108
775.789893494	-63.2483214487
776.181914584	-63.1644952358
776.573935674	-63.0821482632
776.965956764	-63.0012522333
777.357977855	-62.921772893
777.749998945	-62.8436526009
778.142020035	-62.7668374785
778.534041125	-62.6912954748
778.926062215	-62.6170081157
779.318083305	-62.5439639442
779.710104396	-62.4721478316
780.102125486	-62.401532852
780.494146576	-62.3320897558
780.886167666	-62.2637766764
781.278188756	-62.1965386324
781.670209847	-62.1303471129
782.062230937	-62.065186554
782.454252027	-62.0010141034
782.846273117	-61.9378092904
783.238294207	-61.8756214803
783.630315297	-61.8144704971
784.022336388	-61.7542688348
784.414357478	-61.6948751968
784.806378568	-61.6362038043
785.198399658	-61.5782469927
785.590420748	-61.521040395
785.982441838	-61.4646195571
786.374462929	-61.4089888927
786.766484019	-61.3541074648
787.158505109	-61.2999152545
787.550526199	-61.24636691
787.942547289	-61.1934561369
788.334568379	-61.1411854803
788.72658947	-61.0895359566
789.11861056	-61.0384866194
789.51063165	-60.9880190763
789.90265274	-60.938122051
790.29467383	-60.8887936367
790.686694921	-60.8400309082
791.078716011	-60.7918039479
791.470737101	-60.7440976207
791.862758191	-60.6969094721
792.254779281	-60.6502073289
792.505057369	-60.6206256671
792.755335456	-60.5912632034
793.005613543	-60.5621714819
793.255891631	-60.5333454645
793.506169718	-60.5047194906
793.756447806	-60.4762308208
794.006725893	-60.4478615931
794.435078799	-60.3996068789
794.863431705	-60.3517601858
795.291784611	-60.3043244747
795.720137516	-60.2573000608
796.148490422	-60.210700045
796.576843328	-60.16453754
797.005196234	-60.1188040318
797.43354914	-60.073485074
797.861902046	-60.0285639628
798.290254952	-59.9840179282
798.718607858	-59.939824646
799.146960764	-59.8959720496
799.57531367	-59.852443851
800.003666575	-59.8092239407
800.432019481	-59.7663030358
800.860372387	-59.723670058
801.563811894	-59.6542062168
802.2672514	-59.5853975269
803.420854601	-59.4738215941
804.574457802	-59.3636364971
805.728061003	-59.2546606579
806.881664204	-59.1465877568
808.035267405	-59.0391095298
809.928961332	-58.8630740702
811.822655259	-58.6863914039
813.716349186	-58.5076172628
815.610043113	-58.3256799079
817.50373704	-58.1363269948
818.449998166	-58.0380923242
819.396259292	-57.9362685625
820.342520417	-57.8315878092
821.288781543	-57.7231326675
822.235042669	-57.6098083933
823.181303795	-57.4909499033
824.127564921	-57.3647236912
825.073826047	-57.2298337332
826.020087173	-57.0841389433
826.966348299	-56.9263526835
827.912609425	-56.7515988671
828.85887055	-56.5574366793
829.805131676	-56.3335488722
830.751392802	-56.0767190681
830.987958084	-56.0042461799
831.224523365	-55.9272982556
831.461088647	-55.8460953636
831.884994473	-55.6892681868
832.308900299	-55.5141461404
832.732806125	-55.316566929
833.156711951	-55.0915033839
833.580617777	-54.8273206738
834.004523602	-54.5093797655
834.224972591	-54.3166725774
834.445421579	-54.0987658884
834.665870567	-53.8479659779
834.886319556	-53.5531403976
834.941431803	-53.4715622498
834.99654405	-53.3859100428
835.091436574	-53.2272908543
835.186329098	-53.0523308066
835.210052229	-53.0058660059
835.233775361	-52.9581140581
835.275309156	-52.871065889
835.352404789	-52.6960176139
835.371678697	-52.649349618
835.390952606	-52.6013091006
835.436171104	-52.482526681
835.462213768	-52.4097319021
835.488256432	-52.3331877673
835.514299096	-52.2522922147
835.54034176	-52.166221908
835.553311883	-52.1211137239
835.566282005	-52.0742671169
835.579252128	-52.0254462406
835.59222225	-51.9743606566
835.605192373	-51.9206502655
835.618162496	-51.8638694682
835.631132618	-51.8034706573
835.644102741	-51.7387851529
835.657072864	-51.6690001798
835.670042986	-51.5931314266
835.683013109	-51.5099950124
835.695983231	-51.4181907363
835.708953354	-51.3161163348
835.721923477	-51.2020314813
835.734893599	-51.0741750688
835.747863722	-50.9309218458
835.760833845	-50.7709481376
835.773803967	-50.5933826214
835.78677409	-50.3978977113
835.799744212	-50.1846596837
835.812714335	-49.9540778275
835.825684458	-49.706378673
835.83865458	-49.4412673295
835.851624703	-49.1578013355
835.864594825	-48.8544889659
835.877564948	-48.5294623296
835.890535071	-48.1806557108
835.903505193	-47.8059353072
835.916475316	-47.4032029566
835.929445439	-46.9705681565
835.942415561	-46.5066865471
835.955385684	-46.0111704725
835.968355806	-45.4847938231
835.981325929	-44.9292344362
835.994296052	-44.3462834741
836.007266174	-43.7367579071
836.020236297	-43.09950824
836.03320642	-42.4307716063
836.046176542	-41.7237887717
836.059146665	-40.9683557679
836.072116787	-40.149563515
836.08508691	-39.2460878107
836.098057033	-38.2265727138
836.106079152	-37.519745503
836.114101271	-36.7365812383
836.12212339	-35.8576243636
836.126802221	-35.292176675
836.131481052	-34.6819860569
836.136159882	-34.0228470568
836.140838713	-33.3115814544
836.145517544	-32.5464570849
836.150196375	-31.7273596054
836.154875206	-30.8553712683
836.159554037	-29.9321534945
836.164232867	-28.9593123329
836.168911698	-27.9378827663
836.173590529	-26.868071027
836.17826936	-25.7492974966
836.182948191	-24.5803809635
836.187627022	-23.3597923617
836.192305852	-22.0858910605
836.196984683	-20.7570886302
836.2041177	-18.6225675936
836.211250717	-16.3537484577
836.218383734	-13.9502706972
836.225516751	-11.4169163259
836.232649767	-8.76489506904
836.239782784	-6.01090807977
836.246915801	-3.18022452907
836.254048818	-0.306164114084
836.261181835	2.57211656309
836.268314851	5.41263530483
836.275447868	8.17520674255
836.282580885	10.8209686065
836.289713902	13.3198898761
836.296846919	15.6508577632
836.303979935	17.8015506219
836.311112952	19.7676164645
836.318245969	21.5513314276
836.325378986	23.1599246379
836.332512003	24.6038942334
836.339645019	25.8955564063
836.346778036	27.0477743358
836.353911053	28.0738161327
836.36104407	28.985977636
836.368177087	29.796053918
836.375310104	30.5147254357
836.38244312	31.1517035502
836.389576137	31.7158034854
836.396709154	32.214972721
836.403842171	32.6563207116
836.410975188	33.0461588814
836.418108204	33.3900520039
836.425241221	33.6928762421
836.432374238	33.9588799526
836.439507255	34.1917495339
836.446640272	34.394675161
836.453773288	34.5704132113
836.460906305	34.7213437485
836.468039322	34.8495222782
836.475172339	34.9567257516
836.482305356	35.044493218
836.489438372	35.1141598003
836.496571389	35.1668940398
836.503704406	35.2037178004
836.510837423	35.2255312041
836.51797044	35.2331289791
836.525103457	35.2272174829
836.532236473	35.2084220194
836.53936949	35.177297061
836.546502507	35.1343329323
836.553635524	35.0799619808
836.560768541	35.0145651666
836.567901557	34.9384793236
836.575034574	34.8520049254
836.582167591	34.7554139174
836.589300608	34.6489570864
836.596433625	34.5328705312
836.603566641	34.4073809634
836.610699658	34.2727097402
836.617832675	34.1290756671
836.624965692	33.9766967041
836.632098709	33.8157905279
836.639231725	33.6465755318
836.646364742	33.4692692508
836.653497759	33.2840891068
836.660630776	33.0912509261
836.667763793	32.8909688188
836.67489681	32.6834548637
836.682029826	32.4689188327
836.689162843	32.2475680544
836.69629586	32.0196074039
836.703428877	31.7852393401
836.710561894	31.5446639675
836.71769491	31.2980790519
836.724827927	31.0456799537
836.731960944	30.787659459
836.739093961	30.5242075226
836.746226978	30.2555109419
836.753359994	29.981752989
836.760493011	29.7031130362
836.767626028	29.4197662011
836.774759045	29.1318829403
836.781892062	28.839629139
836.789025078	28.5431654576
836.796158095	28.2426473787
836.803291112	27.9382251256
836.810424129	27.6300435876
836.817557146	27.3182422845
836.824690163	27.0029553679
836.831823179	26.6843116532
836.838956196	26.3624346804
836.846089213	26.0374428012
836.85322223	25.7094492937
836.860355247	25.3785625018
836.867488263	25.044885998
836.87462128	24.7085187655
836.881754297	24.3695553973
836.888887314	24.028086312
836.896020331	23.6841979807
836.903153347	23.3379731658
836.910286364	22.9894911647
836.917419381	22.6388280732
836.924552398	22.286056982
836.931685415	21.93124825
836.938818431	21.5744697436
836.945951448	21.2157870313
836.953084465	20.855263571
836.960217482	20.4929608842
836.967350499	20.128938711
836.974483515	19.7632551446
836.981616532	19.3959667457
836.988749549	19.0271286425
836.995882566	18.6567946142
837.003015583	18.2850171637
837.0101486	17.9118475785
837.017281616	17.5373359838
837.024414633	17.1615313876
837.03154765	16.7844817205
837.038680667	16.40623387
837.045813684	16.0268337111
837.056723357	15.4444286246
837.06763303	14.8595889946
837.078542703	14.2724663039
837.089452376	13.6832069167
837.100362049	13.0919521985
837.111271722	12.4988388201
837.122181395	11.9039989884
837.133091068	11.3075632449
837.144000741	10.7096678913
837.154910414	10.1104590818
837.165820087	9.51008491077
837.176729761	8.90868655742
837.187639434	8.30639986108
837.198549107	7.70335836003
837.20945878	7.09969021144
837.220368453	6.4955179961
837.231278126	5.89095990894
837.242187799	5.28612587914
837.253097472	4.68111614873
837.264007145	4.07602582007
837.274916818	3.47095005794
837.285826491	2.86598485681
837.296736164	2.26121981447
837.307645838	1.6567329493
837.318555511	1.05259561902
837.329465184	0.448877564123
837.340374857	-0.154347146975
837.35128453	-0.757001951442
837.362194203	-1.35902100502
837.373103876	-1.96035179217
837.384013549	-2.56094467251
837.394923222	-3.16075008197
837.405832895	-3.759705505
837.416742568	-4.35775365875
837.427652241	-4.95485932228
837.438561915	-5.55099419768
837.449471588	-6.14612458706
837.460381261	-6.74021461731
837.471290934	-7.33321235303
837.482200607	-7.92507964928
837.49311028	-8.51579818029
837.504019953	-9.10534634671
837.514929626	-9.69367643145
837.525839299	-10.2807194179
837.536748972	-10.8664418687
837.547658645	-11.4508197138
837.558568318	-12.0338169968
837.569477991	-12.6152692754
837.580387665	-13.1950143008
837.591297338	-13.7729249412
837.602207011	-14.3488855852
837.613116684	-14.9227638351
837.624026357	-15.4944208143
837.63493603	-16.0637229474
837.645845703	-16.6305459958
837.656755376	-17.1947743606
837.667665049	-17.7562866689
837.678574722	-18.3149419425
837.689484395	-18.8705868689
837.700394068	-19.4230722447
837.711303742	-19.9722543704
837.722213415	-20.5179863421
837.733123088	-21.0601178571
837.744032761	-21.5985030887
837.754942434	-22.1330051885
837.765852107	-22.663495766
837.77676178	-23.1898547297
837.787671453	-23.7119720762
837.798581126	-24.2297504573
837.815994602	-25.047018405
837.833408078	-25.8527436508
837.850821554	-26.6467145368
837.86823503	-27.4287661289
837.885648506	-28.1987844981
837.903061982	-28.956694623
837.920475458	-29.7024466823
837.937888934	-30.4360060595
837.95530241	-31.1573372011
837.972715886	-31.8663904391
837.990129362	-32.56309565
838.007542838	-33.2473589948
838.024956314	-33.9190599906
838.04236979	-34.5780563525
838.059783266	-35.2241832544
838.077196742	-35.8572486259
838.094610218	-36.4770377758
838.112023694	-37.0833234042
838.12943717	-37.67588154
838.146850646	-38.2544958688
838.164264122	-38.8189594867
838.181677598	-39.3690608172
838.199091074	-39.9046295903
838.21650455	-40.4255441817
838.233918026	-40.9317059769
838.251331502	-41.4230458993
838.268744978	-41.8995750416
838.295953347	-42.6147115141
838.323161716	-43.2944083027
838.350370085	-43.9398208681
838.377578455	-44.552155252
838.404786824	-45.1325522983
838.431995193	-45.6823425704
838.459203562	-46.2029880459
838.486411931	-46.6960240626
838.513620301	-47.1630430357
838.54082867	-47.6056758809
838.568037039	-48.0255617495
838.595245408	-48.4243192111
838.622453777	-48.8035257618
838.649662147	-49.1646922662
838.676870516	-49.5092968421
838.704078885	-49.8386954575
838.731287254	-50.1541904006
838.758495623	-50.4569724728
838.785703992	-50.7481462082
838.812912362	-51.0287312274
838.840120731	-51.2996571487
838.8673291	-51.5617817004
838.894537469	-51.8158680692
838.921745838	-52.0626118131
838.948954208	-52.3026327238
838.976162577	-52.5364866156
839.003370946	-52.7646703579
839.030579315	-52.9876261809
839.057787684	-53.2057463107
839.084996054	-53.4193776799
839.112204423	-53.6288264719
839.139412792	-53.8343623728
839.166621161	-54.0362224949
839.19382953	-54.2346149755
839.2210379	-54.429722265
839.248246269	-54.62170412
839.275454638	-54.8107003166
839.302663007	-54.9968330988
839.329871376	-55.1802093783
839.357079746	-55.3609227047
839.384288115	-55.5390567174
839.411496484	-55.71468034
839.438704853	-55.8878574091
839.465913222	-56.0586443794
839.493121592	-56.2270909021
839.520329961	-56.3932410181
839.54753833	-56.557134187
839.574746699	-56.718806071
839.601955068	-56.8782891632
839.629163438	-57.0356133304
839.656371807	-57.1908062886
839.683580176	-57.3438940152
839.710788545	-57.4949011018
839.737996914	-57.6438510539
839.765205284	-57.7907665435
839.807971337	-58.0176263307
839.850737391	-58.2396005264
839.893503445	-58.4567644296
839.936269499	-58.6692031992
839.979035553	-58.8770001199
840.021801607	-59.0802366558
840.06456766	-59.2789941773
840.134300729	-59.5936808898
840.204033797	-59.8970277278
840.273766865	-60.1894030449
840.343499933	-60.4711702147
840.413233001	-60.7426838269
840.52609685	-61.1612608845
840.638960699	-61.5553072941
840.751824547	-61.926238927
840.864688396	-62.2753913181
841.03613719	-62.7668520584
841.207585984	-63.2149890319
841.379034778	-63.623526623
841.67397238	-64.2432191091
841.968909983	-64.7702580647
842.263847586	-65.2173335888
842.558785188	-65.5949108001
842.853722791	-65.9120243833
843.148660394	-66.1765442276
843.443597996	-66.3951696161
843.738535599	-66.5736221137
844.033473202	-66.7168656107
844.328410804	-66.8292331844
844.623348407	-66.9145079103
844.91828601	-66.9759954041
845.213223612	-67.0165909254
845.508161215	-67.0388404075
845.803098818	-67.0449888761
846.09803642	-67.0370169654
846.392974023	-67.0166745157
846.687911626	-66.9855106987
847.136703245	-66.92029273
847.585494863	-66.8372333415
848.034286482	-66.7398887177
848.732182469	-66.5665006753
849.430078456	-66.3744134957
850.127974443	-66.1701380989
850.825870429	-65.9587889413
851.523766416	-65.7442209359
852.221662403	-65.5292007469
852.91955839	-65.3157612842
853.617454376	-65.1053719646
854.315350363	-64.8990793351
855.01324635	-64.6976308768
855.711142337	-64.5015049661
856.409038323	-64.3109846793
857.10693431	-64.1262267485
857.804830297	-63.9472647325
858.502726284	-63.7740386816
859.20062227	-63.6064575543
859.898518257	-63.4443823391
860.596414244	-63.2876283404
861.294310231	-63.1359883368
861.992206217	-62.9892734891
862.690102204	-62.8472680236
863.387998191	-62.709755619
864.085894178	-62.5765359652
864.783790164	-62.4473724415
865.481686151	-62.3220414982
866.179582138	-62.2003451903
866.877478125	-62.0821067837
867.575374111	-61.9672056584
868.273270098	-61.8555220865
868.971166085	-61.7468551572
869.669062072	-61.641033389
870.366958059	-61.537965672
871.064854045	-61.437495219
871.762750032	-61.339441065
872.460646019	-61.2437329367
873.158542006	-61.1502060542
873.856437992	-61.0586210837
874.554333979	-60.9688613688
875.252229966	-60.8809439004
875.950125953	-60.7948815727
876.648021939	-60.710636936
877.345917926	-60.6281043953
878.043813913	-60.5471663296
878.7417099	-60.4676826629
879.439605886	-60.3895535284
880.137501873	-60.3127120178
880.83539786	-60.2371066237
881.533293847	-60.1626448507
882.231189833	-60.0893031211
882.92908582	-60.0170267594
883.626981807	-59.9457241172
884.324877794	-59.8753447645
885.02277378	-59.8058841702
885.720669767	-59.7371554606
886.418565754	-59.6691383244
886.815739762	-59.6308030869
887.212913771	-59.5928029003
887.610087779	-59.5550843684
888.007261787	-59.5175573281
888.404435796	-59.4801436312
888.801609804	-59.4428210943
889.198783812	-59.4055877374
889.856697659	-59.3441416406
890.514611506	-59.2829947701
891.689243082	-59.1744781337
892.863874659	-59.0666399942
895.417988119	-58.832788029
897.972101578	-58.5976750353
900.526215038	-58.3586413363
903.080328497	-58.1062765049
905.634441957	-57.8361923673
908.188555416	-57.5368710924
909.577376775	-57.3556171737
910.966198134	-57.154763167
912.355019494	-56.9284172781
913.743840853	-56.6712390334
915.132662212	-56.3619897651
916.521483571	-55.9884214206
917.058204786	-55.8103821329
917.594926	-55.6023660469
918.131647215	-55.3638103784
918.66836843	-55.0804180149
919.205089644	-54.7351911906
919.741810859	-54.3077448858
919.875991163	-54.1806126445
920.010171466	-54.0403828335
920.14435177	-53.887114782
920.361312272	-53.6045714203
920.415552398	-53.526798446
920.469792523	-53.4453902433
920.560624929	-53.2995825577
920.651457334	-53.1403714563
920.74228974	-52.9648066826
920.764997841	-52.9181829566
920.787705943	-52.8702634321
920.825282724	-52.7878169107
920.872764034	-52.6774881349
920.920245344	-52.5593261204
920.967726654	-52.4318102994
920.979596981	-52.3982701995
920.991467309	-52.3639808825
921.018117611	-52.2839987083
921.044767913	-52.1993009455
921.071418215	-52.1089750528
921.084206118	-52.063308132
921.096994022	-52.0158800016
921.109781925	-51.9664537612
921.122569829	-51.9147387068
921.135357732	-51.8603755892
921.148145636	-51.8029211888
921.16093354	-51.7418322107
921.173721443	-51.6764466578
921.186509347	-51.6059614655
921.19929725	-51.5294062767
921.212085154	-51.4456174395
921.224873057	-51.3532236607
921.237660961	-51.2506615927
921.250448864	-51.1362379643
921.263236768	-51.0082406354
921.276024671	-50.8650851293
921.288812575	-50.7054680965
921.301600479	-50.5285054916
921.314388382	-50.3338152944
921.327176286	-50.1214700959
921.339964189	-49.8917634052
921.352752093	-49.6448117669
921.365539996	-49.380231549
921.3783279	-49.0970138843
921.391115803	-48.7936160075
921.403903707	-48.4681374454
921.41669161	-48.1185150391
921.429479514	-47.7426810559
921.442267418	-47.3387009998
921.455055321	-46.904963887
921.467843225	-46.4404923427
921.480631128	-45.9452527902
921.493419032	-45.4202483607
921.506206935	-44.867192677
921.518994839	-44.28774094
921.531782742	-43.6824980894
921.544570646	-43.0501441144
921.557358549	-42.3868679765
921.570146453	-41.6860176934
921.582934356	-40.9376683319
921.59572226	-40.1274284045
921.608510164	-39.2348528642
921.621298067	-38.2300949152
921.629280905	-37.5285000242
921.637263743	-36.7522889346
921.64524658	-35.8825321579
921.650001293	-35.3113486949
921.654756006	-34.6943833686
921.659510719	-34.0271232322
921.664265432	-33.3061010095
921.669020145	-32.5292636722
921.673774858	-31.6962028749
921.678529571	-30.8079299587
921.683284284	-29.8662266644
921.688038997	-28.8728238757
921.69279371	-27.8287939314
921.697548423	-26.7343113393
921.702303136	-25.5887339417
921.707057848	-24.3907995578
921.711812561	-23.1388916292
921.716567274	-21.8312863163
921.721321987	-20.4663345729
921.728492079	-18.2965274499
921.73566217	-15.9899113893
921.742832262	-13.5467947289
921.750002353	-10.9735131108
921.757172445	-8.28178918826
921.764342537	-5.4898564244
921.771512628	-2.62548522131
921.77868272	0.275752562045
921.785852811	3.17282399184
921.793022903	6.02255832147
921.800192994	8.78444476045
921.807363086	11.4199700746
921.814533177	13.9002403338
921.821703269	16.2058042083
921.82887336	18.3262117231
921.836043452	20.2589299348
921.843213543	22.0078212907
921.850383635	23.581381051
921.857553726	24.9910396392
921.864723818	26.249746502
921.87189391	27.3707525324
921.879064001	28.3675444415
921.886234093	29.2525109572
921.893404184	30.0374489408
921.900574276	30.7329917477
921.907744367	31.3487710005
921.914914459	31.893498696
921.92208455	32.3750015211
921.929254642	32.800256413
921.936424733	33.1754330317
921.943594825	33.5059522157
921.950764916	33.7965459674
921.957935008	34.0513241218
921.9651051	34.2738443377
921.972275191	34.4671801715
921.979445283	34.6339843788
921.986615374	34.7765461581
921.993785466	34.896842053
922.000955557	34.9965808413
922.008125649	35.0772430197
922.01529574	35.140113725
922.022465832	35.1863187348
922.029635923	35.2168435914
922.036806015	35.2325573706
922.043976106	35.2342279379
922.051146198	35.2225377822
922.05831629	35.1980905238
922.065486381	35.1614205416
922.072656473	35.1129994983
922.079826564	35.0532426898
922.086996656	34.9825160291
922.094166747	34.9011437547
922.101336839	34.8094165344
922.10850693	34.7075994159
922.115677022	34.5959390622
922.122847113	34.4746698711
922.130017205	34.3440187856
922.137187296	34.2042087816
922.144357388	34.0554611465
922.15152748	33.8979967329
922.158697571	33.7320361682
922.165867663	33.5578006255
922.173037754	33.3755101001
922.180207846	33.185384131
922.187377937	32.9876403368
922.194548029	32.7824943729
922.20171812	32.5701597038
922.208888212	32.3508474107
922.216058303	32.1247661237
922.223228395	31.8921220379
922.230398486	31.6531189664
922.237568578	31.4079583799
922.24473867	31.1568393761
922.251908761	30.8999585508
922.259078853	30.6375097667
922.266248944	30.3696838416
922.273419036	30.0966681792
922.280589127	29.8186463787
922.287759219	29.5357978563
922.29492931	29.2482975019
922.302099402	28.9563152983
922.309269493	28.6600164299
922.316439585	28.3595606678
922.323609676	28.0551024419
922.330779768	27.7467907805
922.33794986	27.4347692574
922.345119951	27.1191759759
922.352290043	26.8001435902
922.359460134	26.4777993556
922.366630226	26.1522652084
922.373800317	25.8236578727
922.380970409	25.492088994
922.3881405	25.157665297
922.395310592	24.820488765
922.402480683	24.4806568383
922.409650775	24.138262629
922.416820866	23.7933951512
922.423990958	23.4461395623
922.431161049	23.0965774125
922.438331141	22.7447868984
922.445501233	22.3908431339
922.452671324	22.0348183409
922.459841416	21.6767821296
922.467011507	21.3168017295
922.474181599	20.9549421743
922.48135169	20.5912664786
922.488521782	20.2258358024
922.495691873	19.8587095931
922.502861965	19.4899457089
922.510032056	19.1196005229
922.517202148	18.7477290137
922.524372239	18.3743848405
922.531542331	17.9996204088
922.538712423	17.623486926
922.545882514	17.2460344493
922.553052606	16.8673119272
922.560222697	16.4873672364
922.571147659	15.9062066815
922.582072622	15.3224783509
922.592997584	14.7363384692
922.603922546	14.1479379868
922.614847508	13.5574227245
922.625772471	12.9649336958
922.636697433	12.370607354
922.647622395	11.7745759065
922.658547357	11.176970684
922.66947232	10.577929863
922.680397282	9.97760119513
922.691322244	9.37613295464
922.702247206	8.77366577953
922.713172168	8.17033505246
922.724097131	7.56627374267
922.735022093	6.96160996598
922.745947055	6.35646639021
922.756872017	5.75095987455
922.76779698	5.14519841602
922.778721942	4.53928158562
922.789646904	3.93330443932
922.800571866	3.32736213615
922.811496829	2.72155071458
922.822421791	2.11595915895
922.833346753	1.51066426223
922.844271715	0.905736294721
922.855196678	0.301243934699
922.86612164	-0.302736815891
922.877046602	-0.906128655444
922.887971564	-1.50886912779
922.898896526	-2.11090820962
922.909821489	-2.71219575073
922.920746451	-3.31267751153
922.931671413	-3.91229199471
922.942596375	-4.51098797554
922.953521338	-5.10873225323
922.9644463	-5.70549501374
922.975371262	-6.30124318523
922.986296224	-6.89593520824
922.997221187	-7.48952191596
923.008146149	-8.08197143302
923.019071111	-8.67326518289
923.029996073	-9.26337947828
923.040921036	-9.85225356123
923.051845998	-10.4398267363
923.06277096	-11.0260715151
923.073695922	-11.6109631645
923.084620885	-12.1944638602
923.095545847	-12.7763530223
923.106470809	-13.3564894982
923.117395771	-13.9347638442
923.128320733	-14.5110518313
923.139245696	-15.0852136844
923.150170658	-15.657112906
923.16109562	-16.226618402
923.172020582	-16.7936078336
923.182945545	-17.3579649948
923.193870507	-17.9195624554
923.204795469	-18.4782530267
923.215720431	-19.0338825593
923.226645394	-19.5863025754
923.237570356	-20.135367382
923.248495318	-20.6809284099
923.25942028	-21.2228363281
923.270345243	-21.7609467275
923.281270205	-22.2951232334
923.292195167	-22.8252383268
923.303120129	-23.3511741391
923.314045091	-23.8728239223
923.330537152	-24.651971604
923.347029212	-25.420872769
923.363521272	-26.1793150223
923.380013332	-26.9271363948
923.396505392	-27.6642201457
923.412997452	-28.3904861665
923.429489513	-29.1058784458
923.445981573	-29.810356812
923.462473633	-30.5038909755
923.478965693	-31.1864491455
923.495457753	-31.8579868275
923.511949813	-32.5184430701
923.528441873	-33.1677392286
923.544933934	-33.8057753969
923.561425994	-34.4324317668
923.577918054	-35.047571843
923.594410114	-35.6510377466
923.610902174	-36.2426500074
923.627394234	-36.8222175266
923.643886294	-37.3895470132
923.660378355	-37.9444548915
923.676870415	-38.4867590208
923.693362475	-39.0162788687
923.709854535	-39.5328482313
923.726346595	-40.036336956
923.742838655	-40.5266483918
923.759330715	-41.0037026336
923.775822776	-41.4674496535
923.800714861	-42.1422635102
923.825606947	-42.7870770114
923.850499032	-43.4024614545
923.875391118	-43.9892814765
923.900283204	-44.5483846735
923.925175289	-45.0806977323
923.950067375	-45.5873242398
923.97495946	-46.0693776302
923.999851546	-46.5279999003
924.024743631	-46.9643823939
924.049635717	-47.3797612852
924.074527803	-47.7753932285
924.099419888	-48.1525300372
924.124311974	-48.5124017602
924.149204059	-48.8562059031
924.174096145	-49.1850985839
924.19898823	-49.5001864876
924.223880316	-49.80252045
924.248772402	-50.0930912675
924.273664487	-50.3728274983
924.298556573	-50.6425906952
924.323448658	-50.903192527
924.348340744	-51.1553682477
924.373232829	-51.3998028066
924.398124915	-51.6371169812
924.423017001	-51.8678778602
924.447909086	-52.0926019621
924.472801172	-52.3117575377
924.497693257	-52.5257674805
924.522585343	-52.7350126055
924.547477428	-52.939835
924.572369514	-53.1405418402
924.5972616	-53.337406651
924.622153685	-53.5306742152
924.647045771	-53.7205628006
924.671937856	-53.9072665205
924.696829942	-54.090957762
924.721722027	-54.2717894545
924.746614113	-54.4498971269
924.771506199	-54.6254007793
924.796398284	-54.7984065951
924.82129037	-54.9690085024
924.846182455	-55.1372895891
924.871074541	-55.3033233826
924.909031642	-55.552314418
924.946988743	-55.7964307323
924.984945844	-56.0358312432
925.022902945	-56.270661829
925.060860045	-56.5010513467
925.098817146	-56.727089669
925.136774247	-56.9488683091
925.174731348	-57.1664688736
925.212688449	-57.3799638625
925.25064555	-57.589419668
925.288602651	-57.7948988162
925.326559752	-57.9964613181
925.364516853	-58.1941655626
925.402473954	-58.3880689849
925.440431055	-58.5782285664
925.478388156	-58.7647011803
925.537506154	-59.0479183058
925.596624151	-59.3225446841
925.655742149	-59.5888046608
925.771247883	-60.0857219599
925.886753617	-60.5531364444
926.002259351	-60.9926675353
926.117765085	-61.4059595252
926.233270819	-61.7944545288
926.348776553	-62.1595700496
926.464282287	-62.5027042913
926.579788021	-62.8251702372
926.782431205	-63.3445079592
926.985074389	-63.8098178923
927.187717574	-64.2264876105
927.390360758	-64.5992796669
927.697343378	-65.0896216631
928.004325998	-65.5015083862
928.311308619	-65.8456755168
928.797474226	-66.2739013863
929.283639834	-66.583978278
929.769805442	-66.7988640641
930.255971049	-66.9369563234
930.742136657	-67.0131191621
931.0	-67.0325429326
931.0	-67.0325429326
931.000525986	-67.0508866622
931.001051972	-67.0669513711
931.002098093	-67.0944424434
931.003144215	-67.1192328635
931.005146757	-67.1609455379
931.007149299	-67.1987503928
931.010642969	-67.2589662477
931.014136639	-67.3132458735
931.022357344	-67.4243974557
931.03057805	-67.5180005088
931.038798755	-67.5997078431
931.04701946	-67.6729093307
931.060127965	-67.7775625819
931.07323647	-67.8703370224
931.086344975	-67.9541552357
931.108261799	-68.0793674261
931.130178623	-68.1902611532
931.171933514	-68.3731649074
931.213688404	-68.5310936613
931.255443294	-68.6719222503
931.297198185	-68.7996072627
931.338953075	-68.9168731057
931.406113893	-69.0886348489
931.473274711	-69.2453215403
931.540435529	-69.3911523072
931.607596347	-69.5285669126
931.716832759	-69.7374833674
931.826069171	-69.9324547138
931.935305584	-70.1164401865
932.104411918	-70.3833801744
932.273518253	-70.6322773524
932.533960677	-70.9866844768
932.93396035	-71.4764261413
933.333960023	-71.9113676686
933.733959696	-72.2999979738
934.133959368	-72.6502031051
934.533959041	-72.9679803493
934.933958714	-73.2575556535
935.333958387	-73.5216887171
935.939538912	-73.8782745692
936.545119436	-74.1888434879
937.15069996	-74.4593118949
937.756280485	-74.6944033807
938.361861009	-74.8979433787
938.967441533	-75.0730905817
939.573022058	-75.2226218047
940.178602582	-75.3489691769
940.784183107	-75.4541937373
941.389763631	-75.540094509
941.995344155	-75.6082975948
942.60092468	-75.6602793003
943.206505204	-75.6974049563
943.812085729	-75.7209296713
944.417666253	-75.732002129
945.023246777	-75.7316719023
945.628827302	-75.7208803595
946.234407826	-75.7004571559
946.839988351	-75.6711737723
947.445568875	-75.6338025049
948.051149399	-75.5891165859
948.656729924	-75.5378596188
949.262310448	-75.4807192821
949.867890972	-75.4183087406
950.473471497	-75.351173723
951.079052021	-75.2798147464
951.684632546	-75.2047054672
952.29021307	-75.1262983219
952.895793594	-75.0450229588
953.501374119	-74.961279763
954.106954643	-74.8754389635
954.529153894	-74.8145369029
954.951353145	-74.7529013382
955.373552396	-74.690645814
955.795751647	-74.6278726427
956.217950898	-74.5646688083
956.640150149	-74.5011100238
957.0623494	-74.4372687794
957.484548651	-74.3732209176
957.906747902	-74.3090456524
958.328947153	-74.2448196617
958.751146405	-74.1806132909
959.173345656	-74.1164906483
959.595544907	-74.0525097973
960.017744158	-73.9887254189
960.439943409	-73.9251914773
960.86214266	-73.8619578391
961.284341911	-73.7990694815
961.706541162	-73.7365704712
962.128740413	-73.6745007882
962.423624155	-73.6314205354
962.718507897	-73.5885772705
963.013391639	-73.5459882445
963.308275381	-73.5036719657
963.603159123	-73.4616405209
963.898042865	-73.4198980366
964.192926608	-73.3784453064
964.48781035	-73.3372848167
964.782694092	-73.2964227092
965.077577834	-73.2558675765
965.372461576	-73.2156279763
965.667345318	-73.1757110391
965.96222906	-73.1361226652
966.40468475	-73.0773506474
966.84714044	-73.0193465447
967.289596129	-72.9621249021
967.732051819	-72.9056985125
968.423136965	-72.8191810786
969.114222111	-72.734666771
970.184612306	-72.6077842005
971.255002501	-72.4858524239
973.078918088	-72.2894683203
974.902833674	-72.107387211
976.726749261	-71.9389496443
978.550664848	-71.7837686785
980.374580434	-71.6411676002
982.198496021	-71.5104050288
984.022411607	-71.3905699361
985.846327194	-71.2809096605
987.67024278	-71.1808999679
989.494158367	-71.0895219108
991.318073954	-71.0061400391
993.14198954	-70.9301366951
994.965905127	-70.8609612758
996.789820713	-70.7980163647
998.6137363	-70.740498363
999.426269092	-70.7164996174
1000.23880188	-70.6934621479
1001.05133468	-70.6713455904
1001.86386747	-70.6501058698
1002.67640026	-70.6296990851
1003.48893305	-70.6100826756
1004.30146584	-70.5912100593
1005.11399864	-70.5730466731
1005.92653143	-70.5555643606
1006.73906422	-70.5387259926
1007.55159701	-70.5224994107
1008.3641298	-70.506864436
1009.1766626	-70.491793082
1009.98919539	-70.4772523877
1010.80172818	-70.4632233262
1011.61426097	-70.4496874751
1012.42679377	-70.4366142276
1013.23932656	-70.4239814298
1014.05185935	-70.4117777456
1014.86439214	-70.3999798359
1015.67692493	-70.3885641953
1016.48945773	-70.3775178803
1017.30199052	-70.3668239186
1018.11452331	-70.3564630325
1018.9270561	-70.3464219172
1019.73958889	-70.3366892692
1020.55212169	-70.3272481443
1021.78214567	-70.3134757057
1023.01216965	-70.3003014652
1024.24219363	-70.2876821402
1025.47221761	-70.2755854524
1026.70224159	-70.2639833037
1027.93226557	-70.252834269
1029.16228955	-70.2421071255
1030.39231353	-70.2317936696
1031.62233751	-70.2218590196
1032.85236149	-70.2122729288
1034.08238547	-70.2030375323
1035.31240944	-70.194118068
1036.54243342	-70.1854635056
1037.7724574	-70.1770905486
1039.00248138	-70.168989061
1040.23250536	-70.1611105064
1041.46252934	-70.1534526903
1042.69255332	-70.1460149787
1043.9225773	-70.1387800557
1045.15260128	-70.1317656082
1046.38262526	-70.1249654149
1047.61264924	-70.1183450422
1048.84267322	-70.111896562
1050.0726972	-70.1056118313
1051.30272118	-70.0994784548
1052.53274516	-70.0935137662
1053.76276914	-70.0877160845
1054.99279312	-70.082066179
1056.2228171	-70.0765467659
1057.45284108	-70.0711381918
1060.22305064	-70.0594276768
1062.99326019	-70.0482501796
1065.76346975	-70.0376097864
1068.5336793	-70.0276384197
1071.30388885	-70.0180328397
1072.8023756	-70.0129824408
1074.30086235	-70.0080320627
1075.7993491	-70.003206283
1077.29783584	-69.9985004083
1078.79632259	-69.9938831711
1080.29480934	-69.9893726302
1081.79329609	-69.9850145765
1083.29178283	-69.9807957504
1084.79026958	-69.9766972354
1086.28875633	-69.9726950097
1087.78724308	-69.9687382148
1089.28572982	-69.9648281665
1090.78421657	-69.9609918846
1092.28270332	-69.9572114385
1093.78119006	-69.9534929969
1095.27967681	-69.9499164792
1096.77816356	-69.9464843663
1098.27665031	-69.9431453274
1099.77513705	-69.9398505654
1101.2736238	-69.9366105586
1102.77211055	-69.9334241748
1104.2705973	-69.9302695351
1105.76908404	-69.9271795915
1107.26757079	-69.9241628461
1108.76605754	-69.9211821906
1110.26454428	-69.9182625895
1111.76303103	-69.9154161313
1113.26151778	-69.9126194399
1114.76000453	-69.9099094736
1116.25849127	-69.9072884662
1117.75697802	-69.9046926448
1119.25546477	-69.9021492402
1120.75395152	-69.8996699785
1122.25243826	-69.8972646288
1123.75092501	-69.8949279753
1125.24941176	-69.8926545056
1126.74789851	-69.8904354049
1128.24638525	-69.8882656979
1129.744872	-69.886128365
1131.0	-69.8843651589
1131.0	-69.8843651589
