t	v
0.0	-80.0
0.00020146094385135464	-79.99877351075511
0.0011484764204297644	-79.9935866902471
0.0036824041558533045	-79.981443923328
0.008702259610668353	-79.96083192187392
0.013722115065483402	-79.94244599072495
0.02266557079715867	-79.913815340784
0.03160902652883393	-79.88781294231254
0.045337184731014286	-79.85165676024303
0.06662511869244232	-79.79964053006114
0.08791305265387035	-79.75159605001271
0.13710375987162493	-79.65069530500404
0.1862944670893795	-79.56025650142993
0.23548517430713406	-79.4767791706607
0.28467588152488865	-79.39828886686816
0.36072203028823674	-79.28385394229878
0.4367681790515848	-79.17623802264805
0.5128143278149329	-79.07390613073487
0.6407729496917842	-78.91088577863997
0.7687315715686356	-78.75696133396609
1.0120122999633399	-78.48315399649435
1.2552930283580441	-78.22726050882792
1.4985737567527484	-77.9849399276038
1.7418544851474527	-77.75399703590344
1.985135213542157	-77.53293059277479
2.43160854887192	-77.14928819031066
2.8780818842016833	-76.7895125801396
3.3245552195314465	-76.4498957071528
3.7710285548612097	-76.12821719501049
4.499149858806566	-75.6387108120503
5.227271162751923	-75.18838849581542
5.95539246669728	-74.77361141713985
7.0751351235666835	-74.19932652052587
8.194877780436087	-73.69563392740511
9.314620437305491	-73.2561795808055
11.292863434684199	-72.62006227835606
13.271106432062906	-72.14000983726928
15.249349429441613	-71.79151326746236
17.22759242682032	-71.55133913115544
19.205835424199027	-71.40043044531022
21.184078421577734	-71.32117486344953
23.16232141895644	-71.29766701806746
25.14056441633515	-71.32048324667106
27.118807413713856	-71.37826623300101
29.097050411092564	-71.4603852253888
31.07529340847127	-71.56342723860661
33.053536405849975	-71.68046899700694
35.03177940322868	-71.80803956189759
37.01002240060739	-71.94497254060194
38.9882653979861	-72.08010934584871
40.966508395364805	-72.21524016061106
42.94475139274351	-72.35494973685223
44.92299439012222	-72.48944219490352
46.90123738750093	-72.61633781852687
48.879480384879635	-72.73516929891085
50.85772338225834	-72.85118582611022
52.83596637963705	-72.96564006972629
54.81420937701576	-73.07300825642479
56.792452374394465	-73.17488872962186
58.77069537177317	-73.27110597977315
60.74893836915188	-73.35646237333869
62.72718136653059	-73.43595270157968
64.70542436390929	-73.51068199431815
66.68366736128799	-73.57919036900613
68.66191035866669	-73.64543312113767
70.64015335604539	-73.70507334789225
72.61839635342409	-73.7557834768801
74.59663935080279	-73.80635240714452
76.57488234818149	-73.85003991045765
78.55312534556019	-73.88525254428448
80.53136834293889	-73.92471955681822
82.50961134031759	-73.95987866019361
84.48785433769629	-73.98823226985795
86.46609733507499	-74.01367218812449
88.44434033245369	-74.03060752204243
90.42258332983239	-74.04588722054935
92.40082632721109	-74.06190000603652
94.37906932458979	-74.0739359660496
96.3573123219685	-74.08397274451907
98.3355553193472	-74.09499239590812
100.3137983167259	-74.10168931299886
102.2920413141046	-74.10690906533445
104.2702843114833	-74.11266091040179
106.248527308862	-74.11598183532215
108.2267703062407	-74.11992479145495
110.2050133036194	-74.12493882881145
112.1832563009981	-74.12582404527627
114.1614992983768	-74.12824880265399
116.1397422957555	-74.13206984324098
118.1179852931342	-74.12963416527919
120.0962282905129	-74.13120516271366
122.0744712878916	-74.13491178912814
124.0527142852703	-74.12911291709148
125.41666590644964	-74.12387627870096
126.78061752762898	-74.12223247640914
128.14456914880833	-74.12360287534702
129.50852076998768	-74.12579867716525
130.87247239116704	-74.1272301907458
133.10631386149728	-74.12854993260923
135.34015533182753	-74.12796031355849
137.57399680215778	-74.1272120686807
139.80783827248803	-74.12677468299671
143.97864645524902	-74.12552545955751
148.14945463801	-74.12481897896119
155.52701575520467	-74.1228812043585
170.29645022000446	-74.12202213389926
185.06588468480425	-74.12049179111366
199.83531914960403	-74.1195946889885
214.60475361440382	-74.1207030911921
229.3741880792036	-74.12012323086586
244.1436225440034	-74.11989609030955
268.60105963730814	-74.12202662164133
293.0584967306129	-74.12019744826092
317.51593382391763	-74.12352254502693
341.9733709172224	-74.11999706626655
366.43080801052713	-74.11650331028197
380.18908489455794	-74.12229489286906
393.94736177858874	-74.12061504253589
407.70563866261955	-74.1225203887863
421.46391554665036	-74.12478707556478
431.1317504982666	-74.12315289245572
440.7995854498829	-74.12303740994568
450.46742040149917	-74.12344547081943
465.81519139945806	-74.12251672347908
481.16296239741695	-74.12264824674708
496.51073339537584	-74.12333971389346
519.7527223264673	-74.12199527179547
530.9999999999882	-74.1226546709157
531.0000000000059	-74.1226546709157
531.0000670217729	-74.1259773446196
531.000261443376	-74.13518803369466
531.0007504971405	-74.15673225286989
531.0015089572715	-74.18779992517763
531.0027080394424	-74.23327830496518
531.0039071216132	-74.27606291684755
531.0060743780529	-74.34872537171115
531.0094470550619	-74.45156388510134
531.0160445242103	-74.62679144334055
531.0226419933588	-74.77695052843721
531.0292394625072	-74.91091773968257
531.0358369316557	-75.03411186074734
531.0424344008042	-75.14963527211394
531.0536770453517	-75.33417837556426
531.0649196898993	-75.50572085850544
531.0828399224562	-75.75842624071504
531.1007601550131	-75.99100472982508
531.1334182707865	-76.3758417263281
531.1660763865599	-76.72401952962052
531.1987345023333	-77.04469848842525
531.2313926181067	-77.34281080076357
531.2640507338801	-77.62182326480293
531.3176501212238	-78.04519104352528
531.3712495085674	-78.43397328568753
531.424848895911	-78.79501329835166
531.5058456396368	-79.29763792101026
531.5868423833626	-79.75822139087163
531.6678391270884	-80.18438407559883
531.8211641993631	-80.91647356344721
531.9744892716378	-81.57065208486631
532.1278143439125	-82.16218098607517
532.2811394161872	-82.70340443102069
532.4344644884619	-83.20431476360872
532.6668439123695	-83.90152183570001
532.899223336277	-84.53771251281654
533.1316027601846	-85.12361171054776
533.3639821840922	-85.66756633279867
533.5963616079997	-86.17637953648104
533.9786239678375	-86.9503729705619
534.3608863276753	-87.65979293941571
534.7431486875131	-88.31560499312485
535.1254110473509	-88.92591972732123
535.5076734071887	-89.49724360299788
536.1375615438113	-90.36680458147454
536.767449680434	-91.16039297058691
537.3973378170566	-91.88867837118616
538.353419497457	-92.88715241499098
539.3095011778574	-93.77407931857893
540.2655828582579	-94.56279045686966
541.2216645386583	-95.26341577473153
542.1777462190587	-95.88434517414063
543.1338278994591	-96.43204789248556
544.8114364444324	-97.23106682147231
546.4890449894057	-97.8423829538661
548.166653534379	-98.28508021045789
549.8442620793522	-98.57791181361036
551.5218706243255	-98.73849502369382
554.0471281426585	-98.76592447604348
556.5723856609915	-98.5810230036665
559.0976431793245	-98.23106202796872
561.6229006976574	-97.75867673655877
564.1481582159904	-97.20140557380252
566.6734157343234	-96.59157620028535
570.4709303740514	-95.63370602583551
574.2684450137793	-94.68890799883883
578.0659596535073	-93.80745518280364
581.8634742932353	-93.02079930015545
585.6609889329633	-92.34467899638354
589.4585035726913	-91.78314832301336
593.2560182124192	-91.33150970944777
597.0535328521472	-90.9805613630665
600.8510474918752	-90.71807830497684
604.6485621316032	-90.53028068822682
608.4460767713311	-90.40392253713625
612.2435914110591	-90.32652459946846
616.0411060507871	-90.28644751433721
619.8386206905151	-90.27407245586089
623.6361353302431	-90.28144346499452
627.433649969971	-90.3015856766479
631.231164609699	-90.32946238698815
635.028679249427	-90.36131294172633
638.826193889155	-90.39367327313172
642.623708528883	-90.42476844135133
646.4212231686109	-90.45369460659737
650.2187378083389	-90.47936150493766
654.0162524480669	-90.50083129548625
657.8137670877949	-90.51799292710047
661.6112817275229	-90.53131910131354
665.4087963672508	-90.54137911284217
669.2063110069788	-90.54866719511632
673.0038256467068	-90.55352014932019
676.8013402864348	-90.55627922361964
680.5988549261627	-90.55740856124163
684.3963695658907	-90.55733692754816
688.1938842056187	-90.55638067656962
691.9913988453467	-90.55483378308571
695.7889134850747	-90.55293396271342
699.5864281248026	-90.55081175651655
703.3839427645306	-90.54866613063885
707.1814574042586	-90.54662788271047
710.9789720439866	-90.54465535710723
714.7764866837146	-90.54291431127842
717.4230009708878	-90.541939034235
720.069515258061	-90.54105989703719
722.7160295452342	-90.54012538359369
725.3625438324074	-90.5391298693123
728.0090581195806	-90.53822558537578
730.6555724067538	-90.53754367269286
733.302086693927	-90.53706132507075
735.9486009811002	-90.53669779843798
738.5951152682734	-90.53638333598258
741.2416295554466	-90.53607678608213
743.8881438426198	-90.53583447341843
746.534658129793	-90.53567263864856
749.1811724169662	-90.53552732351132
751.8276867041394	-90.53542645293842
754.4742009913126	-90.53535809416022
757.1207152784858	-90.53527014777033
759.767229565659	-90.53523728664828
762.4137438528322	-90.53522489159101
765.0602581400054	-90.53517290231215
767.7067724271786	-90.5351824092914
770.3532867143518	-90.53523750247436
772.999801001525	-90.53529636992779
775.6463152886982	-90.53541035454873
778.2928295758715	-90.53557768887349
780.9393438630447	-90.53573163624526
783.5858581502179	-90.53580039777403
786.2323724373911	-90.53572395797087
788.8788867245643	-90.5355823920496
791.5254010117375	-90.53547022060611
794.1719152989107	-90.53536251615665
796.8184295860839	-90.53528542080022
799.4649438732571	-90.53522817198957
802.1114581604303	-90.53513305960443
804.7579724476035	-90.53508097056847
807.4044867347767	-90.53505703304818
810.0510010219499	-90.53499544623328
812.6975153091231	-90.53500199386795
815.3440295962963	-90.5351165309365
817.9905438834695	-90.53526735834545
820.6370581706427	-90.535398398404
823.2835724578159	-90.53543164175363
825.9300867449891	-90.53536939802132
828.5766010321623	-90.53529093623114
831.2231153193355	-90.53521437183105
833.8696296065087	-90.53514153963005
836.5161438936819	-90.53507338541075
839.1626581808551	-90.53499599612259
841.8091724680284	-90.53494080934487
844.4556867552016	-90.53492180972535
847.1022010423748	-90.53490061239285
849.748715329548	-90.5348915426366
852.3952296167212	-90.5348958491959
855.0417439038944	-90.53488401686842
857.6882581910676	-90.53489143990288
860.3347724782408	-90.53490925280462
862.981286765414	-90.53490389657364
865.6278010525872	-90.53492084393736
868.2743153397604	-90.53493946056912
870.9208296269336	-90.5349320813229
873.5673439141068	-90.53495587064666
876.21385820128	-90.53500499372844
878.8603724884532	-90.53507292972301
881.5068867756264	-90.53518706745356
884.1534010627996	-90.53531992969836
886.7999153499728	-90.53541556813305
889.446429637146	-90.53544454802986
892.0929439243192	-90.53539213127756
894.7394582114924	-90.53530824510163
897.3859724986656	-90.53524146009741
900.0324867858388	-90.53517130128894
902.679001073012	-90.53511406374228
905.3255153601852	-90.53507463779495
907.9720296473585	-90.53501627072987
910.6185439345317	-90.53498036137725
913.2650582217049	-90.53496745708259
915.9115725088781	-90.53492963632655
918.5580867960513	-90.53491254724302
921.2046010832245	-90.53492975418582
923.8511153703977	-90.53494820721347
926.4976296575709	-90.53498659675891
929.1441439447441	-90.535047335329
930.9999999999793	-90.5350894293058
931.0000000000103	-90.5350894293058
931.0000670217264	-90.53176678082377
931.0002614438337	-90.52255632918872
931.0007505055478	-90.50101349836295
931.0015090011547	-90.469949340486
931.0027081926564	-90.4244795610263
931.0039073841582	-90.38170803230348
931.0060747509167	-90.30908040872154
931.0094470055309	-90.20633182737062
931.0160428156257	-90.03134352275929
931.0226386257206	-89.88146357074464
931.0292344358154	-89.74780703525035
931.0358302459102	-89.62494920803654
931.0424260560051	-89.50978366392819
931.0536647160984	-89.32590895189924
931.0649033761918	-89.15507681922071
931.0828170313591	-88.90357722610258
931.1007306865265	-88.67227458099136
931.1333755297934	-88.28991041794757
931.1660203730603	-87.94432147930033
931.1986652163272	-87.62631076269165
931.2313100595941	-87.33092069462785
931.263954902861	-87.05466918114993
931.3175549718728	-86.6357255705774
931.3711550408847	-86.25143770375705
931.4247551098965	-85.8949335977776
931.5057234478986	-85.39938770053679
931.5866917859007	-84.94590254221677
931.6676601239028	-84.52686454994141
931.8212585172538	-83.8069157108164
931.9748569106048	-83.16538882992381
932.1284553039558	-82.58702995779905
932.2820536973068	-82.05948044207507
932.4356520906578	-81.57272904178502
932.668959758779	-80.89647486252206
932.9022674269003	-80.28254070511618
933.1355750950215	-79.72009420225757
933.3688827631428	-79.20071276324124
933.602190431264	-78.71753944672932
933.984268238659	-77.99102185568621
934.3663460460539	-77.33113576238267
934.7484238534488	-76.7269229865373
935.1305016608437	-76.1702511810408
935.5125794682386	-75.65456302134841
936.140220163577	-74.88308743113329
936.7678608589155	-74.19191034572891
937.3955015542539	-73.5700459094731
938.3645010613088	-72.72645260275414
939.3335005683638	-72.0043748662266
940.3025000754187	-71.3865493509076
941.2714995824737	-70.86083606693052
942.2404990895286	-70.41623846511855
943.2094985965836	-70.04086847709237
944.1784981036385	-69.72852125779178
945.1474976106934	-69.47365482441406
946.1164971177484	-69.26692023758405
947.0854966248033	-69.10546906184692
948.0544961318583	-68.98400260954092
949.0234956389132	-68.89271830195878
949.9924951459682	-68.8356061124846
950.9614946530231	-68.80762097148576
951.9304941600781	-68.79674930719943
952.899493667133	-68.80825819854196
953.868493174188	-68.8391521792515
954.8374926812429	-68.87915907740401
955.8064921882979	-68.94158691509269
956.5174967399508	-68.99957086627481
957.2285012916038	-69.05448314059322
957.9395058432568	-69.11053461172092
958.6505103949098	-69.17217988245325
959.3615149465628	-69.23677413931924
960.0725194982158	-69.30925654616814
960.7835240498688	-69.38599773621992
961.4945286015218	-69.45917278415573
962.2055331531748	-69.53796899441423
962.9165377048278	-69.62093719690999
963.6275422564808	-69.69965460973324
964.3385468081337	-69.78430310616922
964.8647986333722	-69.85238599511814
965.3910504586106	-69.91644402792701
965.917302283849	-69.9771919092993
966.4435541090875	-70.03840231696144
966.9698059343259	-70.10009085584358
967.4960577595643	-70.16370760655423
968.0223095848028	-70.22883414574395
968.5485614100412	-70.29215305119584
969.0748132352796	-70.35478764222012
969.6010650605181	-70.41870122283709
970.1273168857565	-70.48237494561535
970.6535687109949	-70.54563881957216
971.1798205362334	-70.60892923481228
971.7060723614718	-70.67133044574527
972.2323241867102	-70.7336154927197
972.7585760119487	-70.7963043038423
973.2848278371871	-70.85801421638793
973.8110796624255	-70.91896179258798
974.337331487664	-70.97999346421254
974.8635833129024	-71.04046924835468
975.3898351381408	-71.10033015792999
975.9160869633793	-71.15984913401869
976.4423387886177	-71.21857334336669
976.9685906138561	-71.2767450487015
977.4948424390946	-71.33466363533418
978.021094264333	-71.39178605180575
978.5473460895714	-71.44814198748755
979.0735979148099	-71.50408005555215
979.5998497400483	-71.55934697666432
980.1261015652867	-71.6139048666753
980.6523533905251	-71.66789089947179
981.5117744721216	-71.75411194261721
982.371195553718	-71.83813405715607
983.2306166353145	-71.9208274657235
984.090037716911	-72.0023122015267
984.9494587985074	-72.08222446129459
986.4334799868565	-72.21555797735478
987.9175011752055	-72.34237750576409
989.4015223635546	-72.46332622812633
990.8855435519037	-72.57800484908036
992.3695647402527	-72.68690056097164
993.8535859286018	-72.79109555522967
995.3376071169508	-72.88940047625583
996.8216283052999	-72.98223916767773
998.305649493649	-73.07061394142691
999.789670681998	-73.15305559933358
1001.2736918703471	-73.23068582407483
1002.7577130586961	-73.30436082629275
1004.2417342470452	-73.37221715298486
1005.7257554353943	-73.43613269261927
1007.2097766237433	-73.49653168390687
1008.6937978120924	-73.55129426341489
1010.1778190004414	-73.60239250974514
1011.6618401887905	-73.6504269321428
1013.1458613771396	-73.69486509603219
1014.6298825654886	-73.73670138564165
1016.1139037538377	-73.77511509302607
1017.5979249421868	-73.80977652611062
1019.0819461305358	-73.84184568270291
1020.5659673188849	-73.87100278905666
1022.0499885072339	-73.89741418655501
1023.534009695583	-73.92210222156451
1025.018030883932	-73.94413216067471
1026.502052072281	-73.96398646085962
1027.98607326063	-73.98268070216288
1029.4700944489791	-73.99886574841508
1030.9541156373282	-74.01348927576416
1032.4381368256772	-74.02735431550401
1033.9221580140263	-74.03876997282089
1035.4061792023754	-74.04933882850366
1036.8902003907244	-74.05943165158394
1038.3742215790735	-74.0670760747089
1039.8582427674226	-74.07462018069994
1041.3422639557716	-74.08176529236476
1042.8262851441207	-74.08646194300951
1044.3103063324697	-74.09071309547315
1045.7943275208188	-74.09528541275347
1047.2783487091679	-74.09977888203044
1048.762369897517	-74.10358599806513
1050.246391085866	-74.10645956116983
1053.2145413748365	-74.1104624069038
1056.182691663807	-74.11330884984984
1059.1508419527775	-74.1161460674953
1062.118992241748	-74.1173413488256
1065.0871425307184	-74.11720558265947
1068.055292819689	-74.11737203840423
1071.0234431086594	-74.11629236518417
1073.99159339763	-74.11505452964073
1076.9597436866004	-74.11541144351256
1079.927893975571	-74.11443073639813
1082.8960442645414	-74.11330342903513
1085.8641945535119	-74.11416523702951
1088.8323448424824	-74.11317325675807
1091.8004951314529	-74.11236155047666
1094.7686454204234	-74.11287775849156
1097.7367957093938	-74.11233653026545
1100.7049459983643	-74.11199023383641
1103.6730962873348	-74.11306229361125
1106.6412465763053	-74.11272940258262
1109.6093968652758	-74.11256387192299
1112.5775471542463	-74.1128970514731
1115.5456974432168	-74.1123178627568
1118.5138477321873	-74.11283734960291
1121.4819980211578	-74.1141590062114
1126.1107536630225	-74.11484532279856
1130.7395093048872	-74.1160359758211
1130.999999999975	-74.11608462033273
1131.0000000000127	-74.11608462033273
