t	v
0.0	-70.0
0.00165307242732	-70.0027628789
0.00421168008978	-70.0069028795
0.00806261609671	-70.0129319887
0.0119135521036	-70.0188602568
0.0191177271086	-70.0298072529
0.0263219021136	-70.0405656552
0.0447102984116	-70.0665644843
0.0630986947096	-70.0900965624
0.0814870910076	-70.1108790956
0.109486870371	-70.1374940607
0.137486649734	-70.1588908607
0.204031392659	-70.1950481912
0.270576135584	-70.2183750047
0.337120878509	-70.2347714768
0.403665621434	-70.2465713805
0.470210364359	-70.2547018259
0.575390146358	-70.2616926462
0.736127899843	-70.2630265513
0.896865653328	-70.2579026957
1.05760340681	-70.2490594051
1.2183411603	-70.2376005423
1.49109149041	-70.2135855775
1.90606978184	-70.1702736092
2.32104807327	-70.123629265
2.7360263647	-70.0761261006
3.15100465613	-70.0286451834
3.56598294756	-69.9818523232
4.32654929783	-69.8991408614
5.0871156481	-69.8219047317
5.84768199837	-69.7511744944
6.60824834863	-69.687092481
7.80596835725	-69.5990116521
9.00368836587	-69.5257240439
10.2014083745	-69.4657650938
11.3991283831	-69.4176139369
12.5968483917	-69.3796820584
13.7945684004	-69.3505026175
14.992288409	-69.3288657271
16.1900084176	-69.3135950814
17.3877284262	-69.3036718173
18.5854484348	-69.2982791332
19.7831684435	-69.2965937209
20.9808884521	-69.2979681091
22.1786084607	-69.3018928501
23.3763284693	-69.307808848
24.5740484779	-69.3152712396
25.7717684866	-69.3239705737
26.9694884952	-69.3336969625
28.1672085038	-69.344263707
29.3649285124	-69.3554276467
30.5626485211	-69.3669506985
31.7603685297	-69.3786462322
32.9580885383	-69.3903273048
34.1558085469	-69.40185175
35.3535285555	-69.413192061
36.5512485642	-69.4243161315
37.3056137435	-69.4311711369
38.0599789228	-69.4378839033
38.8143441022	-69.4444527045
39.5687092815	-69.4508843334
40.3230744609	-69.4571911318
41.8876936884	-69.4698683352
43.4523129159	-69.4819560459
45.0169321435	-69.4933469611
46.581551371	-69.5040220461
48.1461705986	-69.5140467657
49.7107898261	-69.5234705704
51.2754090536	-69.532322023
52.8400282812	-69.5406148761
54.4046475087	-69.548293671
55.9692667362	-69.5552739567
57.5338859638	-69.5615374652
59.0985051913	-69.5671955538
60.6631244188	-69.5724569845
62.2277436464	-69.5774168849
63.7923628739	-69.5820576272
65.3569821014	-69.5864257874
66.921601329	-69.5904287297
67.9203543787	-69.5927296882
68.9191074284	-69.5948159737
69.9178604781	-69.5967008833
70.9166135279	-69.5984274292
71.9153665776	-69.6000686116
72.9141196273	-69.6016890935
73.912872677	-69.6032993206
74.9116257268	-69.6048634736
75.9103787765	-69.6063441284
76.9091318262	-69.6077337206
77.9078848759	-69.6090293236
78.9066379257	-69.6102246231
79.9053909754	-69.6113432269
80.9041440251	-69.612416655
81.9028970748	-69.6134525364
82.9016501245	-69.6144497576
83.9004031743	-69.6154034613
84.899156224	-69.6162802079
85.8979092737	-69.6170721584
86.8966623234	-69.6178103175
87.8954153732	-69.6185209446
88.8941684229	-69.6192165319
89.8929214726	-69.6198866156
90.8916745223	-69.6205026198
91.890427572	-69.6210498068
92.8891806218	-69.6215404581
93.8879336715	-69.6219669339
94.8866867212	-69.622316204
95.8854397709	-69.6225979689
96.8841928207	-69.6228431222
97.8829458704	-69.6230812678
98.8816989201	-69.6233230747
99.8804519698	-69.6235711147
100.87920502	-69.6238292504
101.877958069	-69.6240846172
102.876711119	-69.6243157558
103.875464169	-69.6245175071
104.874217218	-69.624691827
105.872970268	-69.6248383798
106.871723318	-69.6249813463
107.870476368	-69.6251537636
108.869229417	-69.6253669521
109.867982467	-69.6256179373
110.866735517	-69.6258839792
111.865488566	-69.6261220862
112.864241616	-69.626309079
113.862994666	-69.6264408217
114.861747716	-69.6265110885
115.860500765	-69.6265485264
116.859253815	-69.626594742
117.450249194	-69.6266290178
118.041244573	-69.6266547923
118.632239952	-69.6266625646
119.223235331	-69.6266511964
119.814230709	-69.6266270893
120.405226088	-69.6266005119
120.996221467	-69.6265799455
122.191099143	-69.6265700208
123.38597682	-69.6265927121
124.580854496	-69.6266435331
125.775732172	-69.6267181745
126.970609849	-69.6267983882
128.910852045	-69.6269134602
130.851094241	-69.6270177454
132.791336438	-69.6270756295
134.731578634	-69.6270797266
136.67182083	-69.6271055136
138.612063026	-69.6270847533
139.839100875	-69.6270026593
141.066138724	-69.6268792361
142.293176572	-69.6267399484
143.520214421	-69.626627998
144.74725227	-69.6265943472
145.974290119	-69.6266279412
147.201327967	-69.6266795368
148.428365816	-69.6267859612
149.208403372	-69.6269035312
149.988440929	-69.6270486009
150.768478485	-69.6271905662
151.548516042	-69.6273049608
152.328553599	-69.6273837589
153.108591155	-69.6274293026
153.888628712	-69.6274497689
154.668666268	-69.6274561259
155.448703825	-69.627457621
156.228741381	-69.6274566878
157.008778938	-69.6274527921
157.788816494	-69.6274499179
158.568854051	-69.627447899
159.348891607	-69.6274408131
160.128929164	-69.6274337067
160.90896672	-69.6274311063
161.689004277	-69.627424559
162.469041833	-69.627408947
163.24907939	-69.6273846594
164.029116946	-69.6273475584
164.809154503	-69.6272960298
165.589192059	-69.6272332885
166.369229616	-69.6271637404
167.149267173	-69.6270961683
167.929304729	-69.6270402695
168.709342286	-69.6269970706
169.489379842	-69.626967735
170.269417399	-69.6269567794
171.049454955	-69.6269576675
171.829492512	-69.6269636066
172.609530068	-69.6269803707
173.389567625	-69.6270028162
174.169605181	-69.6270195176
174.949642738	-69.6270332888
175.729680294	-69.6270446357
176.509717851	-69.6270507476
177.289755407	-69.6270630926
178.069792964	-69.6270878162
178.84983052	-69.6271099435
179.629868077	-69.6271320377
180.409905633	-69.6271750893
181.18994319	-69.6272486277
181.969980747	-69.6273504524
182.750018303	-69.6274695451
183.53005586	-69.6275791555
184.310093416	-69.62766047
185.090130973	-69.6277158722
185.870168529	-69.6277482357
186.650206086	-69.6277647757
187.430243642	-69.6277761482
188.210281199	-69.6277742887
188.990318755	-69.6277505715
189.770356312	-69.6277201168
190.550393868	-69.6276827511
191.330431425	-69.627625528
191.804971194	-69.6275830766
192.279510962	-69.627542457
192.754050731	-69.6275065564
193.2285905	-69.6274769004
193.703130269	-69.627454616
194.177670037	-69.6274379393
194.652209806	-69.6274239003
195.126749575	-69.6274109333
195.601289344	-69.6273978375
196.075829112	-69.6273834297
196.550368881	-69.6273677138
197.02490865	-69.6273511536
197.499448419	-69.6273337749
197.973988187	-69.6273158242
198.448527956	-69.6272977787
199.266207707	-69.6272675825
200.083887458	-69.6272390295
201.883682899	-69.6271892404
205.070581664	-69.627107246
208.257480428	-69.627020405
210.04499816	-69.6269876107
211.832515892	-69.6269465652
213.620033624	-69.626914127
215.407551356	-69.6269106731
218.13191953	-69.6268944167
220.856287704	-69.6268787412
223.580655878	-69.626896279
228.907508907	-69.6269265093
234.234361937	-69.6268332372
236.436089264	-69.6267938841
238.637816591	-69.6267800653
240.839543919	-69.6267486209
244.722400474	-69.626787973
248.60525703	-69.6267903827
252.488113586	-69.6269434323
256.370970142	-69.6272434882
260.253826698	-69.6275908053
264.136683254	-69.628131861
266.195919965	-69.62830088
268.255156676	-69.6282998263
270.314393387	-69.6282118354
272.373630099	-69.6280048687
274.43286681	-69.6276633176
276.492103521	-69.6274235144
278.551340232	-69.6272479079
280.610576944	-69.6270205062
282.669813655	-69.626919789
284.729050366	-69.6269472439
286.788287077	-69.6267164878
287.303096255	-69.626618203
287.817905433	-69.6265150772
288.332714611	-69.626412135
289.804178792	-69.6262314331
292.857440513	-69.6261275358
295.910702234	-69.626154746
302.771341492	-69.6262644434
309.63198075	-69.626506882
316.492620008	-69.6268091643
323.353259266	-69.6266740879
330.213898524	-69.6269082337
337.074537781	-69.6266386929
343.935177039	-69.6269643689
350.795816297	-69.6265517079
357.656455555	-69.62703878
360.315934515	-69.6269817216
362.975413474	-69.6269518384
365.634892434	-69.6268307447
368.294371393	-69.6267308955
370.953850353	-69.6267670227
375.093008868	-69.6268509871
379.232167383	-69.6266605314
382.640316786	-69.6265707796
386.048466189	-69.6264841821
389.456615592	-69.6265012392
392.864764995	-69.6268063227
396.272914398	-69.6267085624
397.124951748	-69.6266119593
397.976989099	-69.62653518
398.82902645	-69.626478389
399.681063801	-69.6264436759
400.533101152	-69.6264295062
403.694133971	-69.6264366071
406.85516679	-69.6265409562
410.016199609	-69.6266500918
413.177232428	-69.6265985917
416.338265247	-69.6266522482
419.499298067	-69.6267671092
422.660330886	-69.626764765
425.821363705	-69.6267820424
428.982396524	-69.6267106818
432.143429343	-69.626662452
435.304462163	-69.6267586429
438.465494982	-69.6267444652
441.626527801	-69.6266926846
444.78756062	-69.6267583798
450.000180396	-69.6268904489
455.212800172	-69.6266433285
460.425419949	-69.626702849
465.638039725	-69.6264854427
470.850659501	-69.6267291071
473.501485721	-69.6268578241
476.152311941	-69.6269513592
478.803138161	-69.6269460861
481.453964381	-69.6267801131
484.104790601	-69.6265314825
486.755616821	-69.62623095
489.406443041	-69.6260635625
492.057269261	-69.6261286093
494.708095481	-69.626373963
497.358921701	-69.6265932504
500.009747921	-69.6266576403
502.660574141	-69.626670804
505.311400361	-69.6266529032
507.962226581	-69.626606721
510.613052801	-69.6264820974
513.263879021	-69.6264210161
515.914705241	-69.6264514176
518.565531462	-69.6264158342
521.216357682	-69.6264117432
523.867183902	-69.6267437284
524.529890457	-69.6268664815
525.192597012	-69.626983924
525.855303567	-69.6270923288
527.909612342	-69.6272559057
531.0	-69.6272725738
531.0	-69.6272725738
531.000694251	-69.5894344478
531.001388502	-69.5565538342
531.002544619	-69.510442091
531.003700736	-69.470011243
531.005740934	-69.4063684033
531.008992799	-69.318331233
531.014763889	-69.1841985932
531.020534979	-69.0682800695
531.026306069	-68.9635080518
531.032077159	-68.866886049
531.04165913	-68.7197248773
531.051241101	-68.5863884259
531.060823072	-68.4638756554
531.076858372	-68.2774711052
531.092893672	-68.1094206314
531.124100343	-67.8212995211
531.155307013	-67.5693408096
531.186513684	-67.3433227591
531.217720354	-67.1378625358
531.248927025	-66.9491874707
531.297943944	-66.6800137583
531.346960864	-66.4363368718
531.395977783	-66.2121170259
531.470092914	-65.9018488658
531.544208046	-65.6182724599
531.660304667	-65.2137864936
531.83470128	-64.6693037348
532.009097894	-64.1803598902
532.183494508	-63.7348841091
532.357891121	-63.3213838246
532.532287735	-62.9315215688
532.706684349	-62.5612298573
532.881080962	-62.2084344313
533.159556757	-61.6761890014
533.438032552	-61.176913322
533.716508347	-60.7060217401
533.994984142	-60.2593697323
534.429222626	-59.6030774426
534.86346111	-58.9869177476
535.297699593	-58.4027192503
535.731938077	-57.8434717807
536.398131333	-57.0176848883
537.064324588	-56.2099101476
537.730517844	-55.3895092858
538.3967111	-54.5199786874
539.062904356	-53.5238525976
539.729097611	-52.2302696673
539.895645925	-51.8235998487
540.062194239	-51.3515688191
540.228742553	-50.7891582154
540.395290867	-50.0905092681
540.561839181	-49.1646526783
540.603476259	-48.878445152
540.645113338	-48.5559556242
540.686750416	-48.1884607799
540.728387495	-47.7658476137
540.770024573	-47.2695424777
540.811661652	-46.6664814474
540.85329873	-45.8986418751
540.894935809	-44.8475717171
540.905345078	-44.518677203
540.915754348	-44.151008962
540.926163618	-43.7348294528
540.936572887	-43.257542872
540.946982157	-42.7021949772
540.957391427	-42.0454173949
540.967800696	-41.2553887733
540.978209966	-40.2916328999
540.988619235	-39.1098668407
540.999028505	-37.6750520664
541.009437775	-35.9798824587
541.01610557	-34.7689549898
541.022773365	-33.4768767313
541.02944116	-32.1174067944
541.036108955	-30.7001116791
541.04277675	-29.2303677125
541.049444545	-27.7108684727
541.061564289	-24.8248484498
541.073684032	-21.7697273078
541.085803776	-18.525570517
541.09792352	-15.0734059019
541.110043264	-11.4170003064
541.122163007	-7.59134615675
541.134282751	-3.66027286972
541.146402495	0.27412716784
541.158522239	4.08908788229
541.170641982	7.66944830472
541.182761726	10.9337359528
541.19488147	13.8421662213
541.207001214	16.3915339299
541.219120957	18.604521644
541.231240701	20.518333
541.243360445	22.1745834365
541.255480189	23.6120588127
541.267599932	24.8632412566
541.279719676	25.9538473368
541.29183942	26.9037154484
541.303959164	27.7280618748
541.316078907	28.4380323392
541.328198651	29.0425097356
541.340318395	29.5489982543
541.352438139	29.9640697956
541.364557882	30.2938855797
541.376677626	30.5446311505
541.38879737	30.7225924685
541.400917114	30.8339399192
541.413036857	30.8844872227
541.425156601	30.8795657351
541.437276345	30.8239870561
541.449396089	30.7220478711
541.461515832	30.577558131
541.473635576	30.3938987008
541.48575532	30.1740854201
541.497875064	29.9208291247
541.509994807	29.6365848577
541.522114551	29.323590984
541.534234295	28.9839067566
541.546354039	28.6194527262
541.558473782	28.2320448811
541.570593526	27.8234204047
541.58271327	27.3952479276
541.594833013	26.9491300203
541.606952757	26.486599755
541.619072501	26.0091112441
541.631192245	25.5180272616
541.643311988	25.014609028
541.655431732	24.5000114714
541.667551476	23.9752843958
541.67967122	23.4413782473
541.691790963	22.8991520593
541.703910707	22.3493804051
541.716030451	21.7927569977
541.728150195	21.2298951242
541.740269938	20.6613273137
541.752389682	20.0875067278
541.764509426	19.5088113102
541.77662917	18.9255504161
541.788748913	18.3379735588
541.800868657	17.7462806555
541.812988401	17.1506343061
541.825108145	16.5511717865
541.837227888	15.9480161433
541.849347632	15.3412842081
541.861467376	14.7310915943
541.87358712	14.1175553886
541.885706863	13.5008056473
541.897826607	12.881004331
541.909946351	12.2583452349
541.922066095	11.633030903
541.934185838	11.0052621306
541.946305582	10.3752535201
541.958425326	9.74323473979
541.97054507	9.10944399403
541.982664813	8.47411906662
541.994784557	7.83748220015
542.006904301	7.19975180661
542.019024045	6.56115916843
542.031143788	5.92192600817
542.043263532	5.28224355968
542.055383276	4.64228324734
542.067503019	4.00222311076
542.079622763	3.36224483845
542.091742507	2.72250122198
542.103862251	2.08311246322
542.115981994	1.44418793464
542.128101738	0.805829818477
542.140221482	0.168146741199
542.152341226	-0.46875530328
542.164460969	-1.10480050874
542.176580713	-1.73993256839
542.188700457	-2.37409298207
542.200820201	-3.00722616547
542.212939944	-3.63926796437
542.225059688	-4.2701366745
542.237179432	-4.89977369591
542.249299176	-5.52813580208
542.261418919	-6.15516780926
542.273538663	-6.78080503445
542.285658407	-7.40498441081
542.297778151	-8.02759729228
542.309897894	-8.64856315179
542.322017638	-9.26781822965
542.334137382	-9.8852797813
542.346257126	-10.5008581221
542.358376869	-11.1144747601
542.370496613	-11.7260581097
542.382616357	-12.3354983691
542.394736101	-12.9423936275
542.406855844	-13.5465865416
542.418975588	-14.1479303189
542.431095332	-14.746113242
542.443215076	-15.3408557338
542.455334819	-15.9319955153
542.467454563	-16.5193939294
542.479574307	-17.1028837708
542.491694051	-17.6823062998
542.503813794	-18.2575336431
542.515933538	-18.8284470574
542.528053282	-19.3949280808
542.540173025	-19.9568680176
542.552292769	-20.5141694608
542.564412513	-21.0667361394
542.576532257	-21.6144678597
542.588652	-22.1572649787
542.600771744	-22.6950304931
542.612891488	-23.2276673595
542.625011232	-23.7550807452
542.637130975	-24.2771839483
542.649250719	-24.7938993871
542.661370463	-25.3051566181
542.673490207	-25.8108931954
542.68560995	-26.3110582075
542.697729694	-26.8056129883
542.709849438	-27.2945280618
542.721969182	-27.7777815481
542.734088925	-28.2553604871
542.746208669	-28.7272611835
542.758328413	-29.1934878747
542.770448157	-29.6540529995
542.7825679	-30.1089755808
542.794687644	-30.5582779516
542.806807388	-31.0019849362
542.818927132	-31.4401242477
542.831046875	-31.8727251463
542.843166619	-32.299816482
542.855286363	-32.721425939
542.867406107	-33.1375815341
542.87952585	-33.5483120819
542.891645594	-33.953643564
542.903765338	-34.3535969641
542.915885082	-34.7481894716
542.928004825	-35.137434788
542.940124569	-35.5213417415
542.952244313	-35.8999136981
542.964364057	-36.273149958
542.9764838	-36.641050345
542.988603544	-37.0036106584
543.000723288	-37.3608194558
543.012843032	-37.7126618585
543.024962775	-38.0591217141
543.037082519	-38.4001804839
543.049202263	-38.7358184108
543.061322006	-39.0660234164
543.07344175	-39.3907836418
543.091925892	-39.875572104
543.110410034	-40.3476474215
543.128894177	-40.8070165974
543.147378319	-41.2537594258
543.165862461	-41.6879693603
543.184346603	-42.1097570205
543.202830745	-42.5192755426
543.221314887	-42.9168443087
543.239799029	-43.302819824
543.258283171	-43.677463521
543.276767314	-44.0410618394
543.295251456	-44.3939420571
543.313735598	-44.7364236213
543.33221974	-45.0688053086
543.350703882	-45.3913838952
543.369188024	-45.7044684585
543.387672166	-46.0083792914
543.406156308	-46.303441241
543.42464045	-46.5899785954
543.443124593	-46.868312854
543.461608735	-47.1387621452
543.480092877	-47.4016404249
543.498577019	-47.6572560301
543.517061161	-47.9059109186
543.535545303	-48.1479002454
543.554029445	-48.3835116962
543.572513587	-48.6130249399
543.59099773	-48.8367115841
543.619209112	-49.1674746323
543.647420494	-49.486177366
543.675631876	-49.7936720248
543.703843258	-50.0907650196
543.73205464	-50.3782142019
543.760266023	-50.6567272766
543.788477405	-50.9269615211
543.816688787	-51.1895236521
543.844900169	-51.4449712221
543.873111551	-51.6938123225
543.901322933	-51.936508883
543.929534316	-52.1734811873
543.957745698	-52.4051089825
543.98595708	-52.6317337587
544.014168462	-52.8536618911
544.042379844	-53.0711676875
544.086814521	-53.4053683407
544.131249197	-53.7300253175
544.175683874	-54.0458156636
544.22011855	-54.3532984128
544.264553227	-54.652929846
544.308987903	-54.9450789337
544.353422579	-55.230044036
544.397857256	-55.5080678403
544.471029011	-55.9512971917
544.58130286	-56.5862815182
544.691576708	-57.1831078076
544.801850557	-57.7433928939
544.912124406	-58.2682848814
545.022398255	-58.7590078177
545.132672103	-59.2170823389
545.242945952	-59.6441818911
545.353219801	-60.0419551594
545.46349365	-60.4119931928
545.676923479	-61.0552257696
545.890353308	-61.6123250372
546.103783137	-62.0931027657
546.317212966	-62.5057952553
546.530642795	-62.8584591067
546.744072625	-63.1588929666
547.078043707	-63.5395998894
547.412014789	-63.8293880094
547.745985871	-64.0443975604
548.079956953	-64.1977345941
548.413928036	-64.3006807225
548.747899118	-64.3625886389
549.252785447	-64.3944837562
549.757671776	-64.3694704419
550.262558104	-64.3019774008
550.767444433	-64.2028268418
551.272330762	-64.0804753713
551.777217091	-63.941288101
552.28210342	-63.790022296
553.100414721	-63.5285708578
553.918726022	-63.2565740152
554.737037323	-62.9813323288
555.555348624	-62.7076703344
556.373659925	-62.438921638
557.191971226	-62.177508
558.010282527	-61.9249423301
558.828593828	-61.6820768895
559.646905129	-61.4492355946
560.46521643	-61.2265304219
561.283527731	-61.0138667101
562.101839032	-60.8108691883
562.920150334	-60.6169801167
563.738461635	-60.4316734282
564.556772936	-60.2545122606
565.375084237	-60.0850536169
566.193395538	-59.9228385757
567.011706839	-59.7674789757
567.83001814	-59.6185630537
568.648329441	-59.4755921553
569.466640742	-59.3380049533
570.284952043	-59.2053144271
571.103263344	-59.0771754309
571.921574645	-58.9533331834
572.739885946	-58.8335361906
573.558197247	-58.7175412757
574.376508548	-58.605047311
575.194819849	-58.4958217061
575.743800859	-58.4242831235
576.292781868	-58.3541362484
576.841762878	-58.2853478563
577.390743887	-58.217834697
577.939724897	-58.1514545467
578.488705906	-58.0861212097
579.037686916	-58.0217508325
579.586667925	-57.9583779274
580.135648935	-57.8959207937
580.684629944	-57.8344662312
581.233610954	-57.7738250321
581.782591963	-57.714218493
582.331572973	-57.6551883663
582.880553982	-57.5973850633
583.234350853	-57.5605341543
583.588147724	-57.5237333377
583.941944596	-57.4871521118
584.295741467	-57.4508209323
584.649538338	-57.4149112522
585.003335209	-57.3793424959
585.35713208	-57.344161027
585.710928951	-57.3091142216
586.064725822	-57.2744040449
586.418522693	-57.2399239426
586.772319565	-57.2059901116
587.126116436	-57.1720534132
587.479913307	-57.138600918
587.833710178	-57.1050032697
588.187507049	-57.0724048162
588.54130392	-57.0391297399
588.895100791	-57.0072988026
589.248897662	-56.973764307
589.602694534	-56.9434446017
589.956491405	-56.9089748239
590.310288276	-56.8752173729
590.664085147	-56.840831425
591.017882018	-56.8125985972
591.371678889	-56.7845601161
591.72547576	-56.7580303186
592.079272631	-56.7244318341
592.433069503	-56.6966263672
592.786866374	-56.6692867928
593.140663245	-56.6447495262
593.494460116	-56.6112929002
593.848256987	-56.5770586122
594.202053858	-56.5379719342
594.555850729	-56.5131223924
594.9096476	-56.4910028056
595.263444472	-56.4601232472
595.617241343	-56.4296664829
595.971038214	-56.3923836108
596.324835085	-56.3686809367
596.678631956	-56.3465800005
597.032428827	-56.3288312848
597.386225698	-56.3030764581
597.740022569	-56.2697826571
598.093819441	-56.237578242
598.447616312	-56.2102618079
598.801413183	-56.1845653392
599.155210054	-56.1577032808
599.509006925	-56.1287442305
599.862803796	-56.1055233053
600.216600667	-56.0730169306
600.570397538	-56.0518115338
600.806176276	-56.0392824375
601.041955013	-56.01760898
601.27773375	-55.9961948164
601.513512487	-55.9740841574
601.749291224	-55.9587736569
601.985069962	-55.9396099754
602.220848699	-55.9283909248
602.456627436	-55.9066549751
602.692406173	-55.8833757369
602.92818491	-55.8585425791
603.163963648	-55.8471734042
603.399742385	-55.8266334868
603.557399999	-55.8098312773
603.715057614	-55.8016386751
603.872715228	-55.7944367776
604.030372842	-55.785468006
604.188030457	-55.7726813143
604.345688071	-55.7623502896
604.503345686	-55.7500028199
604.6610033	-55.7383744414
604.818660914	-55.7245972844
604.976318529	-55.7162834299
605.133976143	-55.7042351994
605.291633758	-55.6942272316
605.449291372	-55.6775051516
605.606948987	-55.6692963698
605.716499555	-55.6668974832
605.826050124	-55.6585059385
605.935600692	-55.6476048991
606.045151261	-55.63767355
606.154701829	-55.6304719572
606.337666745	-55.6180931824
606.52063166	-55.6039205836
606.703596576	-55.5901956001
606.886561491	-55.5770477015
607.252830837	-55.5532869334
607.619100182	-55.527167804
607.985369528	-55.5005373698
608.900466847	-55.4327026009
609.815564167	-55.3666181717
610.730661486	-55.3004278522
613.127559843	-55.1221944625
615.5244582	-54.9346640627
616.388563057	-54.862815948
617.252667914	-54.7880237047
618.116772771	-54.7109674642
619.605414726	-54.5698869105
621.094056681	-54.4180887707
622.582698636	-54.2390596768
624.071340591	-54.0193602932
625.559982546	-53.7421945793
627.048624502	-53.3941593547
627.61231608	-53.2174728798
628.176007658	-52.99659195
628.739699236	-52.7310265693
629.303390814	-52.391640774
629.585668024	-52.181328652
629.867945235	-51.9341145984
630.150222446	-51.6355851799
630.432499657	-51.2648535439
630.577911038	-51.0364490254
630.723322419	-50.7732008799
630.8687338	-50.4635570168
631.014145181	-50.0912828454
631.084942357	-49.8819246226
631.155739532	-49.6484933426
631.226536708	-49.3849246486
631.297333883	-49.0837036483
631.331910377	-48.9208264432
631.36648687	-48.7453146618
631.401063364	-48.5550504741
631.435639857	-48.3478584063
631.470216351	-48.1205296022
631.487015374	-48.0021010353
631.503814397	-47.8776535124
631.52061342	-47.7465775858
631.537412443	-47.6081872528
631.554211466	-47.4616557701
631.571010489	-47.3061152751
631.587809513	-47.1404929126
631.604608536	-46.9635033778
631.621407559	-46.7736106257
631.630645194	-46.6631911209
631.639882829	-46.5479951524
631.649120464	-46.4276188429
631.658358099	-46.3016150539
631.667595734	-46.169484981
631.67683337	-46.0306689133
631.686071005	-45.8845375374
631.69530864	-45.7303828461
631.704546275	-45.5674082568
631.71378391	-45.3947176569
631.723021545	-45.2113030591
631.73225918	-45.0160304739
631.741496815	-44.8076233957
631.750734451	-44.5846430676
631.759972086	-44.3454640848
631.769209721	-44.0882434106
631.778447356	-43.8108805334
631.792559675	-43.342886792
631.806671994	-42.812605663
631.820784313	-42.2066603949
631.834896632	-41.5067801412
631.849008951	-40.6886951435
631.863121271	-39.7167884349
631.87723359	-38.5399335255
631.891345909	-37.0843851494
631.899008371	-36.1441449929
631.906670833	-35.0747412043
631.914333295	-33.8622680616
631.921995757	-32.499916038
631.929658219	-30.9897553173
631.937320681	-29.3436376594
631.944983143	-27.5800282455
631.952645605	-25.7163901439
631.960308067	-23.766599712
631.967970529	-21.7390834367
631.975632991	-19.638295982
631.983295453	-17.4664463021
631.990957915	-15.2266134054
631.998620377	-12.9242922863
632.006282839	-10.568751281
632.013945301	-8.17271404181
632.021607763	-5.7528993561
632.034726219	-1.61963449136
632.047844676	2.39578819349
632.060963133	6.16510888239
632.07408159	9.59685532164
632.087200046	12.6454661863
632.100318503	15.3070253899
632.11343696	17.6065379567
632.126555417	19.5850570762
632.139673873	21.2881350122
632.15279233	22.7575557768
632.165910787	24.0273710588
632.179029244	25.1235876081
632.1921477	26.0657881293
632.205266157	26.8691091796
632.218384614	27.5458088038
632.231503071	28.1063518616
632.244621527	28.5601864733
632.257739984	28.916274207
632.270858441	29.1833092809
632.283976897	29.3696374323
632.297095354	29.4830458195
632.310213811	29.5305593125
632.323332268	29.5183943091
632.336450724	29.4519893063
632.349569181	29.3360828122
632.362687638	29.1747971008
632.375806095	28.9717287002
632.388924551	28.7300455352
632.402043008	28.4525773467
632.415161465	28.1418908984
632.428279922	27.8003518351
632.441398378	27.4301773001
632.454516835	27.0334795065
632.467635292	26.6122967552
632.480753749	26.1686081987
632.493872205	25.7043318927
632.506990662	25.2213100623
632.520109119	24.7212882994
632.533227576	24.2058956225
632.546346032	23.6766308178
632.559464489	23.1348582332
632.572582946	22.5818101098
632.585701403	22.0185950525
632.598819859	21.4462016158
632.611938316	20.8654998261
632.625056773	20.2772399412
632.63817523	19.6820537263
632.651293686	19.0804607141
632.664412143	18.4728790844
632.6775306	17.8596400152
632.690649057	17.2410045523
632.703767513	16.6171819856
632.71688597	15.9883480342
632.730004427	15.3546604932
632.743122884	14.7162704633
632.75624134	14.0733290022
632.769359797	13.4259907807
632.782478254	12.7744166957
632.79559671	12.1187845766
632.808715167	11.4593122913
632.821833624	10.7962646726
632.834952081	10.1299280264
632.848070537	9.46059254611
632.861188994	8.7885600037
632.874307451	8.11414938593
632.887425908	7.43768974726
632.900544364	6.75949637994
632.913662821	6.07986714054
632.926781278	5.39910314948
632.939899735	4.71749731212
632.953018191	4.03530794079
632.966136648	3.35276107328
632.979255105	2.67009688258
632.992373562	1.98754433505
633.005492018	1.30527900334
633.018610475	0.623444169507
633.031728932	-0.0578230300722
633.044847389	-0.738367538013
633.057965845	-1.41804897876
633.071084302	-2.09677213822
633.084202759	-2.77445712779
633.097321216	-3.45102539259
633.110439672	-4.12639097091
633.123558129	-4.80043727464
633.136676586	-5.473077053
633.149795043	-6.14425213164
633.162913499	-6.81389292892
633.176031956	-7.48192031861
633.189150413	-8.14819889014
633.20226887	-8.81262152606
633.215387326	-9.47511734148
633.228505783	-10.1355995705
633.24162424	-10.7939640106
633.254742696	-11.4501135765
633.267861153	-12.1039619669
633.28097961	-12.7551835978
633.294098067	-13.4035181378
633.307216523	-14.0487889506
633.32033498	-14.690694342
633.333453437	-15.3289355265
633.346571894	-15.9632976825
633.35969035	-16.5936070955
633.372808807	-17.2196772352
633.385927264	-17.8413225545
633.399045721	-18.4583709146
633.412164177	-19.0706555019
633.425282634	-19.6780133231
633.438401091	-20.2802875619
633.451519548	-20.8773254725
633.464638004	-21.4689750979
633.477756461	-22.0550829523
633.490874918	-22.6354938322
633.503993375	-23.2100563545
633.517111831	-23.778629829
633.530230288	-24.3410849258
633.543348745	-24.8973034415
633.556467202	-25.4471817637
633.569585658	-25.9906326324
633.582704115	-26.5275830384
633.595822572	-27.0579741314
633.608941029	-27.5817631725
633.622059485	-28.0989218077
633.635177942	-28.6094325045
633.648296399	-29.1132878187
633.661414856	-29.6104907669
633.674533312	-30.1010560236
633.687651769	-30.5850069599
633.700770226	-31.0623705965
633.713888683	-31.5331765406
633.727007139	-31.997457911
633.740125596	-32.4552498784
633.753244053	-32.9065871101
633.766362509	-33.3515039914
633.779480966	-33.790035891
633.792599423	-34.2222156372
633.80571788	-34.6480709437
633.818836336	-35.067624613
633.831954793	-35.4808955109
633.84507325	-35.8878974854
633.858191707	-36.2886385853
633.871310163	-36.6831267202
633.88442862	-37.0713661636
633.897547077	-37.4533536697
633.910665534	-37.8290822126
633.92378399	-38.1985439783
633.936902447	-38.561729792
633.950020904	-38.9186337426
633.963139361	-39.269254987
633.976257817	-39.61359353
633.989376274	-39.9516533242
634.002494731	-40.2834471251
634.015613188	-40.6089963554
634.028731644	-40.9283420235
634.049678677	-41.4255080612
634.070625709	-41.9071946855
634.091572742	-42.3736640104
634.112519774	-42.8252637645
634.133466806	-43.2625633609
634.154413839	-43.685996603
634.175360871	-44.0960058162
634.196307904	-44.4930557801
634.217254936	-44.8776113566
634.238201969	-45.2501341726
634.259149001	-45.6110843841
634.280096033	-45.960920043
634.301043066	-46.3000962942
634.321990098	-46.6290596119
634.342937131	-46.9482584327
634.363884163	-47.2581199886
634.384831195	-47.5590705936
634.405778228	-47.8515185294
634.42672526	-48.1358610182
634.447672293	-48.4124836041
634.468619325	-48.6817561204
634.489566358	-48.9440422314
634.51051339	-49.1996859433
634.531460422	-49.4490183264
634.552407455	-49.6923576781
634.573354487	-49.9300087394
634.607902861	-50.3103055565
634.642451236	-50.6771235758
634.67699961	-51.0316076309
634.711547984	-51.3747631463
634.746096358	-51.7075270419
634.780644733	-52.0307218489
634.815193107	-52.3450844719
634.849741481	-52.6512709448
634.884289855	-52.9498609324
634.91883823	-53.2413643653
634.953386604	-53.526228435
634.987934978	-53.8048442257
635.022483352	-54.0775527355
635.057031726	-54.3446503438
635.091580101	-54.6063938745
635.126128475	-54.8630053411
635.188955983	-55.3171115681
635.25178349	-55.7557599557
635.314610998	-56.1797319341
635.377438505	-56.5896495505
635.473302719	-57.1890204909
635.569166932	-57.7581013003
635.665031146	-58.2979771923
635.760895359	-58.8096593829
635.856759573	-59.2942556772
635.952623786	-59.7529591691
636.104727691	-60.4306734834
636.256831597	-61.0511668787
636.408935502	-61.6188306696
636.561039408	-62.1377406495
636.713143313	-62.6120313461
636.865247219	-63.0458248516
637.117173045	-63.6848775512
637.369098872	-64.237633722
637.621024698	-64.7158374594
637.872950525	-65.1290925574
638.124876352	-65.4860059889
638.376802178	-65.7941624886
638.778430298	-66.1998629853
639.180058417	-66.5179854584
639.581686536	-66.7641212087
639.983314656	-66.9506717298
640.384942775	-67.0880370596
640.786570894	-67.1847006477
641.188199013	-67.2474743182
641.838136856	-67.2914216302
642.488074699	-67.2798031559
643.138012542	-67.2263890614
643.787950385	-67.1417939026
644.437888228	-67.034117423
645.087826071	-66.9096626595
645.737763914	-66.7730562418
646.387701757	-66.6278726664
647.0376396	-66.4769944868
647.687577443	-66.3224439164
648.337515285	-66.1658599909
648.987453128	-66.0085333783
649.637390971	-65.85126137
650.287328814	-65.6948373066
650.937266657	-65.5397901554
651.5872045	-65.386386218
652.237142343	-65.2349816771
652.887080186	-65.085735821
653.537018029	-64.9387520903
654.186955872	-64.7941872475
654.836893715	-64.6520401557
655.486831558	-64.5123578302
656.136769401	-64.3751634153
656.786707243	-64.2403899513
657.436645086	-64.1079927072
658.086582929	-63.9778962043
658.736520772	-63.8500425671
659.386458615	-63.7244217522
660.036396458	-63.6009426491
660.686334301	-63.4795227358
661.336272144	-63.3601101492
661.986209987	-63.2426373257
662.63614783	-63.1270884245
663.286085673	-63.0134396847
663.936023516	-62.901629825
664.585961359	-62.7915786906
665.235899201	-62.6832150547
665.885837044	-62.576496405
666.535774887	-62.4714154668
667.18571273	-62.3679665647
667.835650573	-62.2661255317
668.485588416	-62.165846318
669.135526259	-62.0670753656
669.785464102	-61.9697575364
670.435401945	-61.8738447374
671.085339788	-61.7793060614
671.735277631	-61.6861232987
672.385215474	-61.594272269
673.035153317	-61.5037339466
673.685091159	-61.4144857955
674.335029002	-61.3264853823
674.773167464	-61.2678439022
675.211305925	-61.2097572665
675.649444386	-61.1522396405
676.087582847	-61.0952921878
676.525721308	-61.0388999459
676.963859769	-60.983041016
677.401998231	-60.9276953221
677.840136692	-60.8728511206
678.278275153	-60.8185048721
678.716413614	-60.7646565664
679.154552075	-60.7113067956
679.592690536	-60.658454193
680.030828998	-60.6060940238
680.468967459	-60.5542224563
680.90710592	-60.5028381266
681.345244381	-60.4519382927
681.783382842	-60.401519988
682.221521303	-60.3515820968
682.659659764	-60.3021215411
683.097798226	-60.2531343798
683.535936687	-60.2046228491
683.974075148	-60.1565928583
684.412213609	-60.1090463562
684.85035207	-60.0619789331
685.288490531	-60.0153813937
685.726628993	-59.9692424022
686.164767454	-59.9235538854
686.602905915	-59.8783108577
687.041044376	-59.8335112877
687.479182837	-59.7891549201
687.917321298	-59.7452406283
688.35545976	-59.7017647234
688.793598221	-59.6587254073
689.231736682	-59.6161220543
689.669875143	-59.5739528781
690.108013604	-59.532216549
690.546152065	-59.4909128394
690.984290527	-59.4500389037
691.422428988	-59.4095927215
691.860567449	-59.3695740463
692.29870591	-59.3299768139
692.736844371	-59.2907883503
693.174982832	-59.2520039166
693.613121294	-59.2136328262
694.051259755	-59.1756886746
694.726342235	-59.1180647062
695.401424716	-59.061449399
696.076507197	-59.0058286068
696.751589677	-58.9511678941
697.426672158	-58.8974592613
698.101754638	-58.844687476
698.776837119	-58.7928756355
699.451919599	-58.7420090966
700.12700208	-58.6920864299
700.802084561	-58.6430837011
701.477167041	-58.5950111439
702.152249522	-58.5478341241
702.827332002	-58.5015821372
703.297984259	-58.4698555966
703.768636516	-58.4385590151
704.239288772	-58.4076792157
704.709941029	-58.3772234396
705.180593286	-58.347174235
705.651245542	-58.3175482414
706.121897799	-58.2883205359
706.592550056	-58.2595281749
707.063202312	-58.231129217
707.533854569	-58.2031824059
708.004506825	-58.1756054095
708.475159082	-58.1484535891
708.945811339	-58.121704693
709.416463595	-58.0954161559
709.887115852	-58.0694892982
710.357768109	-58.0440189404
710.828420365	-58.0188271491
711.299072622	-57.9941485063
711.769724879	-57.9696790059
712.240377135	-57.9458657986
712.711029392	-57.9223918482
713.181681649	-57.8993747908
713.652333905	-57.8765970392
714.122986162	-57.8542120982
714.593638418	-57.8320103902
715.064290675	-57.8104574599
715.534942932	-57.7889712717
716.005595188	-57.7683309313
716.476247445	-57.7472737458
716.946899702	-57.7276165098
717.417551958	-57.7067643276
717.888204215	-57.6884886827
718.358856472	-57.6671837812
718.683662515	-57.6528959123
719.008468559	-57.6407895148
719.333274602	-57.6289561421
719.658080646	-57.6171704715
719.98288669	-57.6045081491
720.307692733	-57.5918609513
720.632498777	-57.5788773422
720.95730482	-57.5671653201
721.282110864	-57.555445608
721.606916908	-57.5441927738
721.931722951	-57.5316901636
722.256528995	-57.5206172016
722.581335039	-57.5089590549
722.906141082	-57.4988533637
723.230947126	-57.4863897621
723.555753169	-57.4766755032
723.880559213	-57.4643866956
724.205365257	-57.4561396571
724.5301713	-57.4422587059
724.854977344	-57.4351369056
725.179783387	-57.428160618
725.504589431	-57.4167839191
725.829395475	-57.4056173472
726.154201518	-57.3933769577
726.479007562	-57.3844401613
726.803813605	-57.3743976833
727.128619649	-57.3679231322
727.453425693	-57.3565343359
727.778231736	-57.3488289098
728.10303778	-57.3355521856
728.427843823	-57.3315679679
728.752649867	-57.3166314525
729.077455911	-57.3136195018
729.402261954	-57.310985306
729.727067998	-57.3002265312
730.051874041	-57.290071954
730.376680085	-57.2762624493
730.701486129	-57.2695806529
731.026292172	-57.2602282676
731.351098216	-57.2591813686
731.675904259	-57.2554628005
732.000710303	-57.2453315529
732.325516347	-57.2364709512
732.65032239	-57.2275157151
732.975128434	-57.2209060094
733.299934477	-57.2116958556
733.624740521	-57.2072611775
733.949546565	-57.1990356147
734.274352608	-57.1942234276
734.599158652	-57.1815511602
734.923964695	-57.1797136799
735.248770739	-57.1669980217
735.573576783	-57.1677353323
735.798360349	-57.1692957401
736.023143915	-57.1620167204
736.247927482	-57.1540931788
736.472711048	-57.1460668906
736.697494615	-57.1419505215
736.922278181	-57.1382201822
737.147061747	-57.1370891614
737.371845314	-57.1324925071
737.59662888	-57.1279781146
737.821412447	-57.12132349
738.046196013	-57.1193361694
738.270979579	-57.1148005339
738.495763146	-57.1122942269
738.720546712	-57.1050665886
738.945330278	-57.10336308
739.170113845	-57.0970544022
739.394897411	-57.0960280552
739.619680978	-57.0871121847
739.844464544	-57.086608058
740.06924811	-57.0878998443
740.294031677	-57.0833125085
740.518815243	-57.0781084127
740.743598809	-57.0720612742
740.968382376	-57.0690600538
741.193165942	-57.0648783994
741.417949509	-57.0635536126
741.642733075	-57.0595028037
741.867516641	-57.0569420442
742.092300208	-57.0506110032
742.317083774	-57.0452873145
742.541867341	-57.0412236913
742.766650907	-57.0396646402
742.991434473	-57.0359992186
743.21621804	-57.0342870433
743.441001606	-57.0305516577
743.665785172	-57.0290211693
743.890568739	-57.023188076
744.115352305	-57.0216160298
744.340135872	-57.016507746
744.564919438	-57.0165852224
744.789703004	-57.016625171
745.014486571	-57.0125011587
745.239270137	-57.0085588234
745.464053703	-57.0041959845
745.68883727	-57.0015159663
745.913620836	-56.9978903574
746.138404403	-56.9966442716
746.363187969	-56.9936071208
746.587971535	-56.9914179454
746.812755102	-56.9863888354
747.037538668	-56.9851107729
747.262322234	-56.9814002648
747.487105801	-56.9806421453
747.711889367	-56.9746701573
747.936672934	-56.9742042113
748.1614565	-56.9683708316
748.386240066	-56.9691188341
748.611023633	-56.9605305202
748.766836274	-56.9539539024
748.922648915	-56.9547112672
749.078461556	-56.9566555429
749.234274197	-56.9567906823
749.390086838	-56.9548061289
749.634498866	-56.9536946759
749.878910893	-56.9518220553
750.123322921	-56.9485743098
750.367734948	-56.9453570417
750.839983919	-56.9399600343
751.312232891	-56.9366569227
751.784481862	-56.9328168584
752.256730833	-56.9277882549
753.101044575	-56.9157537776
753.945358318	-56.9076477476
754.789672061	-56.9003013742
756.110300483	-56.8887201067
758.096379423	-56.8716117585
761.152637471	-56.8457814495
765.85817363	-56.8071305845
770.563709788	-56.7691604716
775.269245947	-56.7325610978
782.351511449	-56.6737742094
789.433776952	-56.6154503262
796.516042455	-56.5516579429
798.28660883	-56.5371324403
800.057175206	-56.5220731291
801.827741582	-56.5065892531
805.864258593	-56.4726634356
809.900775603	-56.4371529855
813.937292614	-56.4044535041
817.973809625	-56.368981672
822.010326636	-56.3370684406
826.046843646	-56.3078424125
830.083360657	-56.2803073295
834.119877668	-56.2536369302
838.156394679	-56.2309051716
842.192911689	-56.2087429147
846.2294287	-56.1921120354
850.265945711	-56.1806360812
856.873233456	-56.1594424382
858.525055393	-56.1569403651
860.176877329	-56.1556277249
861.828699265	-56.1561323528
863.480521202	-56.1559749684
865.132343138	-56.1584868075
866.784165074	-56.1577241116
868.435987011	-56.1636751706
870.087808947	-56.1651243851
871.739630883	-56.1692806096
873.39145282	-56.1698684158
875.043274756	-56.1769007269
876.695096692	-56.1800875486
878.346918629	-56.190968008
879.998740565	-56.1954245658
881.650562502	-56.2021150025
883.302384438	-56.2043984421
884.954206374	-56.2135375541
886.606028311	-56.2185389107
888.257850247	-56.2263274931
889.909672183	-56.2302286847
891.56149412	-56.235913056
893.213316056	-56.2420791762
896.224688243	-56.2540608744
901.448629986	-56.2782686212
909.929894233	-56.3204734334
918.41115848	-56.3636769333
926.892422727	-56.4055205098
931.0	-56.4194691203
931.0	-56.4194691203
931.000694196	-56.457300288
931.001388391	-56.4901707025
931.002544898	-56.5362753062
931.003701405	-56.5766900989
931.005742051	-56.6402840529
931.008997088	-56.7282799131
931.014772167	-56.8622184327
931.020547246	-56.9778758794
931.026322324	-57.0823380166
931.032097403	-57.1786159277
931.041692458	-57.3252580958
931.051287513	-57.458023816
931.060882568	-57.5799440598
931.076941462	-57.7653985939
931.093000356	-57.9325796508
931.124204141	-58.2190362629
931.155407926	-58.4702184871
931.186611712	-58.6963200977
931.217815497	-58.9026750315
931.249019282	-59.0929050145
931.298314212	-59.3669679803
931.347609141	-59.6160919574
931.396904071	-59.8461060747
931.472537514	-60.1699612019
931.548170957	-60.4666687295
931.666274741	-60.8897860587
931.848083464	-61.4750638089
932.029892187	-62.0022685429
932.21170091	-62.4840408664
932.393509633	-62.9321189015
932.575318356	-63.3550044578
932.757127079	-63.7561831587
932.938935802	-64.1373194966
933.120744525	-64.5002595014
933.409296612	-65.0431544523
933.697848698	-65.5499345619
933.986400784	-66.0247314856
934.274952871	-66.4707864233
934.732613385	-67.125374077
935.190273899	-67.722279593
935.647934414	-68.2682836372
936.514587595	-69.1819237812
937.381240777	-69.9610130105
938.247893959	-70.6267570485
939.11454714	-71.1956111119
939.981200322	-71.6807864552
940.847853503	-72.0941851026
941.714506685	-72.4446999527
942.581159866	-72.739612804
943.447813048	-72.9858391602
944.314466229	-73.1886755273
945.181119411	-73.3532821617
946.047772593	-73.4843028195
946.914425774	-73.5852272782
947.781078956	-73.6596103989
948.647732137	-73.7104765906
949.514385319	-73.7406642878
950.3810385	-73.7529997148
951.247691682	-73.7497728401
952.114344863	-73.7331890779
952.980998045	-73.7048710587
953.847651227	-73.6661555068
954.714304408	-73.6184447051
955.58095759	-73.563145393
956.447610771	-73.5015410679
957.314263953	-73.4348183276
958.180917134	-73.3639622831
959.047570316	-73.2897560589
959.914223497	-73.2128446542
960.780876679	-73.133837139
961.647529861	-73.0533678875
962.514183042	-72.9720576611
963.380836224	-72.8904022345
964.247489405	-72.8087910071
965.114142587	-72.727547319
965.698910638	-72.6730614385
966.283678688	-72.6189066329
966.868446739	-72.5651515253
967.45321479	-72.5118836823
968.03798284	-72.4591906583
968.622750891	-72.407151756
969.207518942	-72.3558204775
969.792286992	-72.3052191872
970.377055043	-72.2553585282
970.961823094	-72.2062449467
971.546591144	-72.1578908309
972.131359195	-72.110324255
972.716127246	-72.0635714696
973.300895296	-72.0176468655
973.885663347	-71.9725585966
974.470431398	-71.9283082384
975.055199448	-71.8848951526
975.444577192	-71.8564576483
975.833954936	-71.8284053778
976.223332679	-71.8007396942
976.612710423	-71.7734521547
977.002088167	-71.7465324906
977.39146591	-71.7199749623
977.780843654	-71.693779519
978.170221398	-71.6679497383
978.559599141	-71.6424885169
978.948976885	-71.6173955246
979.338354629	-71.5926681783
979.727732372	-71.5683030719
980.117110116	-71.5442968216
980.506487859	-71.5206465772
980.895865603	-71.4973494653
981.285243347	-71.4744019802
981.67462109	-71.4518003247
982.063998834	-71.4295406194
982.453376578	-71.4076187978
982.842754321	-71.3860308587
983.232132065	-71.3647728658
983.621509809	-71.3438404931
984.010887552	-71.3232289804
984.400265296	-71.3029335795
984.78964304	-71.2829498437
985.179020783	-71.2632737688
985.568398527	-71.2439016929
985.957776271	-71.2248298847
986.347154014	-71.2060543771
986.736531758	-71.1875710389
987.125909501	-71.1693755448
987.515287245	-71.1514635174
987.904664989	-71.1338307064
988.294042732	-71.1164728588
988.683420476	-71.0993856913
989.279613311	-71.0737379853
989.875806146	-71.0487006807
990.471998981	-71.0242592949
991.068191816	-71.0003994439
992.174851517	-70.9576030367
993.281511218	-70.9166699595
994.388170919	-70.8775108757
995.49483062	-70.8400346998
998.144547165	-70.7564327665
1000.79426371	-70.6809871049
1003.44398025	-70.6127223997
1006.0936968	-70.5508122004
1008.74341334	-70.4945364183
1011.39312989	-70.4432863217
1014.04284643	-70.3964918474
1016.69256298	-70.3535569401
1019.34227952	-70.3142500896
1021.99199607	-70.2780440151
1023.42174773	-70.2596880702
1024.8514994	-70.242109717
1026.28125107	-70.2252126271
1027.71100273	-70.2089575431
1029.1407544	-70.1933058216
1030.57050606	-70.1782477776
1032.00025773	-70.163756737
1033.43000939	-70.1498100339
1034.85976106	-70.1363769502
1036.28951272	-70.1234233964
1037.71926439	-70.1109096273
1039.14901605	-70.0988239362
1040.57876772	-70.0871568557
1042.00851938	-70.0758577489
1043.43827105	-70.0649100127
1044.86802272	-70.0543458784
1046.29777438	-70.044114897
1047.72752605	-70.03415049
1049.15727771	-70.0245248954
1049.89423827	-70.0197035078
1050.63119883	-70.0149686896
1051.36815939	-70.0103118634
1052.10511995	-70.0057279362
1052.8420805	-70.0012100383
1053.57904106	-69.9967518581
1054.31600162	-69.9923518744
1055.67651216	-69.9843782648
1057.03702269	-69.9766005508
1058.39753323	-69.9690168154
1060.53741439	-69.9574626995
1062.67729556	-69.9463586521
1064.81717673	-69.9357110317
1068.10476703	-69.9206680999
1071.39235733	-69.9061101587
1074.67994763	-69.8925504221
1077.96753793	-69.8797550968
1081.25512823	-69.8679798171
1084.54271853	-69.8566197448
1087.83030883	-69.8456321885
1091.11789913	-69.8355263966
1094.40548943	-69.8254863189
1097.69307973	-69.8162049464
1100.98067003	-69.8074632656
1104.26826032	-69.7989583383
1107.55585062	-69.7911788448
1110.84344092	-69.7835174209
1114.13103122	-69.7761770429
1117.41862152	-69.7691850499
1120.70621182	-69.7627426128
1123.99380212	-69.7566012569
1127.28139242	-69.7504150818
1130.56898272	-69.7448206876
1131.0	-69.7441540035
1131.0	-69.7441540035
