t	v
0.0	-80.0
0.00260161794331	-79.9966990171
0.00744373107595	-79.990039321
0.0165353107953	-79.9768051961
0.0256268905146	-79.9631924486
0.0437078866126	-79.9354834817
0.0617888827107	-79.9071045023
0.1065061859	-79.8345924932
0.15122348909	-79.7594329807
0.19594079228	-79.6824376336
0.240658095469	-79.6042644091
0.285375398659	-79.5254042813
0.365608347601	-79.3833688384
0.487868364321	-79.1671969499
0.610128381042	-78.9525225341
0.732388397763	-78.7402933958
0.938990886708	-78.3886816375
1.14559337565	-78.0464545087
1.47459469928	-77.5219236571
1.8035960229	-77.0229774811
2.34349303434	-76.2589422591
2.88339004578	-75.5608998594
3.42328705721	-74.9253715295
3.96318406865	-74.3484404254
4.78687983578	-73.572422903
5.6105756029	-72.9106435708
6.91483947722	-72.0665966038
8.21910335153	-71.4328503513
9.52336722585	-70.9702158356
10.8276311002	-70.6457588798
12.1318949745	-70.4319829866
13.4361588488	-70.306132805
15.4066360697	-70.2414621597
17.3771132906	-70.2838430466
19.3475905114	-70.3975369533
21.3180677323	-70.5561278002
23.2885449532	-70.7411383212
25.2590221741	-70.9398774136
27.229499395	-71.1430086071
30.1949701908	-71.444594404
35.0271875741	-71.8975870639
39.8594049574	-72.2854900083
44.6916223406	-72.617344681
48.2535045156	-72.8260739035
51.8153866906	-72.9999963669
55.3772688656	-73.1364961902
58.9391510405	-73.2543798943
62.5010332155	-73.3643440098
66.0629153905	-73.4484546797
68.5975527282	-73.4936445831
71.1321900659	-73.5379646588
73.6668274036	-73.584574112
76.2014647413	-73.6248173203
78.736102079	-73.6536802433
81.2707394167	-73.6777411232
83.8053767544	-73.6982100427
86.3400140921	-73.7174572389
88.8746514298	-73.7367955859
91.4092887675	-73.7492202705
93.9439261052	-73.7606333772
96.4785634429	-73.7729414365
99.0132007805	-73.779669337
101.547838118	-73.7893846587
104.082475456	-73.7974338228
106.617112794	-73.7991770915
109.151750131	-73.8075454765
111.686387469	-73.8118903322
114.221024807	-73.811778541
116.755662144	-73.8207928679
118.584683711	-73.830200032
120.413705277	-73.8328148064
122.242726843	-73.827526649
124.071748409	-73.8239122266
125.900769976	-73.8262461249
127.729791542	-73.829481214
129.558813108	-73.8310154494
131.387834674	-73.8303822099
133.216856241	-73.8303397761
135.045877807	-73.8323064352
136.874899373	-73.8331184328
138.70392094	-73.8337204111
140.532942506	-73.8344024764
142.361964072	-73.8343626055
144.190985638	-73.8356089766
146.020007205	-73.836285015
147.849028771	-73.8362826913
149.678050337	-73.8373063745
151.507071903	-73.8373631127
153.33609347	-73.8377024087
155.165115036	-73.8382592873
156.994136602	-73.8380055821
158.823158168	-73.8385231114
160.652179735	-73.8393620576
162.481201301	-73.83961526
164.310222867	-73.840186964
166.139244433	-73.8404649011
167.968266	-73.8405130658
169.797287566	-73.8410382571
171.626309132	-73.8412634613
173.455330698	-73.8413746972
175.284352265	-73.8417848275
177.113373831	-73.8418630756
178.942395397	-73.8419523376
180.771416963	-73.8423521947
182.60043853	-73.8424080029
184.429460096	-73.8424934661
186.258481662	-73.8428376195
188.087503228	-73.8428123834
189.916524795	-73.8429569358
191.745546361	-73.8432829892
193.574567927	-73.843226689
195.403589493	-73.8432707117
197.23261106	-73.8435402067
199.061632626	-73.8436437862
200.890654192	-73.8438989679
202.719675758	-73.8440540849
204.548697325	-73.8439676686
206.377718891	-73.8441938366
208.206740457	-73.8443565954
210.035762024	-73.8443355892
211.86478359	-73.8445555869
213.693805156	-73.8445890755
215.522826722	-73.8445637306
217.351848289	-73.8448216175
219.180869855	-73.8448239657
221.009891421	-73.8448278113
222.838912987	-73.845055193
224.667934554	-73.8449944692
226.49695612	-73.8450643764
228.325977686	-73.8452787258
230.154999252	-73.8451731235
231.984020819	-73.8452925543
233.813042385	-73.8454553715
235.642063951	-73.8453418941
237.471085517	-73.845520887
239.300107084	-73.8458776438
241.12912865	-73.846078223
242.958150216	-73.8461129861
244.787171782	-73.8459996468
246.616193349	-73.8459469218
249.854925361	-73.8457010042
253.093657373	-73.8466393277
256.332389386	-73.8488484448
259.571121398	-73.8495211541
262.80985341	-73.8485628786
266.048585422	-73.8474114113
269.287317435	-73.8459691143
272.526049447	-73.8454986345
275.764781459	-73.8460662312
279.003513472	-73.8458532529
282.242245484	-73.8458288302
285.480977496	-73.8462785367
288.719709509	-73.8459161645
291.958441521	-73.8460930595
295.197173533	-73.846679153
298.435905545	-73.8462895242
301.674637558	-73.8465009198
304.91336957	-73.8469803187
308.152101582	-73.8465018256
311.390833595	-73.8468111838
314.629565607	-73.8472903151
317.868297619	-73.8472260438
321.107029632	-73.8474471905
324.345761644	-73.8475767183
327.584493656	-73.8473096861
333.632327211	-73.8472512882
339.680160765	-73.8481704006
345.727994319	-73.8488957568
351.775827874	-73.84791457
362.813537978	-73.8479950674
373.851248081	-73.8480061251
384.888958185	-73.8470790771
395.926668289	-73.8478708845
406.964378392	-73.8484597117
418.002088496	-73.8458262807
429.0397986	-73.8465033636
440.077508703	-73.8470809506
451.115218807	-73.8441278075
467.757137545	-73.8477088004
484.399056282	-73.8451429068
501.04097502	-73.8488336267
517.682893758	-73.8624886748
531.0	-73.8536842795
531.0	-73.8536842795
531.000384669	-73.8865106267
531.000769337	-73.9174993773
531.001362956	-73.9629987717
531.002323302	-74.031387705
531.00410555	-74.1463919387
531.005887799	-74.2500316646
531.007670047	-74.3459330512
531.009452295	-74.4361871205
531.012608744	-74.5863036065
531.015765192	-74.7261195507
531.01892164	-74.8579443342
531.024223932	-75.0654753377
531.029526224	-75.2590674204
531.039578244	-75.5969406166
531.049630263	-75.9067351995
531.059682282	-76.1952730742
531.069734301	-76.4663139338
531.07978632	-76.7225807163
531.096325413	-77.1175257716
531.112864506	-77.485905703
531.129403598	-77.833199159
531.145942691	-78.1631079151
531.171106985	-78.6371889617
531.196271279	-79.084012043
531.221435573	-79.5087557243
531.259885256	-80.1228947944
531.298334939	-80.7029447779
531.336784622	-81.2552729297
531.405850818	-82.191987401
531.474917013	-83.0712428493
531.543983209	-83.9034826067
531.613049404	-84.6969104475
531.682115599	-85.4580782505
531.786871584	-86.5608226348
531.891627569	-87.6101345105
531.996383554	-88.6130333896
532.101139538	-89.575056328
532.205895523	-90.5008068763
532.379154523	-91.9617478532
532.552413522	-93.3453191719
532.725672521	-94.6600602246
532.89893152	-95.9126769544
533.07219052	-97.1088090348
533.353031648	-98.9394428506
533.633872777	-100.649386793
533.914713906	-102.250358504
534.338497254	-104.480885817
534.762280602	-106.511261723
535.18606395	-108.36143482
535.609847298	-110.047614154
536.033630646	-111.583572904
536.457413994	-112.980850469
537.128663525	-114.93369049
537.799913057	-116.595737953
538.471162589	-117.995307821
539.142412121	-119.15804002
539.813661652	-120.107412144
540.484911184	-120.864977608
541.551733352	-121.723110306
542.61855552	-122.220086976
543.685377688	-122.421287256
544.752199856	-122.384799136
545.819022024	-122.161554258
546.885844192	-121.79529157
548.52796555	-121.035120084
550.170086908	-120.129325274
551.812208266	-119.154605119
553.454329624	-118.165769858
555.096450982	-117.20012627
556.73857234	-116.280864082
558.380693698	-115.421081928
560.022815056	-114.627168982
561.664936414	-113.901059582
563.307057772	-113.241700882
564.94917913	-112.646089987
567.425975501	-111.859149106
569.902771873	-111.191463588
572.379568245	-110.626036305
574.856364616	-110.147361222
579.977565987	-109.375057422
583.6586975	-108.961926364
587.339829014	-108.638225398
591.020960527	-108.382236633
594.70209204	-108.178074281
598.383223553	-108.014495026
602.064355066	-107.882861243
605.745486579	-107.77713371
609.426618092	-107.692682713
613.107749605	-107.624699647
616.788881118	-107.569363156
620.470012631	-107.524822282
624.151144144	-107.489369185
627.832275658	-107.460895945
631.513407171	-107.43814095
635.194538684	-107.420083203
638.875670197	-107.405561971
642.55680171	-107.394161832
646.237933223	-107.385603682
649.919064736	-107.379045918
653.600196249	-107.373935782
657.281327762	-107.370108577
660.962459275	-107.367350294
664.643590788	-107.365457305
668.324722302	-107.364235179
672.005853815	-107.363497694
675.686985328	-107.363245417
679.368116841	-107.36338462
683.049248354	-107.363722683
686.730379867	-107.36426033
690.41151138	-107.365009135
694.092642893	-107.365902297
697.773774406	-107.366900048
701.454905919	-107.36787425
705.136037432	-107.368831069
708.817168945	-107.369871512
712.498300459	-107.370855219
716.179431972	-107.371819255
718.753595365	-107.372602672
721.327758758	-107.373278815
723.901922152	-107.373713245
726.476085545	-107.374182394
729.050248938	-107.374907936
731.624412332	-107.375716118
734.198575725	-107.376380818
736.772739118	-107.376917075
739.346902512	-107.377470706
741.921065905	-107.378094261
744.495229298	-107.378694371
747.069392691	-107.379199957
749.643556085	-107.379660697
752.217719478	-107.380144778
754.791882871	-107.380652524
757.366046265	-107.381130387
759.940209658	-107.381547761
762.514373051	-107.381945893
765.088536445	-107.382360158
767.662699838	-107.382770067
770.236863231	-107.383153697
772.811026625	-107.383507441
775.385190018	-107.383836945
777.959353411	-107.384164255
780.533516805	-107.38449599
783.107680198	-107.384814549
785.681843591	-107.385110923
788.256006985	-107.385392068
790.830170378	-107.385671516
793.404333771	-107.385948755
795.978497165	-107.386206293
798.552660558	-107.386445164
801.126823951	-107.386678892
803.700987345	-107.386907569
806.275150738	-107.387128831
808.849314131	-107.38733769
811.423477524	-107.38753247
813.997640918	-107.387724072
816.571804311	-107.38790926
819.145967704	-107.388077662
821.720131098	-107.388241679
824.294294491	-107.388409849
826.868457884	-107.388567558
830.804799851	-107.388793202
834.741141817	-107.389008634
838.677483783	-107.389206213
842.61382575	-107.389377202
846.550167716	-107.389535542
850.486509682	-107.3897008
854.422851649	-107.389869021
858.359193615	-107.390027665
862.295535581	-107.390168226
866.231877548	-107.390290588
870.168219514	-107.390407167
874.10456148	-107.390520528
878.040903447	-107.390625484
881.977245413	-107.390724513
885.91358738	-107.390814857
889.849929346	-107.390897804
893.786271312	-107.390980019
897.722613279	-107.391055419
901.658955245	-107.391124642
905.595297211	-107.391192849
909.531639178	-107.39125333
913.467981144	-107.391310213
917.40432311	-107.391367367
921.340665077	-107.391416556
925.277007043	-107.391463764
929.213349009	-107.391511132
931.0	-107.391528489
931.0	-107.391528489
931.000384668	-107.358702567
931.000769337	-107.327714769
931.001362952	-107.282217809
931.002323299	-107.213834238
931.004105496	-107.098849175
931.005887692	-106.995234846
931.007669889	-106.899364675
931.009452085	-106.809147311
931.01260851	-106.6591051
931.015764934	-106.519378798
931.018921359	-106.387657723
931.024223617	-106.180329121
931.029525875	-105.986971379
931.039577304	-105.649633058
931.049628734	-105.340450306
931.059680164	-105.052587067
931.069731593	-104.782273918
931.079783023	-104.52678148
931.096323705	-104.133143895
931.112864387	-103.766182802
931.12940507	-103.420412013
931.145945752	-103.09212826
931.171079554	-102.621316387
931.196213355	-102.177947547
931.221347156	-101.756870883
931.259731416	-101.149076201
931.298115675	-100.575926293
931.336499935	-100.031086026
931.405420366	-99.1097041216
931.474340797	-98.2476800419
931.543261228	-97.4345247892
931.61218166	-96.661986643
931.681102091	-95.9234645809
931.785608189	-94.8585705384
931.890114287	-93.8507593243
931.994620385	-92.892794463
932.099126483	-91.9789344515
932.203632581	-91.10438427
932.376475654	-89.7343189803
932.549318728	-88.448627909
932.722161802	-87.2380254409
932.895004875	-86.0951107417
933.067847949	-85.0135988283
933.348098461	-83.3772064007
933.628348973	-81.8705829055
933.908599485	-80.4799016843
934.333710307	-78.5662430238
934.758821129	-76.8604361674
935.183931951	-75.3371164467
935.609042773	-73.9752720921
936.034153595	-72.7569937329
936.459264417	-71.6671574493
937.127655391	-70.1827648621
937.796046366	-68.9422616632
938.46443734	-67.9109726226
939.132828315	-67.0590158681
939.801219289	-66.3605700455
940.469610264	-65.7937562062
941.504157965	-65.1334938879
942.538705667	-64.6882057498
943.573253368	-64.4132406248
944.607801069	-64.2728975776
945.642348771	-64.2378556359
946.676896472	-64.2849172949
947.711444174	-64.3950097546
948.745991875	-64.5528583158
950.324380641	-64.8581316591
951.902769407	-65.2135856919
953.481158173	-65.5965935865
955.059546939	-65.9920790811
956.637935704	-66.3894356946
958.21632447	-66.7818364577
960.694472041	-67.3780924396
963.172619611	-67.9435751404
965.650767181	-68.4751582335
968.128914751	-68.9727877235
970.607062321	-69.436100245
974.816361106	-70.1439452243
979.025659892	-70.7597854516
983.234958677	-71.2898364299
989.826900409	-71.9643858888
996.41884214	-72.47632652
1003.01078387	-72.8612356204
1009.6027256	-73.1397796141
1016.19466733	-73.3417813345
1022.78660907	-73.4889978821
1029.3785508	-73.5894820451
1035.97049253	-73.6600043242
1042.56243426	-73.7139748589
1049.15437599	-73.748307571
1055.74631772	-73.770783263
1062.33825946	-73.7929532831
1068.93020119	-73.8067604995
1075.52214292	-73.815762079
1082.11408465	-73.8245239928
1088.70602638	-73.828662466
1095.29796811	-73.8306068201
1101.88990985	-73.8358134301
1108.48185158	-73.8380457064
1115.07379331	-73.8369852026
1121.66573504	-73.8381543407
1128.25767677	-73.8386592357
1131.0	-73.839085797
1131.0	-73.839085797
