t	v
0.0	-80.0
0.0021107428119498273	-79.98890711086823
0.004221485623899655	-79.97913609930694
0.008853839677146213	-79.9607391087724
0.013486193730392771	-79.9441579709791
0.022457906561918657	-79.91588277962484
0.03142961939344455	-79.89015104004963
0.047493917606042504	-79.84789823893226
0.06355821581864046	-79.80950893923406
0.10188349709816433	-79.72846377287004
0.1402087783776882	-79.65832674211816
0.17853405965721206	-79.59525365841019
0.21685934093673592	-79.53706393902944
0.2551846222162598	-79.48250338984602
0.32131297378611257	-79.3944239875418
0.3874413253559653	-79.31267034100168
0.4923828588078376	-79.19257923756997
0.5973243922597099	-79.08139906310909
0.7924481659771088	-78.89151391949689
0.9875719396945075	-78.71636938152172
1.1826957134119063	-78.55161578553273
1.377819487129305	-78.39522523341303
1.5729432608467038	-78.24579968869114
1.8913127507275063	-78.01421269982451
2.2096822406083088	-77.7945596181997
2.5280517304891115	-77.58434185688229
3.0419468675063377	-77.26133202084046
3.555842004523564	-76.95495887141998
4.06973714154079	-76.6626990192661
5.113207918571878	-76.1059723959158
6.156678695602967	-75.59284996226152
7.200149472634055	-75.11930789971599
8.243620249665144	-74.68170142404419
9.287091026696233	-74.27644334837134
10.330561803727322	-73.90104329387823
11.935444984771896	-73.3790102357742
14.484335398389605	-72.67643929087748
17.033225812007316	-72.11200132715727
19.582116225625025	-71.66934721913145
22.131006639242734	-71.33402386565608
24.679897052860444	-71.092665453497
27.228787466478153	-70.93312483777379
29.77767788009586	-70.84397876177255
33.73757342424532	-70.82071145103738
37.69746896839477	-70.90839591359452
41.65736451254423	-71.07513890872302
45.61726005669368	-71.2973221787068
49.577155600843135	-71.55457740961901
53.53705114499259	-71.82929119282286
57.49694668914204	-72.10915514030029
61.456842233291496	-72.38392504573852
65.41673777744096	-72.64557431582877
69.37663332159042	-72.88930308874038
73.33652886573988	-73.11150565950985
77.29642440988934	-73.30997292444266
83.55577100106542	-73.57431217108251
89.8151175922415	-73.77946480881657
96.07446418341759	-73.93089997519573
102.33381077459367	-74.03504059608026
108.59315736576976	-74.10046271220153
119.13272271806663	-74.14691619315383
129.6722880703635	-74.14344906714474
140.21185342266037	-74.12006167401698
150.75141877495724	-74.08779694073017
161.29098412725412	-74.05798273870195
171.830549479551	-74.04586183937838
182.37011483184787	-74.03027717408308
189.65500902901627	-74.02148521052311
196.93990322618467	-74.02339456474333
204.22479742335307	-74.02262193188962
211.50969162052147	-74.02201982622249
218.79458581768986	-74.01709035041061
226.07948001485826	-74.01532467785795
233.36437421202666	-74.02282602027154
244.5676734300668	-74.02833070673614
255.77097264810695	-74.02725881684468
266.9742718661471	-74.02914213848712
278.1775710841872	-74.0340830351088
289.3808703022273	-74.03628276251936
300.58416952026744	-74.03923500518869
311.78746873830755	-74.04012278971972
322.99076795634767	-74.03582135360216
334.1940671743878	-74.03556165774206
345.3973663924279	-74.03795238010466
356.600665610468	-74.03271313872288
367.80396482850813	-74.03180073736544
379.00726404654824	-74.03901593669444
390.21056326458836	-74.0385474883575
401.4138624826285	-74.03883478780699
412.6171617006686	-74.03561852348655
423.8204609187087	-74.03220423533301
435.0237601367488	-74.03546418345675
446.22705935478893	-74.03489837084001
457.43035857282905	-74.0301660249476
468.63365779086917	-74.03125048178539
479.8369570089093	-74.03185637293761
491.0402562269494	-74.03510393443005
502.2435554449895	-74.03757808559631
513.4468546630296	-74.0348702077581
524.6501538810697	-74.03581310842713
530.9999999999882	-74.03748519409162
531.0000000000059	-74.03748519409162
531.000578233935	-74.08663422440145
531.0011564678641	-74.13256489174965
531.0020565562396	-74.2000255286708
531.0029566446151	-74.26319620792277
531.0052014432391	-74.4076137163008
531.0074462418631	-74.537987269702
531.0096910404872	-74.65889192266214
531.0119358391112	-74.77290649821313
531.0155944635709	-74.94815885449766
531.0192530880306	-75.11253661103389
531.0229117124903	-75.26832521873449
531.0290226028372	-75.51408293833789
531.0351334931842	-75.74451005271148
531.0447730800222	-76.08340259472882
531.0544126668602	-76.39817108910313
531.0706159384334	-76.88560013236334
531.0868192100066	-77.33379425451079
531.1030224815798	-77.75176318066444
531.119225753153	-78.14479678090892
531.1354290247262	-78.51667636128795
531.1610206646332	-79.06770294348318
531.1866123045401	-79.58230943898036
531.212203944447	-80.06714174968567
531.2513348580426	-80.76083510781972
531.2904657716382	-81.40716439243126
531.3295966852338	-82.0143789023025
531.4020886009041	-83.05628085297577
531.4745805165744	-84.01127890283597
531.5470724322447	-84.8959821686976
531.619564347915	-85.72361267982892
531.6920562635853	-86.50474302474296
531.7645481792556	-87.24688711943543
531.8775810209162	-88.33871391594893
531.9906138625768	-89.36337135339936
532.1036467042373	-90.33172198311391
532.2166795458979	-91.25261349143469
532.3297123875585	-92.13305889611098
532.5042410186636	-93.42524650010664
532.6787696497687	-94.64837885115992
532.8532982808738	-95.8132067941035
533.0278269119789	-96.92816702486228
533.202355543084	-98.00004566232033
533.4953588531691	-99.71720986477364
533.7883621632543	-101.34690074948713
534.0813654733395	-102.90216816355165
534.3743687834246	-104.39270886463702
534.6673720935098	-105.82607075583361
534.960375403595	-107.20807078598831
535.4671247058138	-109.48971780338454
535.9738740080327	-111.64724537620609
536.4806233102515	-113.69163184480959
536.9873726124704	-115.63119532496465
537.4941219146892	-117.47273812371752
538.0008712169081	-119.22163359930602
538.8588714418196	-121.98337911330862
539.7168716667311	-124.5084314989233
540.5748718916426	-126.81065056059383
541.4328721165541	-128.9030687303597
542.2908723414656	-130.79841116203605
543.1488725663771	-132.50911155745672
544.5290658344138	-134.90470969773145
545.9092591024505	-136.90527203933507
547.2894523704872	-138.56046967762634
548.6696456385239	-139.91819173658757
550.0498389065606	-141.02347156789747
551.4300321745973	-141.9172296180344
552.810225442634	-142.6355285043553
554.1904187106707	-143.2094806166848
556.3166307181858	-143.8703512861246
558.442842725701	-144.32755721714807
560.5690547332161	-144.64091561012134
562.6952667407313	-144.8549800754051
564.8214787482465	-145.00115681044792
566.9476907557616	-145.10101464142804
569.0739027632768	-145.17049776735314
571.200114770792	-145.22223988836802
574.4011485004412	-145.28526788286533
577.6021822300904	-145.34683877549793
580.8032159597396	-145.41749931482263
584.0042496893889	-145.50198253704275
587.2052834190381	-145.60181058734076
590.4063171486873	-145.7170488449661
593.6073508783365	-145.84681001580225
596.8083846079858	-145.98931272543578
600.009418337635	-146.14231557818556
604.8485970816405	-146.38868637601874
609.687775825646	-146.64731399522222
614.5269545696515	-146.91292059240286
619.366133313657	-147.18144303579967
624.2053120576625	-147.44912315033775
631.6739485616257	-147.85272005875672
639.142585065589	-148.2369510240734
646.6112215695522	-148.59637890104372
654.0798580735154	-148.92874712948887
665.8341014089317	-149.3962242335852
677.588344744348	-149.79856693232398
689.3425880797643	-150.1421663425849
701.0968314151805	-150.43329015557427
712.8510747505968	-150.67783500248012
733.1847060927269	-151.0086295318521
753.5183374348569	-151.24952550901492
773.851968776987	-151.42234772469178
794.185600119117	-151.54726388809624
814.519231461247	-151.63802164439264
834.8528628033771	-151.7033855549632
865.8235873937731	-151.76971748847336
896.7943119841691	-151.8070035951162
927.7650365745651	-151.82803165880634
930.9999999999793	-151.83046092281174
931.0000000000103	-151.83046092281174
931.0005782211736	-151.7813156333714
931.0011564423368	-151.7353914666418
931.0020564989366	-151.66794574307383
931.0029565555363	-151.60479461342732
931.0052011130919	-151.46045409773697
931.0074456706474	-151.33017844444117
931.0096902282029	-151.20938962782614
931.0119347857584	-151.09550644170005
931.0155927608018	-150.92050822406756
931.0192507358453	-150.7564144089876
931.0229087108887	-150.60093605060257
931.0290181999951	-150.35575872854847
931.0351276891015	-150.12596651769258
931.0447639730448	-149.78820688466635
931.0544002569882	-149.47466477188303
931.0705989351198	-148.98943937450306
931.0867976132515	-148.54361796569535
931.1029962913832	-148.12815023133103
931.1191949695149	-147.73771732057403
931.1353936476465	-147.36851667387907
931.1609800386767	-146.8218022373374
931.1865664297069	-146.31161754656816
931.2121528207371	-145.83127791149437
931.2512740790357	-145.14456362796423
931.2903953373344	-144.50525658721975
931.3295165956331	-143.9050744993926
931.4019377995011	-142.8768897281152
931.474359003369	-141.93545206420256
931.546780207237	-141.06419973413756
931.619201411105	-140.249956144337
931.691622614973	-139.48217479725702
931.764043818841	-138.75335911111878
931.877359853499	-137.67869481794563
931.990675888157	-136.67163134320452
932.1039919228151	-135.72120628554538
932.2173079574732	-134.8184741602159
932.3306239921312	-133.95633553334642
932.5051866888103	-132.69537713539586
932.6797493854895	-131.50316726983306
932.8543120821686	-130.36884817727855
933.0288747788477	-129.28388460683604
933.2034374755268	-128.2413993716792
933.4959979419484	-126.57475585711086
933.78855840837	-124.99298308523014
934.0811188747916	-123.48271999608242
934.3736793412132	-122.0339475423755
934.6662398076348	-120.63878085253195
934.9588002740564	-119.29105728095347
935.4664320899002	-117.05134344937488
935.974063905744	-114.92191005816143
936.4816957215877	-112.89003804089823
936.9893275374314	-110.94574112193462
937.4969593532752	-109.08077587492465
938.004591169119	-107.28848725384884
938.886432472186	-104.33224568694511
939.7682737752531	-101.55739465872844
940.6501150783201	-98.94716707834823
941.5319563813872	-96.48773369099406
942.4137976844543	-94.16745523993298
943.2956389875213	-91.976747587488
944.7169868607847	-88.69869015346603
946.138334734048	-85.70955033617358
947.5596826073114	-82.98777192697506
948.9810304805748	-80.51454048687788
950.4023783538381	-78.27340424172301
951.8237262271015	-76.24973638169631
954.0134327433848	-73.52660772706024
956.2031392596681	-71.24240272299166
958.3928457759514	-69.35547022023651
960.5825522922347	-67.8248324366726
962.772258808518	-66.61043199337439
964.9619653248013	-65.67442255979384
967.1516718410846	-64.98184255890926
969.341378357368	-64.50123696649105
971.5310848736513	-64.20457199529288
973.7207913899346	-64.06662370668093
977.107087356128	-64.11283986334462
980.4933833223214	-64.40786578372004
983.8796792885148	-64.88582604158125
987.2659752547082	-65.49014655856973
990.6522712209016	-66.17404179311285
994.038567187095	-66.90010184704354
997.4248631532885	-67.64001006531332
1000.8111591194819	-68.37269969157407
1004.1974550856753	-69.0824757804876
1007.5837510518687	-69.7582109420454
1010.9700470180621	-70.3920088560852
1014.3563429842555	-70.97847969947506
1017.742638950449	-71.51468431874576
1024.0661819278835	-72.3762929338451
1030.389724905318	-73.05921464787475
1036.7132678827525	-73.57643013580439
1043.036810860187	-73.94973449172846
1049.3603538376215	-74.20181091768684
1055.683896815056	-74.35320091798263
1062.0074397924905	-74.42948215782168
1068.330982769925	-74.45093424455956
1074.6545257473595	-74.43156949581967
1080.978068724794	-74.39171318113287
1087.3016117022285	-74.34035162904233
1093.625154679663	-74.2801803480727
1099.9486976570975	-74.22736518909983
1106.272240634532	-74.17888704549107
1112.5957836119665	-74.1345716197843
1118.919326589401	-74.10347711172749
1125.2428695668355	-74.07658009716064
1130.999999999975	-74.05511137504325
1131.0000000000127	-74.05511137504325
