t	v
0.0	-80.0
0.0021107428119498273	-79.98890711086823
0.004221485623899655	-79.97913609930694
0.008853839677146213	-79.9607391087724
0.013486193730392771	-79.9441579709791
0.022457906561918657	-79.91588277962484
0.03142961939344455	-79.89015104004963
0.047493917606042504	-79.84789823893226
0.06355821581864046	-79.80950893923406
0.10188349709816433	-79.72846377287004
0.1402087783776882	-79.65832674211816
0.17853405965721206	-79.59525365841019
0.21685934093673592	-79.53706393902944
0.2551846222162598	-79.48250338984602
0.32131297378611257	-79.3944239875418
0.3874413253559653	-79.31267034100168
0.4923828588078376	-79.19257923756997
0.5973243922597099	-79.08139906310909
0.7924481659771088	-78.89151391949689
0.9875719396945075	-78.71636938152172
1.1826957134119063	-78.55161578553273
1.377819487129305	-78.39522523341303
1.5729432608467038	-78.24579968869114
1.8913127507275063	-78.01421269982451
2.2096822406083088	-77.7945596181997
2.5280517304891115	-77.58434185688229
3.0419468675063377	-77.26133202084046
3.555842004523564	-76.95495887141998
4.06973714154079	-76.6626990192661
5.113207918571878	-76.1059723959158
6.156678695602967	-75.59284996226152
7.200149472634055	-75.11930789971599
8.243620249665144	-74.68170142404419
9.287091026696233	-74.27644334837134
10.330561803727322	-73.90104329387823
11.935444984771896	-73.3790102357742
14.484335398389605	-72.67643929087748
17.033225812007316	-72.11200132715727
19.582116225625025	-71.66934721913145
22.131006639242734	-71.33402386565608
24.679897052860444	-71.092665453497
27.228787466478153	-70.93312483777379
29.77767788009586	-70.84397876177255
33.73757342424532	-70.82071145103738
37.69746896839477	-70.90839591359452
41.65736451254423	-71.07513890872302
45.61726005669368	-71.2973221787068
49.577155600843135	-71.55457740961901
53.53705114499259	-71.82929119282286
57.49694668914204	-72.10915514030029
61.456842233291496	-72.38392504573852
65.41673777744096	-72.64557431582877
69.37663332159042	-72.88930308874038
73.33652886573988	-73.11150565950985
77.29642440988934	-73.30997292444266
83.55577100106542	-73.57431217108251
89.8151175922415	-73.77946480881657
96.07446418341759	-73.93089997519573
102.33381077459367	-74.03504059608026
108.59315736576976	-74.10046271220153
119.13272271806663	-74.14691619315383
129.6722880703635	-74.14344906714474
140.21185342266037	-74.12006167401698
150.75141877495724	-74.08779694073017
161.29098412725412	-74.05798273870195
171.830549479551	-74.04586183937838
182.37011483184787	-74.03027717408308
189.65500902901627	-74.02148521052311
196.93990322618467	-74.02339456474333
204.22479742335307	-74.02262193188962
211.50969162052147	-74.02201982622249
218.79458581768986	-74.01709035041061
226.07948001485826	-74.01532467785795
233.36437421202666	-74.02282602027154
244.5676734300668	-74.02833070673614
255.77097264810695	-74.02725881684468
266.9742718661471	-74.02914213848712
278.1775710841872	-74.0340830351088
289.3808703022273	-74.03628276251936
300.58416952026744	-74.03923500518869
311.78746873830755	-74.04012278971972
322.99076795634767	-74.03582135360216
334.1940671743878	-74.03556165774206
345.3973663924279	-74.03795238010466
356.600665610468	-74.03271313872288
367.80396482850813	-74.03180073736544
379.00726404654824	-74.03901593669444
390.21056326458836	-74.0385474883575
401.4138624826285	-74.03883478780699
412.6171617006686	-74.03561852348655
423.8204609187087	-74.03220423533301
435.0237601367488	-74.03546418345675
446.22705935478893	-74.03489837084001
457.43035857282905	-74.0301660249476
468.63365779086917	-74.03125048178539
479.8369570089093	-74.03185637293761
491.0402562269494	-74.03510393443005
502.2435554449895	-74.03757808559631
513.4468546630296	-74.0348702077581
524.6501538810697	-74.03581310842713
530.9999999999882	-74.03748519409162
531.0000000000059	-74.03748519409162
531.0012930208102	-74.0580411813248
531.0025860416144	-74.07650589663345
531.0048752729068	-74.10543534795147
531.0071645041992	-74.13190295410834
531.0112623882111	-74.1756493666416
531.0178681831867	-74.238973058736
531.0296752588998	-74.33817001257052
531.041482334613	-74.4248375394763
531.0532894103261	-74.50331486086014
531.0650964860392	-74.575863612246
531.0844602441009	-74.68567597588486
531.1038240021626	-74.7860701653253
531.1231877602243	-74.87911734400258
531.1557584805362	-75.0228764066097
531.1883292008481	-75.15404058022808
531.248647578301	-75.3723607586977
531.3089659557538	-75.56806054822216
531.3692843332067	-75.74731264569755
531.4296027106595	-75.91334116886313
531.4899210881124	-76.0683654934207
531.5910077183787	-76.30799133589062
531.692094348645	-76.52787735654177
531.7931809789113	-76.7324632607889
531.9489580698339	-77.02400276916023
532.1047351607565	-77.29290811206674
532.2605122516791	-77.5438871858671
532.5567348233947	-77.98350667398232
532.8529573951103	-78.38495493498695
533.1491799668258	-78.75634162814484
533.4454025385414	-79.10429965212133
533.741625110257	-79.43403252729571
534.0378476819726	-79.74886393855061
534.4998827079966	-80.21489176282628
534.9619177340205	-80.6545787466393
535.4239527600445	-81.07144454737501
535.8859877860684	-81.46846060969162
536.5883718904141	-82.03859568521865
537.2907559947598	-82.57305219443322
537.9931400991055	-83.07548980885691
538.6955242034512	-83.54855442131156
539.7722962656708	-84.22135054662077
540.8490683278903	-84.83595584035074
541.9258403901099	-85.39714634821532
543.9288029857186	-86.31196417498894
545.9317655813272	-87.07495068169194
547.9347281769359	-87.70139498560034
549.9376907725446	-88.20514551505194
551.9406533681532	-88.59863392787493
553.9436159637619	-88.89320036971479
557.0667279234958	-89.1797026557821
560.1898398832298	-89.28720719864992
563.3129518429637	-89.24892264156507
566.4360638026976	-89.09486772933276
569.5591757624316	-88.85234133048286
572.6822877221655	-88.54520408301724
577.8639653128497	-87.94625926698872
583.0456429035339	-87.30041831808325
588.2273204942181	-86.66084942104666
593.4089980849024	-86.0654226085754
598.5906756755866	-85.53815113904876
603.7723532662708	-85.08881495202064
608.954030856955	-84.72045066544207
614.1357084476392	-84.4307995954245
619.3173860383234	-84.2120343562269
624.4990636290077	-84.05578138416722
629.6807412196919	-83.9527791163574
634.8624188103761	-83.89212043910887
642.8919372425813	-83.86159009121207
650.9214556747866	-83.88162771470085
658.9509741069918	-83.92782210309419
666.980492539197	-83.98120696958046
679.5090468510291	-84.0554990477725
692.0376011628612	-84.10980761101186
704.5661554746932	-84.13336424490548
717.0947097865253	-84.13990355991415
729.6232640983574	-84.14444312562526
742.1518184101894	-84.1377836410577
754.6803727220215	-84.13159873959842
767.2089270338536	-84.12261392371238
779.7374813456856	-84.10936241668948
792.2660356575177	-84.11733555166518
800.933800167559	-84.12163141054793
809.6015646776002	-84.12402503320382
818.2693291876415	-84.12448793314587
826.9370936976827	-84.1192199719367
835.604858207724	-84.11821408193212
844.2726227177652	-84.11956614108328
852.9403872278065	-84.11305152074785
861.6081517378477	-84.11361946357205
870.275916247889	-84.11992646949138
878.9436807579302	-84.11224891035495
887.6114452679715	-84.11057173231995
896.2792097780127	-84.11204403804734
904.946974288054	-84.10417911582442
913.6147387980952	-84.10970364844957
922.2825033081365	-84.11815953566698
930.9502678181777	-84.10549038439741
930.9999999999793	-84.10575309061694
931.0000000000103	-84.10575309061694
931.0012929932399	-84.08521446141216
931.0025859864694	-84.06676678598288
931.0048751399505	-84.03786694857511
931.0071642934316	-84.01142810465855
931.0112620903425	-83.96773108272535
931.0178682424801	-83.90447862347601
931.0296762707077	-83.80539823584438
931.0414842989353	-83.71883822705094
931.0532923271629	-83.64046055131223
931.0651003553905	-83.56800430020108
931.0844712764878	-83.4582988643217
931.103842197585	-83.35799998521217
931.1232131186822	-83.26503586948192
931.1557978700379	-83.12137946586525
931.1883826213935	-82.99028420534806
931.2486797788207	-82.77216568804539
931.3089769362479	-82.57653471678974
931.369274093675	-82.39724866385251
931.4295712511022	-82.23110195725924
931.4898684085293	-82.07589438248932
931.5908548234593	-81.83600167182588
931.6918412383892	-81.61573971281639
931.7928276533191	-81.41071413310776
931.9487065563426	-81.11797141033458
932.104585459366	-80.8479002475138
932.2604643623895	-80.59580499998586
932.5570082200052	-80.1540444388979
932.8535520776209	-79.75070136135913
933.1500959352365	-79.37766604435289
933.4466397928522	-79.02830231736247
933.7431836504679	-78.69740557333958
934.0397275080836	-78.38165682654945
934.5009445376193	-77.91597661485092
934.9621615671549	-77.47707627456721
935.4233785966906	-77.06144784398757
935.8845956262262	-76.66612839385664
936.5862979191535	-76.09898699767133
937.2880002120808	-75.56855763055715
937.989702505008	-75.07110274622092
938.6914047979353	-74.60387379698501
939.7637529645295	-73.94341652839883
940.8361011311238	-73.34214472466529
941.908449297718	-72.79488311059892
943.8837227607689	-71.91430293079601
945.8589962238199	-71.18144007748676
947.8342696868708	-70.57954537715146
949.8095431499218	-70.0934709080346
951.7848166129727	-69.71042638521176
953.7600900760236	-69.41865635672447
955.7353635390746	-69.20748874644421
959.0825073184112	-69.0086846045249
962.4296510977479	-68.97397464908504
965.7767948770845	-69.06841690117113
969.1239386564212	-69.2614420569586
972.4710824357578	-69.52604338336813
975.8182262150945	-69.84140388649031
979.1653699944311	-70.18900597656884
982.5125137737678	-70.55329520121002
985.8596575531044	-70.92352293605539
989.206801332441	-71.28914983343752
992.5539451117777	-71.64251941794917
995.9010888911143	-71.97927423605749
999.248232670451	-72.29396018654138
1002.5953764497876	-72.58423125599164
1005.9425202291243	-72.8492859097919
1009.2896640084609	-73.08680938847752
1012.6368077877976	-73.29777398449943
1015.9839515671342	-73.4830211300945
1019.3310953464709	-73.64224219798622
1024.6082913243667	-73.8469268918484
1029.8854873022626	-73.99980730202968
1035.1626832801585	-74.10696060093836
1040.4398792580544	-74.1758267185746
1045.7170752359502	-74.21479652844013
1050.994271213846	-74.23062975756383
1058.9782642785165	-74.22387261288286
1066.9622573431868	-74.19434082124485
1074.9462504078572	-74.15727913529355
1082.9302434725275	-74.11938350721681
1090.914236537198	-74.08457726317496
1098.8982296018683	-74.05796308964163
1106.8822226665386	-74.03874866406578
1114.866215731209	-74.02493686728226
1122.8502087958793	-74.01821076859414
1130.8342018605497	-74.01611053010193
1130.999999999975	-74.01607020302865
1131.0000000000127	-74.01607020302865
