t	v
0.0	-80.0
0.0021107428119498273	-79.98890711086823
0.004221485623899655	-79.97913609930694
0.008853839677146213	-79.9607391087724
0.013486193730392771	-79.9441579709791
0.022457906561918657	-79.91588277962484
0.03142961939344455	-79.89015104004963
0.047493917606042504	-79.84789823893226
0.06355821581864046	-79.80950893923406
0.10188349709816433	-79.72846377287004
0.1402087783776882	-79.65832674211816
0.17853405965721206	-79.59525365841019
0.21685934093673592	-79.53706393902944
0.2551846222162598	-79.48250338984602
0.32131297378611257	-79.3944239875418
0.3874413253559653	-79.31267034100168
0.4923828588078376	-79.19257923756997
0.5973243922597099	-79.08139906310909
0.7924481659771088	-78.89151391949689
0.9875719396945075	-78.71636938152172
1.1826957134119063	-78.55161578553273
1.377819487129305	-78.39522523341303
1.5729432608467038	-78.24579968869114
1.8913127507275063	-78.01421269982451
2.2096822406083088	-77.7945596181997
2.5280517304891115	-77.58434185688229
3.0419468675063377	-77.26133202084046
3.555842004523564	-76.95495887141998
4.06973714154079	-76.6626990192661
5.113207918571878	-76.1059723959158
6.156678695602967	-75.59284996226152
7.200149472634055	-75.11930789971599
8.243620249665144	-74.68170142404419
9.287091026696233	-74.27644334837134
10.330561803727322	-73.90104329387823
11.935444984771896	-73.3790102357742
14.484335398389605	-72.67643929087748
17.033225812007316	-72.11200132715727
19.582116225625025	-71.66934721913145
22.131006639242734	-71.33402386565608
24.679897052860444	-71.092665453497
27.228787466478153	-70.93312483777379
29.77767788009586	-70.84397876177255
33.73757342424532	-70.82071145103738
37.69746896839477	-70.90839591359452
41.65736451254423	-71.07513890872302
45.61726005669368	-71.2973221787068
49.577155600843135	-71.55457740961901
53.53705114499259	-71.82929119282286
57.49694668914204	-72.10915514030029
61.456842233291496	-72.38392504573852
65.41673777744096	-72.64557431582877
69.37663332159042	-72.88930308874038
73.33652886573988	-73.11150565950985
77.29642440988934	-73.30997292444266
83.55577100106542	-73.57431217108251
89.8151175922415	-73.77946480881657
96.07446418341759	-73.93089997519573
102.33381077459367	-74.03504059608026
108.59315736576976	-74.10046271220153
119.13272271806663	-74.14691619315383
129.6722880703635	-74.14344906714474
140.21185342266037	-74.12006167401698
150.75141877495724	-74.08779694073017
161.29098412725412	-74.05798273870195
171.830549479551	-74.04586183937838
182.37011483184787	-74.03027717408308
189.65500902901627	-74.02148521052311
196.93990322618467	-74.02339456474333
204.22479742335307	-74.02262193188962
211.50969162052147	-74.02201982622249
218.79458581768986	-74.01709035041061
226.07948001485826	-74.01532467785795
233.36437421202666	-74.02282602027154
244.5676734300668	-74.02833070673614
255.77097264810695	-74.02725881684468
266.9742718661471	-74.02914213848712
278.1775710841872	-74.0340830351088
289.3808703022273	-74.03628276251936
300.58416952026744	-74.03923500518869
311.78746873830755	-74.04012278971972
322.99076795634767	-74.03582135360216
334.1940671743878	-74.03556165774206
345.3973663924279	-74.03795238010466
356.600665610468	-74.03271313872288
367.80396482850813	-74.03180073736544
379.00726404654824	-74.03901593669444
390.21056326458836	-74.0385474883575
401.4138624826285	-74.03883478780699
412.6171617006686	-74.03561852348655
423.8204609187087	-74.03220423533301
435.0237601367488	-74.03546418345675
446.22705935478893	-74.03489837084001
457.43035857282905	-74.0301660249476
468.63365779086917	-74.03125048178539
479.8369570089093	-74.03185637293761
491.0402562269494	-74.03510393443005
502.2435554449895	-74.03757808559631
513.4468546630296	-74.0348702077581
524.6501538810697	-74.03581310842713
530.9999999999882	-74.03748519409162
531.0000000000059	-74.03748519409162
531.0006464710094	-73.99385503282127
531.0012929420129	-73.95328578679087
531.0022944496625	-73.89417295404672
531.0038478949114	-73.80991654194798
531.0066672903815	-73.67223286431002
531.0094866858517	-73.54851828814898
531.0123060813219	-73.43405497424052
531.015125476792	-73.32629244971262
531.0196727987385	-73.16259790264398
531.024220120685	-73.00927996849316
531.0287674426314	-72.8642011602796
531.0365188485581	-72.63128704651642
531.0442702544848	-72.41379026681643
531.0566457760898	-72.09164909590183
531.0690212976948	-71.7940956970412
531.0892835514991	-71.34719667097525
531.1095458053034	-70.93754457402953
531.1298080591076	-70.55642329831514
531.1500703129119	-70.19876165383344
531.1703325667162	-69.86096674165381
531.2021507581699	-69.36428312815285
531.2339689496235	-68.90134135542432
531.2657871410772	-68.46596593206688
531.3147251662594	-67.84080745640021
531.3636631914417	-67.25985102825874
531.4126012166239	-66.71525217821517
531.5035739396484	-65.78002634345592
531.5945466626729	-64.92513028657537
531.6855193856974	-64.13473431232693
531.7764921087219	-63.39627129625326
531.8674648317464	-62.69967254901594
531.9584375547709	-62.03773423803647
532.0949102189318	-61.09856769463097
532.2313828830927	-60.21267870522131
532.3678555472536	-59.36959895627064
532.5043282114145	-58.56005150397885
532.6408008755755	-57.775827408816895
532.8506482880856	-56.60201616397887
533.1696740086471	-54.830749658046635
533.4886997292086	-52.9508647996589
533.568456159349	-52.44101307707683
533.6482125894894	-51.900250495290074
533.7279690196298	-51.31809014537452
533.8077254497701	-50.68060634194851
533.8874818799105	-49.96345478854517
533.9672383100509	-49.12487267907535
533.987177417586	-48.88900819991486
534.0071165251212	-48.638892634605895
534.0270556326564	-48.37203479621531
534.0607045008167	-47.87388441223351
534.094353368977	-47.293699156726056
534.1027655860171	-47.13191429184056
534.1111778030572	-46.96158857201541
534.1256811530027	-46.64401528298029
534.1401845029482	-46.28836981930747
534.1546878528936	-45.881555183194926
534.1691912028391	-45.40307436689653
534.1787169487313	-45.035128873488574
534.1882426946236	-44.609623427035245
534.1944264658831	-44.29503237553596
534.2006102371427	-43.94490756297282
534.2067940084022	-43.555543569109936
534.2129777796617	-43.12497829021946
534.2191615509213	-42.65370497255932
534.2253453221808	-42.144662580451445
534.2315290934404	-41.60234775410835
534.2377128646999	-41.03138779665147
534.2438966359595	-40.43530722952133
534.250080407219	-39.81603456523294
534.2562641784785	-39.17410568938737
534.2624479497381	-38.509112081480176
534.2686317209976	-37.820004717004245
534.2748154922572	-37.10516211709506
534.2809992635167	-36.36241900365018
534.2871830347763	-35.589129158107994
534.2933668060358	-34.78220106283355
534.3029053288409	-33.46303780329039
534.312443851646	-32.039157199640314
534.3219823744511	-30.49067998540039
534.3315208972562	-28.793030542708138
534.3474277695353	-25.54564501710179
534.3633346418145	-21.62333770806585
534.3792415140937	-16.81714613392015
534.3951483863729	-10.951113250665777
534.411055258652	-4.026533365212517
534.4269621309312	3.629084748556437
534.4428690032104	11.274145494057548
534.4543545450936	16.315855392678063
534.4658400869768	20.726175891159187
534.47732562886	24.416881522387083
534.4888111707431	27.379406871409948
534.5002967126263	29.677969946452517
534.5117822545095	31.42652696096625
534.5232677963927	32.74012567903904
534.5347533382759	33.70444905099461
534.5462388801591	34.38101542749574
534.5577244220423	34.82308210658249
534.5692099639255	35.07967565757687
534.5806955058086	35.19011227958104
534.5921810476918	35.18124236976416
534.603666589575	35.07178847774701
534.6151521314582	34.87812634249637
534.6266376733414	34.61566358834213
534.6381232152246	34.29691087966789
534.6496087571078	33.93067397858166
534.661094298991	33.5235917496593
534.6725798408742	33.08179093058122
534.6840653827574	32.6110154246862
534.701352346166	31.857419921999604
534.7186393095747	31.059892543791815
534.7359262729833	30.22730454269034
534.753213236392	29.366168691146537
534.7705001998006	28.481554772423817
534.7877871632093	27.57757134715092
534.8050741266179	26.65746717365322
534.8223610900266	25.723777843925713
534.8396480534352	24.778523670068576
534.8569350168439	23.823358858894075
534.8742219802525	22.859656222195238
534.8915089436612	21.888553776152836
534.91805361292	20.38513242777909
534.9445982821787	18.869264751746222
534.9711429514375	17.343192974476167
534.9976876206963	15.808851285323572
535.0242322899551	14.267986214422033
535.0507769592139	12.722201384193033
535.0773216284726	11.172980258163756
535.1038662977314	9.621715081158904
535.1304109669902	8.069740143028632
535.156955636249	6.518351059383811
535.1981544302481	4.114600877230316
535.2393532242472	1.719563296485034
535.2805520182463	-0.6628420773609088
535.3217508122455	-3.0295582760044306
535.3629496062446	-5.3784412416561045
535.4041484002437	-7.708285377281784
535.4453471942428	-10.018944048623435
535.4865459882419	-12.31147553770774
535.527744782241	-14.581326214530224
535.5689435762401	-16.807609407536226
535.6101423702393	-18.98713541126247
535.6513411642384	-21.115060649635115
535.6925399582375	-23.188402476062656
535.7337387522366	-25.20758723600069
535.7749375462357	-27.179496054452407
535.8161363402348	-29.111416586327422
535.857335134234	-31.009414294460292
535.8985339282331	-32.87529626366907
535.9397327222322	-34.70736015141366
535.9809315162313	-36.49883777750656
536.0221303102304	-38.23880812336564
536.0633291042295	-39.91183891581765
536.1045278982286	-41.49966657683493
536.1457266922278	-42.98252418705451
536.1869254862269	-44.34563025639258
536.228124280226	-45.58226230373309
536.2693230742251	-46.68922040165195
536.3105218682242	-47.667467300332504
536.3517206622233	-48.522651906566466
536.3929194562224	-49.26435453418696
536.4341182502216	-49.90421870277773
536.4753170442207	-50.45413478444928
536.5165158382198	-50.925579539075706
536.5577146322189	-51.3296273418225
536.598913426218	-51.67668435761536
536.6401122202171	-51.976004952474426
536.6813110142162	-52.23549658950941
536.7477475996301	-52.585963271566506
536.8141841850439	-52.87202601428038
536.8806207704578	-53.111040098150895
536.9470573558716	-53.31553842581629
537.0134939412854	-53.49439350983553
537.0799305266993	-53.65382887285244
537.1463671121131	-53.79817480640065
537.212803697527	-53.93042306532686
537.2792402829408	-54.052615813288504
537.3813048152482	-54.223160189851924
537.4833693475556	-54.37602202476691
537.585433879863	-54.51351495669253
537.6874984121704	-54.63683724142968
537.7895629444778	-54.746554409608414
537.8916274767852	-54.84300932606861
538.0494687086904	-54.966457551057076
538.2073099405956	-55.060249159528965
538.3651511725008	-55.12641082383058
538.522992404406	-55.166889131059946
538.6808336363111	-55.18337697770529
538.9178781853508	-55.16624313978932
539.1549227343904	-55.10346077076308
539.3919672834301	-54.999677420939726
539.6290118324697	-54.8588444737179
539.8660563815093	-54.68402549198486
540.103100930549	-54.47756454458558
540.5005983653684	-54.06441244524434
540.8980958001879	-53.57013302046618
541.2955932350073	-52.9906772082887
541.6930906698268	-52.31268761773263
542.0905881046463	-51.50566236379234
542.4880855394657	-50.507414041187126
542.8855829742852	-49.17206576478297
542.98495733299	-48.75204602054608
543.0843316916948	-48.274167206618
543.1837060503997	-47.71926253696168
543.2830804091045	-47.06524777250885
543.3824547678093	-46.263724615280374
543.4818291265142	-45.23132508824875
543.5066727161905	-44.92174965241316
543.5315163058667	-44.58328957361465
543.556359895543	-44.211310823521565
543.5812034852192	-43.79972705113921
543.6060470748955	-43.33953682462779
543.6308906645718	-42.81808799421408
543.655734254248	-42.21729273036382
543.6805778439243	-41.50885221115446
543.696135267131	-40.99118085562686
543.7116926903377	-40.395282995520475
543.7272501135444	-39.692763953299895
543.7371361816457	-39.17260122747938
543.747022249747	-38.57842439025891
543.7535877853849	-38.13501497604893
543.7601533210227	-37.64768328841943
543.7667188566605	-37.1136765210366
543.7732843922984	-36.53239592309066
543.7798499279362	-35.90560295033791
543.786415463574	-35.23685847069516
543.7929809992119	-34.530296376054565
543.7995465348497	-33.78934462782318
543.8061120704875	-33.015991709145254
543.8126776061254	-32.210705904712256
543.8192431417632	-31.372712043192717
543.825808677401	-30.50029380358515
543.8323742130389	-29.590994821339574
543.8389397486767	-28.641754651155882
543.8455052843145	-27.649037038226204
543.855929869553	-25.97389023778861
543.8663544547916	-24.16263963450441
543.8767790400301	-22.198368392049055
543.8872036252686	-20.065767787239526
543.9036822127298	-16.326449465164785
543.920160800191	-12.138030825156335
543.9366393876521	-7.57450452861247
543.9531179751133	-2.801797818300009
543.9695965625745	1.9338369512011322
543.9860751500356	6.372526090300436
544.0025537374968	10.324005697942459
544.019032324958	13.696304586695964
544.0355109124191	16.472330061590423
544.0519894998803	18.68502571307235
544.0684680873414	20.403494213342345
544.0849466748026	21.71293231477768
544.1014252622638	22.69007933247895
544.1179038497249	23.39137828594023
544.1343824371861	23.858465370596164
544.1508610246473	24.12832634055668
544.1673396121084	24.235715387892768
544.1838181995696	24.209080135036007
544.2002967870308	24.068787184120385
544.2167753744919	23.830384403556486
544.2332539619531	23.508091084735362
544.2497325494143	23.115005601364874
544.2662111368754	22.66176793806281
544.2826897243366	22.156440543079075
544.3074898923005	21.312877436297146
544.3322900602644	20.38632406675518
544.3570902282283	19.391891729313915
544.3818903961923	18.34221566007529
544.4066905641562	17.247531566897184
544.4314907321201	16.115972083639402
544.456290900084	14.95409270128776
544.4935282807959	13.16429707942701
544.5307656615078	11.332836771603622
544.5680030422196	9.471052604958654
544.6052404229315	7.588208193645146
544.6424778036434	5.692007801746228
544.6797151843552	3.788853159945605
544.7169525650671	1.8840809265426106
544.754189945779	-0.01779924602092317
544.8126034226722	-2.9861913853554825
544.8710168995653	-5.925978610523713
544.9294303764585	-8.827975870274848
544.9878438533517	-11.68638113101786
545.0462573302449	-14.498059714452312
545.1046708071381	-17.223874998359857
545.1630842840312	-19.855751262426015
545.2214977609244	-22.384013325898106
545.2799112378176	-24.808004987021626
545.3383247147108	-27.12688993970872
545.396738191604	-29.34591401210933
545.4551516684971	-31.469125005953238
545.5135651453903	-33.49762665803014
545.5719786222835	-35.42446668151791
545.6303920991767	-37.237016447037725
545.6888055760699	-38.91782191511141
545.7295046157618	-40.00144680804587
545.7702036554538	-41.007772444840114
545.8109026951457	-41.934931583775196
545.8516017348377	-42.78395110584989
545.8923007745296	-43.558486755859086
545.9329998142216	-44.26326775004116
545.9945220550569	-45.20729910388763
546.0560442958922	-46.02097308401393
546.1175665367275	-46.72187000713642
546.1790887775628	-47.32664382958273
546.2406110183981	-47.85058865845677
546.3021332592334	-48.30704270550901
546.3636555000687	-48.707215826769
546.4571423278352	-49.228445367825266
546.5506291556017	-49.66790318143496
546.6441159833681	-50.04545319087327
546.7376028111346	-50.37560066732663
546.8310896389011	-50.668691019125816
546.9245764666675	-50.93199258842334
547.018063294434	-51.17060998881613
547.1598659266512	-51.49371833005839
547.3016685588683	-51.777398868713824
547.4434711910855	-52.02698080966009
547.5852738233026	-52.24615263738834
547.7270764555198	-52.43771770340345
547.8688790877369	-52.60396044009225
548.0830087889319	-52.81173673737371
548.2971384901269	-52.972751293376916
548.511268191322	-53.091659919406936
548.725397892517	-53.17207883516574
548.939527593712	-53.21743056638109
549.2692771994065	-53.226350187733026
549.599026805101	-53.170340925219875
549.9287764107954	-53.057375878773264
550.2585260164899	-52.89240771395068
550.75357043959	-52.55244048056626
551.2486148626901	-52.10294988934453
551.7436592857903	-51.536893528363024
552.2387037088904	-50.81872949903606
552.7337481319905	-49.89139406091366
553.0604509767088	-49.07849698906919
553.3871538214271	-47.96849894328938
553.4688295326066	-47.61364025300653
553.5505052437861	-47.20737779981802
553.6321809549656	-46.73788870203885
553.7138566661451	-46.192837895710205
553.7955323773247	-45.5364195898529
553.8772080885042	-44.70837346888668
553.8976270162991	-44.46388986577359
553.918045944094	-44.199185839238694
553.938464871889	-43.91107964212093
553.9588837996839	-43.595458051544284
553.9793027274789	-43.24641905338134
553.9997216552738	-42.85556129476802
554.0201405830687	-42.4106817338313
554.0405595108637	-41.89276980398855
554.0546455196813	-41.47775866474031
554.068731528499	-40.99779742561916
554.0828175373167	-40.429064228769484
554.0909688015531	-40.04691478182165
554.0991200657895	-39.616578649137125
554.1072713300259	-39.130957835976886
554.1154225942623	-38.58536602261569
554.1209220972063	-38.18293093566323
554.1264216001503	-37.75444361244343
554.1319211030942	-37.30233835504714
554.1374206060382	-36.82934826512287
554.1429201089821	-36.3380524297532
554.1484196119261	-35.83062322017403
554.1539191148701	-35.30869603743856
554.159418617814	-34.773306317426425
554.164918120758	-34.224908834705225
554.170417623702	-33.663477979318834
554.1796183187704	-32.69392430440798
554.1888190138388	-31.683301336916546
554.1980197089073	-30.626565471473498
554.2072204039757	-29.517651967065856
554.2164210990442	-28.349812117723072
554.2256217941126	-27.115701533284692
554.2395569504192	-25.102779920770452
554.2534921067258	-22.892513874916997
554.2674272630325	-20.45994117696787
554.2813624193391	-17.78883532571905
554.2952975756457	-14.879303948997512
554.3092327319523	-11.756364061239987
554.3231678882589	-8.475803604552032
554.3371030445655	-5.111199572527541
554.3510382008722	-1.7609712612431538
554.3649733571788	1.4698957692839527
554.3789085134854	4.489799200171149
554.392843669792	7.234216063125835
554.4067788260986	9.66768059967815
554.4207139824052	11.780256920718925
554.4346491387118	13.581713340713698
554.4485842950185	15.094746623150362
554.4625194513251	16.34846598567066
554.4764546076317	17.37331126142975
554.4903897639383	18.19794595242579
554.5043249202449	18.84794247974319
554.5182600765515	19.345613330047065
554.5398394877427	19.859822976226496
554.5614188989339	20.113607600108033
554.582998310125	20.154509950963565
554.6045777213162	20.020817057046532
554.6261571325074	19.742848895012468
554.6477365436986	19.344389893447197
554.6693159548897	18.8445448442349
554.6908953660809	18.259182384279963
554.7124747772721	17.60161215274385
554.7340541884632	16.882878930201645
554.7670959838981	15.684324721372658
554.800137779333	14.389674482575822
554.8331795747679	13.019026449234833
554.8662213702028	11.58843226353984
554.8992631656376	10.110928100628827
554.9323049610725	8.597051622932325
554.9653467565074	7.055307116980983
554.9983885519423	5.492683114509165
555.0314303473772	3.9150938933421955
555.0822697651546	1.4701567840449945
555.133109182932	-0.9827940721872528
555.1839486007094	-3.4316092154542552
555.2347880184868	-5.866626842131136
555.2856274362642	-8.280221558850702
555.3364668540416	-10.666586239597782
555.387306271819	-13.021603808159012
555.4381456895965	-15.331673119747085
555.4889851073739	-17.58310047798387
555.5398245251513	-19.762394843123776
555.5906639429287	-21.864972324394277
555.6415033607061	-23.888956692805987
555.6923427784835	-25.835374630964285
555.7431821962609	-27.706989690134158
555.7940216140383	-29.50732312082659
555.8448610318158	-31.23753679672917
555.8957004495932	-32.8957991585611
555.9465398673706	-34.47728759312757
555.997379285148	-35.975470434732536
556.0482187029254	-37.38207405784827
556.0990581207028	-38.688401108001734
556.1498975384802	-39.8871366511894
556.2007369562576	-40.9757263441837
556.251576374035	-41.9569241284723
556.3024157918125	-42.837057357094984
556.3532552095899	-43.624770220802
556.4333509724502	-44.698760231564584
556.5134467353105	-45.600879943112155
556.5935424981708	-46.361606289009565
556.6736382610311	-47.00611547730238
556.7537340238914	-47.556790179564246
556.8338297867517	-48.0330866568963
556.913925549612	-48.45024266649592
556.9940213124723	-48.81967840207974
557.0741170753327	-49.15026572773791
557.196787112088	-49.59730785460833
557.3194571488434	-49.98866599633116
557.4421271855988	-50.33682225343329
557.5647972223542	-50.650161619057066
557.6874672591096	-50.93430187588446
557.8101372958649	-51.19303843366158
557.9328073326203	-51.42910717657785
558.0554773693757	-51.644636497368374
558.2439587165514	-51.939834494251386
558.4324400637272	-52.19566952271464
558.620921410903	-52.4156554176851
558.8094027580787	-52.602697738439666
558.9978841052545	-52.7596704862329
559.2952491183937	-52.95319536828374
559.592614131533	-53.08880163633996
559.8899791446722	-53.174015620294185
560.1873441578115	-53.21416371727908
560.654156681358	-53.19846311550132
561.1209692049046	-53.09780649693956
561.5877817284511	-52.92452501619765
562.0545942519976	-52.6812834752515
562.5214067755442	-52.371202322837334
562.9882192990907	-51.98611706677063
563.4550318226372	-51.52133718488221
563.9218443461838	-50.94854843310843
564.3886568697303	-50.22411576305884
564.8554693932768	-49.228081710736696
564.9721725241635	-48.90907651208565
565.0888756550502	-48.545062628870234
565.2055787859368	-48.12324170618988
565.3222819168235	-47.630352645946815
565.4389850477102	-47.03322293884794
565.5556881785968	-46.277558567918845
565.5848639613184	-46.05402097754498
565.61403974404	-45.8117359223716
565.6432155267617	-45.54804411342231
565.6910507336645	-45.05834199074705
565.7388859405673	-44.47410174154503
565.750844742293	-44.30969414431682
565.7628035440187	-44.136071797971255
565.7862254106464	-43.76442463378383
565.809647277274	-43.34076083555304
565.8234156600522	-43.06131744901565
565.8371840428304	-42.753274338831595
565.8509524256085	-42.40942571216398
565.8647208083867	-42.01949098673266
565.8732512273251	-41.74894645463293
565.8817816462636	-41.45055750282421
565.890312065202	-41.11817684459658
565.8988424841405	-40.7442891495736
565.9040351763722	-40.49283795520785
565.9092278686039	-40.220833128878894
565.9144205608357	-39.9263958592993
565.9196132530674	-39.60806388213037
565.9248059452991	-39.265009457289814
565.9299986375308	-38.89724122782775
565.9351913297626	-38.50566829179757
565.9403840219943	-38.09197838127675
565.945576714226	-37.658354387612754
565.9507694064578	-37.20711537345071
565.9559620986895	-36.74038581570744
565.9611547909212	-36.25986876255769
565.966347483153	-35.76674547604189
565.9715401753847	-35.26167991722195
565.9767328676164	-34.744886214389496
565.9849782622796	-33.89964597482633
565.9932236569427	-33.02243253372375
566.0014690516059	-32.11012239707366
566.0097144462691	-31.15856478865224
566.0179598409322	-30.16292283453352
566.0262052355954	-29.117852925707346
566.0344506302586	-28.017511684104523
566.049566649953	-25.83551931326096
566.0646826696475	-23.40552016344468
566.0797986893419	-20.6872139902241
566.0949147090364	-17.651050453798046
566.1100307287309	-14.291728399437378
566.1251467484253	-10.644928317637767
566.1402627681198	-6.794477091338921
566.1553787878142	-2.8609067329854083
566.1704948075087	1.0005031228837509
566.1856108272032	4.636768002826235
566.2007268468976	7.931393655149115
566.2158428665921	10.819849492012544
566.2309588862865	13.283810314812591
566.246074905981	15.338177662851214
566.2611909256755	17.018272070859204
566.2763069453699	18.368973366144267
566.2914229650644	19.43634057959922
566.3065389847588	20.26234169418826
566.3216550044533	20.88278683075057
566.3367710241478	21.327553216636446
566.3518870438422	21.621672002847376
566.3746109762386	21.82597955613751
566.397334908635	21.795678743281993
566.4200588410314	21.57485745547153
566.4427827734278	21.19905101768717
566.4655067058242	20.697009248151222
566.4882306382206	20.091078228989872
566.510954570617	19.398652018475637
566.5336785030133	18.633796579726752
566.5564024354097	17.80823457023927
566.5791263678061	16.931732114053688
566.6018503002025	16.012311380730235
566.6245742325989	15.056569183519729
566.6590541977391	13.549298287364897
566.6935341628794	11.986899339724811
566.7280141280196	10.381809089230378
566.7624940931598	8.744120481784837
566.7969740583001	7.082151424679664
566.8314540234403	5.402805462311665
566.8659339885805	3.711858156145421
566.9004139537208	2.0142007442056764
566.9540467356629	-0.6299573921305358
567.0076795176051	-3.266956607795466
567.0613122995472	-5.8864292265414555
567.1149450814894	-8.480435716363774
567.1685778634316	-11.043231510616014
567.2222106453737	-13.571083323136314
567.2758434273159	-16.044760273754495
567.329476209258	-18.440967928946822
567.3831089912002	-20.755771597436492
567.4367417731423	-22.991275139863532
567.4903745550845	-25.14444925170823
567.5440073370266	-27.213226759622533
567.5976401189688	-29.20042855554704
567.651272900911	-31.110075938873283
567.7049056828531	-32.942314688575536
567.7585384647953	-34.69147664022454
567.8121712467374	-36.34836404807521
567.8658040286796	-37.90130977149836
567.9194368106217	-39.33866802503882
567.9730695925639	-40.651142976346684
568.026702374506	-41.83618682112552
568.0803351564482	-42.89785987505631
568.1339679383904	-43.84534771718026
568.1876007203325	-44.68958899119467
568.2699987772976	-45.80815834736024
568.3523968342627	-46.74369097488989
568.4347948912277	-47.53129745740606
568.5171929481928	-48.200418672169924
568.5995910051579	-48.77491330782747
568.681989062123	-49.2742452742584
568.764387119088	-49.71405609946332
568.8467851760531	-50.10651741023355
568.9291832330182	-50.4608902934119
569.0115812899833	-50.78420894180662
569.1387266183862	-51.234388261663604
569.265871946789	-51.637243823551096
569.3930172751919	-52.001605972677595
569.5201626035948	-52.333287995832045
569.6473079319977	-52.63632582971044
569.7744532604006	-52.91375100828544
569.9015985888035	-53.168000992496204
570.0941483160955	-53.51351513476592
570.2866980433874	-53.81618505549193
570.4792477706794	-54.08006529637119
570.6717974979714	-54.308610370427104
570.8643472252634	-54.50531947587678
571.162558299104	-54.75518171654094
571.4607693729447	-54.947889789797124
571.7589804467854	-55.09187020769307
572.057191520626	-55.19331722154028
572.5326802594938	-55.28122139846971
573.0081689983615	-55.29412236335504
573.4836577372292	-55.2461200700447
573.959146476097	-55.14546835147198
574.4346352149647	-55.002414274077644
574.9101239538325	-54.81972315630739
575.3856126927002	-54.60798503465304
575.8611014315679	-54.35512082496166
576.3365901704357	-54.070693926731515
576.8120789093034	-53.74835842950326
577.2875676481711	-53.4051736418691
577.7630563870389	-53.01972341702175
578.2385451259066	-52.57009628553037
578.7140338647744	-52.045146467223475
579.1895226036421	-51.394817092980844
579.6650113425098	-50.547839471878596
579.9893883634987	-49.76964911464644
580.3137653844876	-48.641893163300615
580.3948596397348	-48.27015149608125
580.475953894982	-47.838906606583784
580.5570481502292	-47.32854687040214
580.6381424054764	-46.70821984424287
580.7192366607236	-45.926980445774504
580.7395102245354	-45.69755249433326
580.7597837883471	-45.44983563883351
580.7902163842181	-45.037927178846594
580.8272561885174	-44.454909406784815
580.8642959928167	-43.749097139907235
580.8735559438915	-43.547875668835516
580.8828158949663	-43.334229592389605
580.8995937183805	-42.90988897109243
580.9163715417948	-42.425971785388114
580.933149365209	-41.86286106898713
580.9499271886233	-41.1895407634361
580.9667050120376	-40.35694465097619
580.9681618946147	-40.27501741540995
580.9696187771918	-40.19125293420831
580.971075659769	-40.10560190712744
580.9733454957866	-39.96828092672221
580.9756153318042	-39.826085172042745
580.9778851678218	-39.67884312464634
580.9801550038394	-39.526387157366045
580.9838269185636	-39.26833649839273
580.9874988332879	-38.99570289195328
580.9935465774985	-38.51414999009218
580.9995943217091	-37.99210059228349
581.0056420659197	-37.43101851926799
581.0116898101303	-36.833755659496234
581.0177375543409	-36.20365866565164
581.0237852985515	-35.54353973707504
581.0298330427621	-34.85502893986618
581.0358807869727	-34.138503341840554
581.0419285311833	-33.39333113124167
581.0479762753939	-32.61811571047691
581.0540240196045	-31.81082238474732
581.0600717638151	-30.968844681665693
581.0697142905958	-29.54682100143475
581.0793568173765	-28.013817382517956
581.0889993441572	-26.352617973000044
581.0986418709379	-24.54419968894779
581.1082843977185	-22.568515805218908
581.1179269244992	-20.4057992726287
581.1359184941564	-15.816854763460444
581.1539100638136	-10.495088279703179
581.1719016334707	-4.568896486848048
581.1898932031279	1.626806959584324
581.2078847727851	7.585328227892687
581.2258763424422	12.839070466679383
581.2378662333738	15.82365235793296
581.2498561243053	18.389366141239883
581.2618460152369	20.546926739024993
581.2738359061684	22.32277377821624
581.2858257971	23.76082038494709
581.2978156880315	24.91193203085083
581.309805578963	25.822264159921886
581.3217954698946	26.528984653266328
581.3337853608261	27.061957137172662
581.3457752517577	27.446424968697784
581.3577651426892	27.704195376971928
581.3771081047836	27.898457380387732
581.396451066878	27.87162546103861
581.4157940289723	27.66857971562968
581.4351369910667	27.32430236389691
581.454479953161	26.866730681362895
581.4738229152554	26.317376003710294
581.4931658773497	25.692668395026168
581.5125088394441	25.005534652879433
581.5318518015384	24.26647002429107
581.5511947636328	23.484053249954197
581.5705377257271	22.66521057092975
581.5898806878215	21.81551642837671
581.6194966794925	20.465088540932623
581.6491126711635	19.066142390295404
581.6787286628345	17.628439448471735
581.7083446545055	16.159824912809828
581.7379606461765	14.666614190760681
581.7675766378475	13.153899666180923
581.7971926295185	11.625896677100265
581.8268086211895	10.086156342945579
581.8564246128605	8.537730291338177
581.8860406045314	6.983313589806071
581.9311656137845	4.608835526968217
581.9762906230376	2.2335859257389865
582.0214156322907	-0.13598506908310262
582.0665406415437	-2.4945557105602694
582.1116656507968	-4.837848838083274
582.1567906600499	-7.162562498316258
582.2019156693029	-9.466392138152214
582.247040678556	-11.748078225403388
582.2921656878091	-14.006759632167471
582.3620101026315	-17.423555445516165
582.431854517454	-20.71397632351594
582.5016989322764	-23.853613456366507
582.5715433470989	-26.853705310387536
582.6413877619214	-29.738618401447006
582.6878460593646	-31.59593231677682
582.7343043568078	-33.39777541358814
582.780762654251	-35.140744853363415
582.8272209516942	-36.82021827694712
582.8736792491375	-38.42713144987621
582.9201375465807	-39.947856136045715
582.9665958440239	-41.36831471714424
583.0130541414671	-42.67864181911199
583.0595124389104	-43.87584957423242
583.1059707363536	-44.96348481910333
583.1524290337968	-45.94653306054987
583.19888733124	-46.83075055834516
583.2453456286833	-47.623321868265336
583.2918039261265	-48.3328739206803
583.3666636828591	-49.3237065027828
583.4415234395917	-50.15759320708238
583.5163831963243	-50.86640589168933
583.591242953057	-51.475931995867214
583.6661027097896	-52.007208037589315
583.7409624665222	-52.47703613938638
583.8158222232548	-52.898033488871064
583.8906819799874	-53.27952268492263
583.9655417367201	-53.628601107667585
584.0404014934527	-53.950713014300725
584.1152612501853	-54.24994151891382
584.2283057095477	-54.66513657418261
584.3413501689101	-55.04263849078389
584.4543946282726	-55.3874171881635
584.567439087635	-55.70305810313763
584.6804835469974	-55.992377301452855
584.8521053716707	-56.38684457286945
585.0237271963441	-56.73330470328247
585.1953490210175	-57.03692691156342
585.3669708456908	-57.30192528465972
585.5385926703642	-57.53231614164558
585.7102144950376	-57.73204417875141
585.980594299816	-57.992860255929344
586.2509741045943	-58.19768738065395
586.5213539093727	-58.35506849190015
586.7917337141511	-58.47154045750227
587.2008672145339	-58.58310075742909
587.6100007149167	-58.631152922874755
588.0191342152996	-58.62895272675912
588.4282677156824	-58.58651621884495
588.8374012160652	-58.51138804760261
589.5024161925635	-58.334101252248026
590.1674311690617	-58.10631459085237
590.83244614556	-57.8418063533205
591.4974611220582	-57.55040721271549
592.1624760985565	-57.239849410833685
592.8274910750547	-56.91553874344375
593.4925060515529	-56.579836232492184
594.1575210280512	-56.23272503036973
594.8225360045494	-55.8757033602031
595.4875509810477	-55.50623415655723
596.1525659575459	-55.12272796367551
596.8175809340441	-54.71834372079803
597.4825959105424	-54.289120741756406
598.1476108870406	-53.824433199291995
598.8126258635389	-53.30447652766381
599.4776408400371	-52.69822639491069
600.1426558165354	-51.940022242290205
600.8076707930336	-50.856997620747116
600.9739245371582	-50.49989684658095
601.1401782812827	-50.07649026470755
601.3064320254073	-49.56143467946389
601.4726857695318	-48.91316420621773
601.6389395136564	-48.05811895577582
601.6805029496876	-47.795096813310394
601.7220663857188	-47.501209827079194
601.76362982175	-47.17238527941857
601.8431561788728	-46.41602687258338
601.8630377681536	-46.19575600111145
601.8829193574344	-45.959026365598156
601.9168996176004	-45.50931933215255
601.9508798777664	-44.98910467573254
601.9848601379324	-44.37624878288311
602.0049484861781	-43.958289043526044
602.0250368344239	-43.48687442688876
602.0451251826696	-42.947316905964314
602.0570580922928	-42.58684244315572
602.068991001916	-42.1892285904147
602.0809239115391	-41.74609606908832
602.0928568211623	-41.24600549972104
602.1047897307855	-40.67320727209333
602.1167226404086	-40.00595818303658
602.1222551899871	-39.657231496347016
602.1277877395655	-39.27868215988607
602.133320289144	-38.86692383603806
602.1388528387224	-38.41904219691441
602.1443853883009	-37.93287361853404
602.1499179378793	-37.40733674930372
602.1554504874578	-36.842578904124814
602.1609830370362	-36.239812351514914
602.1665155866147	-35.60084071586597
602.1720481361931	-34.92744552339628
602.1775806857715	-34.220850315974154
602.18311323535	-33.48140291653178
602.1886457849284	-32.70846926166561
602.1941783345069	-31.900518336416415
602.1997108840853	-31.055275433156293
602.2081505853396	-29.68728724763536
602.2165902865938	-28.213234926315213
602.2250299878481	-26.618390164660973
602.2334696891023	-24.885754644928316
602.2419093903566	-22.996832780165583
602.2503490916108	-20.93272403785352
602.2587887928651	-18.675483924329626
602.27309209949	-14.3734492341686
602.2873954061149	-9.469472104049437
602.3016987127398	-4.0541415929141476
602.3160020193648	1.6478568518997163
602.3303053259897	7.275890131163508
602.3446086326146	12.47973008496339
602.3589119392395	16.981058409567833
602.3732152458645	20.672638389377376
602.3875185524894	23.59671936929234
602.4018218591143	25.85122879257193
602.4161251657392	27.544152776347325
602.4304284723642	28.78206655420497
602.4447317789891	29.66067958607773
602.459035085614	30.25688418654359
602.4733383922389	30.628177168555172
602.4876416988639	30.817394655297537
602.5019450054888	30.857862613720062
602.5162483121137	30.776467247789387
602.5305516187386	30.594951321430173
602.5448549253636	30.330661365342976
602.5591582319885	29.997384237092742
602.5734615386134	29.606205285176227
602.5950553992872	28.92578061309473
602.6166492599609	28.158357036671653
602.6382431206347	27.3215680030525
602.6598369813084	26.42910275494898
602.6814308419822	25.491629114489093
602.703024702656	24.517364619558585
602.7246185633297	23.512676193202537
602.7462124240035	22.48251364323472
602.7678062846772	21.430807302890994
602.789400145351	20.360784562833345
602.8109940060248	19.275135882286538
602.8435468445126	17.613871895094505
602.8760996830005	15.928410493691015
602.9086525214883	14.223647205769018
602.9412053599762	12.503753905293522
602.973758198464	10.772369759751646
603.0063110369518	9.03269988467971
603.0388638754397	7.28761753986125
603.0714167139275	5.539719733480912
603.1039695524154	3.7913519705295866
603.1365223909032	2.0446227610196592
603.1690752293911	0.3014146407555401
603.219892860017	-2.4089314993670694
603.270710490643	-5.1016505345894245
603.3215281212689	-7.77289556030602
603.3723457518948	-10.420785536830932
603.4231633825208	-13.045249467018602
603.4739810131467	-15.631427035373548
603.5247986437727	-18.162745133307002
603.5756162743986	-20.622038011316057
603.6264339050246	-23.0065344326573
603.6772515356505	-25.326627252044517
603.7280691662764	-27.585740017359353
603.7788867969024	-29.787065646412756
603.8297044275283	-31.93300256732174
603.8805220581543	-34.025953550287085
603.9313396887802	-36.06005282760197
603.9821573194062	-38.022114983901744
604.0329749500321	-39.892134997311516
604.083792580658	-41.64766681805006
604.134610211284	-43.26799142721637
604.1854278419099	-44.74293621478651
604.2362454725359	-46.0706035955866
604.2870631031618	-47.25683225970867
604.3378807337878	-48.30884083344981
604.3886983644137	-49.23653243913301
604.4395159950396	-50.053181480217184
604.4903336256656	-50.773278677659356
604.5411512562915	-51.41033051042681
604.5919688869175	-51.97637342603964
604.6427865175434	-52.48221317245802
604.6936041481694	-52.93737273672572
604.7704227854803	-53.54658262158863
604.8472414227912	-54.0799939323227
604.9240600601021	-54.55412651508948
605.000878697413	-54.98118439307836
605.0776973347239	-55.37007343292278
605.1545159720348	-55.72725450248989
605.2313346093457	-56.05744695093343
605.3081532466566	-56.364169066032
605.4236089287746	-56.78701073817574
605.5390646108925	-57.169905220953346
605.6545202930105	-57.51751587786437
605.7699759751284	-57.83334411734438
605.8854316572464	-58.120348523523255
606.0008873393643	-58.38119187939255
606.1747696659548	-58.73004641226749
606.3486519925453	-59.03221330051655
606.5225343191358	-59.29321283434308
606.6964166457263	-59.51755228212972
606.8702989723168	-59.709435613214154
607.1506195722691	-59.96036132052699
607.4309401722213	-60.15091597643203
607.7112607721735	-60.29153517879723
607.9915813721258	-60.390098129335215
608.4300738338942	-60.47556601800093
608.8685662956626	-60.49402097995677
609.307058757431	-60.46058713805243
609.7455512191995	-60.38702669071998
610.1840436809679	-60.28222523116769
610.8439980793099	-60.080203137448784
611.503952477652	-59.84019372386117
612.163906875994	-59.57573226986995
612.8238612743361	-59.29636431149919
613.4838156726781	-59.007109261017185
614.1437700710202	-58.71350583506798
614.8037244693622	-58.41862261027788
615.4636788677043	-58.12686202672766
616.1236332660463	-57.83528971628456
616.7835876643884	-57.54978367457144
617.4435420627304	-57.26183743173114
618.1034964610725	-56.97918060638006
618.7634508594145	-56.69608504911797
619.4234052577566	-56.42780324377034
620.0833596560987	-56.16236276273998
620.7433140544407	-55.8893831644951
621.4032684527828	-55.61918524154637
622.0632228511248	-55.34225856518616
622.7231772494669	-55.08290470527389
623.3831316478089	-54.811487334322756
624.043086046151	-54.50441719775019
624.703040444493	-54.179203071256175
625.3629948428351	-53.836129708549386
626.0229492411771	-53.48558505866223
626.6829036395192	-53.09131058457494
627.3428580378612	-52.61673498130461
628.0028124362033	-52.01132704146269
628.6627668345453	-51.208197946889506
629.0796062476162	-50.502505837394864
629.4964456606871	-49.41704936978031
629.6006555139547	-49.0439811940255
629.7048653672224	-48.59966131116489
629.8090752204901	-48.05819434207443
629.9316574334181	-47.23269382302663
629.9623029866501	-46.98208666961321
629.9929485398821	-46.70724693509112
630.0396535318488	-46.23186064322087
630.0863585238154	-45.67082424296375
630.133063515782	-44.99330338596082
630.1797685077487	-44.14723861260355
630.1914447557403	-43.90072516818789
630.203121003732	-43.63639564973722
630.2244244204428	-43.099503848100746
630.2457278371536	-42.473638418373
630.2603894308418	-41.97565934216021
630.27505102453	-41.405311167370066
630.2897126182181	-40.738978249804845
630.3043742119063	-39.941435561106914
630.3117868773041	-39.47303972705099
630.319199542702	-38.95033801822529
630.3266122080998	-38.365561278619886
630.3340248734977	-37.712804144333575
630.3414375388955	-36.98930421466215
630.3466149312402	-36.44243827723944
630.3517923235848	-35.86291967679694
630.3569697159295	-35.25229699556048
630.3621471082741	-34.61177690926719
630.3673245006188	-33.94199681927351
630.3725018929634	-33.24296553393966
630.3776792853081	-32.51404100576641
630.3828566776527	-31.75394149275926
630.3880340699974	-30.96081736033263
630.396793006771	-29.53720603261757
630.4055519435445	-27.998497504598692
630.4143108803181	-26.327970754305834
630.4230698170917	-24.50670172990377
630.4318287538653	-22.514404796884836
630.4405876906388	-20.330517996984046
630.4539908212322	-16.57676435450851
630.4673939518256	-12.296846409051044
630.4807970824189	-7.517090110438329
630.4942002130123	-2.350191733127685
630.5076033436056	2.9697034449947575
630.521006474199	8.1370677593716
630.5344096047924	12.88238911356106
630.5478127353857	17.005648230585052
630.5612158659791	20.43089539270014
630.5746189965724	23.18405528941675
630.5880221271658	25.34346085456276
630.6014252577592	27.002449000955668
630.6148283883525	28.2511845041849
630.6282315189459	29.168863436388204
630.6416346495392	29.820469985731727
630.6550377801326	30.25695058455566
630.668440910726	30.517802907026987
630.6818440413193	30.63416200468145
630.6952471719127	30.63105433343824
630.708650302506	30.52872815676548
630.7220534330994	30.34353951726382
630.7354565636928	30.088717441629843
630.755737419011	29.594446386481017
630.7760182743292	28.994502459572878
630.7962991296474	28.310805328163035
630.8165799849656	27.559803857786427
630.8368608402839	26.75444199199046
630.8571416956021	25.90468914427464
630.8774225509203	25.018212176567584
630.8977034062385	24.101088649534386
630.9179842615567	23.15819117979242
630.938265116875	22.193435991740696
630.9585459721932	21.210002861205005
630.9788268275114	20.21050947741334
630.9991076828296	19.197141806989656
631.0320088921666	17.52836692723497
631.0649101015035	15.834455018450344
631.0978113108405	14.120525652742355
631.1307125201774	12.39093039546578
631.1636137295144	10.64944209529443
631.1965149388514	8.899375006722876
631.2294161481883	7.14369821209275
631.2623173575253	5.385086701031399
631.2952185668622	3.625943565701567
631.3281197761992	1.8684190739476096
631.3610209855361	0.11442781560188431
631.4120329915029	-2.5941695198860346
631.4630449974696	-5.285264785788314
631.5140570034364	-7.955057361917148
631.5650690094031	-10.601709936686044
631.6160810153699	-13.225188306190445
631.6670930213367	-15.808185322487113
631.7181050273034	-18.33574657194042
631.7691170332702	-20.793905737881857
631.8201290392369	-23.181260042068352
631.8711410452037	-25.498975838137458
631.9221530511704	-27.752664153552427
631.9731650571372	-29.948338144979534
632.0241770631039	-32.091775800035975
632.0751890690707	-34.18217915397836
632.1262010750374	-36.21238194160307
632.1772130810042	-38.16783144431462
632.228225086971	-40.02941360911736
632.2792370929377	-41.774652856955775
632.3302490989045	-43.38396342513271
632.3812611048712	-44.84853840332242
632.432273110838	-46.16720939344741
632.4832851168047	-47.34610441735411
632.5342971227715	-48.392703756673065
632.5853091287382	-49.31701617478227
632.636321134705	-50.13221958841684
632.6873331406717	-50.85256168314394
632.7383451466385	-51.491263516886434
632.7893571526052	-52.0601062586417
632.840369158572	-52.56967323119049
632.8913811645388	-53.02927644259361
632.9687845261284	-53.64831442244214
633.046187887718	-54.191712163631756
633.1235912493077	-54.675761011872176
633.2009946108973	-55.11251495839823
633.2783979724869	-55.51078480668367
633.3558013340765	-55.876971572124894
633.4332046956662	-56.21576113549952
633.5106080572558	-56.53066003822563
633.6274748281442	-56.96690653670893
633.7443415990325	-57.3619866208565
633.8612083699209	-57.72070348381691
633.9780751408092	-58.04668709471484
634.0949419116976	-58.34302290237054
634.2118086825859	-58.61249919917774
634.3871874110605	-58.972080652749476
634.5625661395351	-59.28427755109019
634.7379448680097	-59.55479561178783
634.9133235964842	-59.78827985779299
635.0887023249588	-59.98903710101047
635.3707378854168	-60.25330227081502
635.6527734458748	-60.45715618535612
635.9348090063328	-60.61110249674556
636.2168445667908	-60.72307717109344
636.6574900327641	-60.8296465342795
637.0981354987375	-60.86961830797919
637.5387809647109	-60.85804032126385
637.9794264306843	-60.806622595073094
638.4200718966576	-60.724217820973
639.0820151113068	-60.55677389642001
639.7439583259559	-60.35204392742235
640.405901540605	-60.12332657151047
641.0678447552541	-59.880012227677305
641.7297879699032	-59.62752517785681
642.3917311845523	-59.37136609002142
643.0536743992014	-59.114894690994475
643.7156176138506	-58.86161614521007
644.3775608284997	-58.610628832320394
645.0395040431488	-58.36556442468946
645.7014472577979	-58.123556532663166
646.363390472447	-57.89205974672031
647.0253336870961	-57.658615297480104
647.6872769017452	-57.431708645734886
648.3492201163943	-57.20579267369468
649.0111633310435	-56.999142671564904
649.6731065456926	-56.79774541288509
650.3350497603417	-56.59141721185383
650.9969929749908	-56.388743537041464
651.6589361896399	-56.190876823995424
652.320879404289	-56.00233906432273
652.9828226189381	-55.810780839330846
653.6447658335873	-55.612210917401356
654.3067090482364	-55.40210603186107
654.9686522628855	-55.20824161143705
655.6305954775346	-55.01954644553544
656.2925386921837	-54.815314434803234
656.9544819068328	-54.59995668673079
657.6164251214819	-54.3569163017625
658.278368336131	-54.124622500392164
658.7298932250212	-53.972634357544045
659.1814181139114	-53.80285873735321
659.6329430028015	-53.618531838312386
660.0844678916917	-53.424484952468624
660.5359927805819	-53.214805337718936
660.987517669472	-53.00454681698274
661.4390425583622	-52.77015545813567
661.8905674472524	-52.48400087839811
662.3420923361425	-52.14881446527404
662.7936172250327	-51.756328026483125
663.2451421139228	-51.26685755618101
663.696667002813	-50.621910027159586
664.1481918917032	-49.66529881411421
664.4045647750709	-48.82652658086637
664.5755027963039	-48.01870999306969
664.746440817537	-46.828579057047584
664.7891753228452	-46.434927314344996
664.8319098281534	-45.978000861390164
664.8746443334616	-45.44058930129901
664.9173788387698	-44.79753885547678
664.960113344078	-44.00373060342188
664.970796970405	-43.77409357673536
664.981480596732	-43.52874432494387
664.998220110762	-43.10758822953382
665.0149596247919	-42.63218894509776
665.0316991388219	-42.08769632848151
665.0484386528518	-41.45194934267279
665.0651781668818	-40.690524919523234
665.0757504068672	-40.12179956342776
665.0829100484654	-39.68661264049141
665.0900696900635	-39.20301708103792
665.0972293316617	-38.66421246567659
665.1043889732598	-38.0647188174682
665.111548614858	-37.401716736779385
665.1187082564561	-36.675732693053064
665.1258678980543	-35.89005774531457
665.1330275396524	-35.048934555279594
665.1401871812506	-34.15534718417546
665.1473468228487	-33.2096807669518
665.1545064644469	-32.20969180123789
665.161666106045	-31.151219248739345
665.1688257476432	-30.028726971819577
665.1759853892413	-28.835398223468037
665.1831450308395	-27.563114485725574
665.1903046724376	-26.202629351323566
665.1974643140358	-24.74386207873845
665.2046239556339	-23.17618936057035
665.211783597232	-21.488822818346428
665.2241357105104	-18.26680996298245
665.2446245202325	-12.012162518628696
665.2564932698522	-7.869115438355693
665.2683620194719	-3.4269679849910206
665.2802307690915	1.1585157324672422
665.2920995187112	5.698282768767411
665.3039682683309	9.998269222540928
665.3158370179506	13.899989129836957
665.3277057675703	17.308850170156873
665.3395745171899	20.195799045723277
665.3514432668096	22.581196511777755
665.3633120164293	24.514020612838085
665.375180766049	26.05472033401176
665.3870495156687	27.26406901475069
665.3989182652883	28.197242299450696
665.410787014908	28.9015017067012
665.4226557645277	29.41599929997662
665.4345245141474	29.772619122437373
665.446393263767	29.997174204228692
665.4582620133867	30.110594459127533
665.4701307630064	30.129949712447047
665.4819995126261	30.069268779752143
665.4938682622458	29.940170191025192
665.5057370118654	29.75234018136585
665.5176057614851	29.513895983415825
665.536415022952	29.048542038892656
665.555224284419	28.49487041446808
665.5740335458859	27.87011588111594
665.5928428073528	27.18711333201937
665.6116520688197	26.45585344862359
665.6304613302866	25.684432064851997
665.6492705917535	24.87940278098363
665.6680798532204	24.04603482736687
665.6965096457578	22.74191549696311
665.7249394382952	21.394074899750912
665.7533692308326	20.01081424154254
665.78179902337	18.59876657835961
665.8102288159074	17.163290892123946
665.8386586084448	15.708711774973462
665.8670884009822	14.238586378548934
665.8955181935196	12.755887867169026
665.923947986057	11.263172450286252
665.9523777785944	9.762720732788573
665.9808075711318	8.256612658967981
666.0248362919527	5.917369617526392
666.0688650127737	3.5753127977220203
666.1128937335947	1.2358841991808744
666.1569224544156	-1.0963672825974213
666.2009511752366	-3.417696628320447
666.2449798960575	-5.72511582758471
666.2890086168785	-8.01645833704032
666.3330373376995	-10.290472154842757
666.3770660585204	-12.546873487646112
666.4455131841488	-16.00238340022875
666.5139603097772	-19.35891026172523
666.5610094273579	-21.588906818269106
666.6080585449387	-23.75754058969088
666.6551076625194	-25.866533966266104
666.7021567801002	-27.921951377721353
666.7492058976809	-29.929096035811927
666.7962550152616	-31.891941111709382
666.8433041328424	-33.808937390793204
666.8903532504231	-35.67449908234314
666.9374023680039	-37.478830887436025
666.9844514855846	-39.20878766109809
667.0315006031653	-40.84792598753035
667.0785497207461	-42.37992761976687
667.1255988383268	-43.79311109708851
667.1726479559076	-45.08543562879164
667.2196970734883	-46.2586359925107
667.266746191069	-47.31631555320608
667.3137953086498	-48.2643235948713
667.3608444262305	-49.11128339797966
667.433358235507	-50.241971664511034
667.5058720447834	-51.19463156683798
667.5783858540598	-52.004682031578405
667.6508996633362	-52.70138263425205
667.7234134726126	-53.30814594079035
667.795927281889	-53.8437661649057
667.8684410911654	-54.32288831658819
667.9409549004419	-54.75643728218935
668.0134687097183	-55.15252973818906
668.0859825189947	-55.51733331090893
668.1584963282711	-55.85554456206657
668.2310101375475	-56.170704189626896
668.3464127463601	-56.63142655346644
668.4618153551727	-57.048794757571216
668.5772179639853	-57.428229212525906
668.6926205727979	-57.773737221197074
668.8080231816105	-58.08863771305556
668.923425790423	-58.375854038389775
669.0388283992356	-58.63798196286212
669.2198358243616	-59.003641881761034
669.4008432494875	-59.32006197253271
669.5818506746134	-59.593801377924756
669.7628580997393	-59.830406764594144
669.9438655248653	-60.0344499424581
670.2190937048554	-60.290415123502896
670.4943218848455	-60.49101706111975
670.7695500648356	-60.64554003463847
671.1889446847665	-60.80846810769652
671.6083393046974	-60.90191357607429
672.0277339246284	-60.94120546728468
672.4471285445593	-60.93741735019623
672.8665231644902	-60.89949835654525
673.2859177844211	-60.83475004506628
673.7053124043521	-60.74885518888951
674.4002565198389	-60.571652768602846
675.0952006353257	-60.36418583731195
675.7901447508125	-60.138172300582596
676.4850888662993	-59.90199549402106
677.1800329817861	-59.66074689809504
677.8749770972729	-59.418001271879014
678.5699212127597	-59.176940517996364
679.6368915231567	-58.8162171867119
680.7038618335537	-58.46955304442751
681.7708321439507	-58.13692368748431
682.8378024543476	-57.81482915063379
683.9047727647446	-57.50653186629554
684.9717430751416	-57.21355064855681
686.0387133855386	-56.93370082058727
687.1056836959356	-56.65910424354253
688.1726540063326	-56.394779402541296
689.2396243167295	-56.12874536223978
690.3065946271265	-55.87574777993647
691.3735649375235	-55.62113198116306
692.4405352479205	-55.37062501427011
693.5075055583175	-55.1203143527398
694.5744758687144	-54.85779400511677
695.6414461791114	-54.58090966347065
696.7084164895084	-54.28856742004686
697.7753867999054	-53.96248490699989
698.8423571103024	-53.616621293435
699.1090996879016	-53.52301351650305
699.3758422655008	-53.423689667072544
699.6425848430999	-53.31877952005019
699.9093274206991	-53.213539333063245
700.1760699982983	-53.09907159141402
700.4428125758975	-52.97879212008029
700.7095551534967	-52.85157452124226
700.9762977310959	-52.71901578289745
701.2430403086951	-52.572439799669645
701.5097828862943	-52.41495606552042
701.7765254638934	-52.246048523118425
702.0432680414926	-52.062487622335894
702.3100106190918	-51.85358362042086
702.576753196691	-51.617428995161504
702.8434957742902	-51.35089422482933
703.1102383518894	-51.039873804170995
703.3769809294886	-50.665151145080145
703.6437235070878	-50.188999904189515
703.910466084687	-49.560326387696406
704.1772086622861	-48.660897092576455
704.243894306686	-48.36961734810027
704.3105799510859	-48.03607636206041
704.4124431236273	-47.41718495178873
704.5143062961688	-46.605562159392285
704.5397720893042	-46.361202325429915
704.5652378824395	-46.09428773592414
704.6071302907866	-45.59559202490485
704.6490226991336	-45.00172468515273
704.6909151074807	-44.27539757478281
704.7170367285631	-43.72963610755604
704.7431583496456	-43.08282730905751
704.7603887405332	-42.581805130782776
704.7776191314209	-42.00000069800961
704.7948495223086	-41.3071644416633
704.8120799131963	-40.455327720561094
704.8200390521853	-39.98926790418984
704.8279981911743	-39.46460864794358
704.8359573301633	-38.87258592491186
704.8439164691523	-38.20718242510882
704.8490979767389	-37.73344507896017
704.8542794843255	-37.22852255757837
704.8594609919121	-36.693874526238304
704.8646424994987	-36.13115817833688
704.8698240070853	-35.541830053540515
704.8750055146719	-34.92688841678577
704.8801870222585	-34.286753300191336
704.8853685298451	-33.62122841113078
704.8905500374317	-32.92951261410659
704.8984316376823	-31.824041850360107
704.9063132379329	-30.648261242476096
704.9141948381834	-29.393660262783914
704.922076438434	-28.0501562341589
704.9299580386846	-26.60625910534197
704.9378396389352	-25.049205318616966
704.9457212391858	-23.36527416943805
704.9579874898416	-20.459369725330028
704.9702537404974	-17.163863936211264
704.9825199911531	-13.44923145434032
704.9947862418089	-9.327970877711127
705.0070524924647	-4.868193157250193
705.0193187431205	-0.2051285609446758
705.0315849937763	4.46483888777881
705.0438512444321	8.9256213460368
705.0561174950878	12.995821999550593
705.0683837457436	16.562518168469726
705.0806499963994	19.584668943313954
705.0929162470552	22.077219779886164
705.105182497711	24.08962943239509
705.1174487483668	25.686732335341222
705.1297149990226	26.934908123374257
705.1419812496783	27.894027448228407
705.1542475003341	28.61437996895646
705.1665137509899	29.136915636051935
705.1787800016457	29.494844321051986
705.1910462523015	29.715233737999586
705.2033125029573	29.82019437648452
705.2217475166965	29.79981656746293
705.2401825304357	29.60734737807349
705.258617544175	29.278004146594316
705.2770525579142	28.839418407938645
705.2954875716534	28.313392558656123
705.3139225853927	27.716580901820937
705.3323575991319	27.061644599246836
705.3507926128711	26.35843651098865
705.3692276266104	25.61488020673394
705.3876626403496	24.837447446255126
705.4060976540889	24.03138093051716
705.4245326678281	23.200898079155255
705.4429676815673	22.349433218071166
705.4614026953066	21.479841859562463
705.4903406156636	20.08395186318635
705.5192785360207	18.65676298403868
705.5482164563778	17.20407038238156
705.5771543767348	15.730562675560622
705.6060922970919	14.240154898562816
705.635030217449	12.736165886681384
705.663968137806	11.221442196538131
705.6929060581631	9.698468490224332
705.7218439785202	8.169463339851074
705.766625157927	5.796141676223738
705.8114063373339	3.4198236894626706
705.8561875167408	1.046301864570022
705.9009686961476	-1.3195986851673998
705.9457498755545	-3.673954908775954
705.9905310549614	-6.013678776890932
706.0353122343682	-8.336558222329947
706.0800934137751	-10.641350991175665
706.124874593182	-12.927848547595742
706.1936462572197	-16.377995888018628
706.2624179212575	-19.72361894496076
706.3311895852952	-22.934661029059072
706.3999612493329	-26.01634614203709
706.4687329133707	-28.996407986123934
706.5144862757644	-30.924653532915087
706.5602396381581	-32.80389170279892
706.6059930005518	-34.63386974093581
706.6517463629456	-36.411773690637084
706.6974997253393	-38.128617032184756
706.743253087733	-39.76963024161017
706.7890064501267	-41.318581016552216
706.8347598125205	-42.76196905677907
706.8805131749142	-44.09261791846895
706.9262665373079	-45.310433202196236
706.9720198997016	-46.41768712565739
707.0177732620954	-47.41812509399616
707.0635266244891	-48.31762901833682
707.1092799868828	-49.124391223625416
707.182167602545	-50.24053498748085
707.2550552182071	-51.182059273282704
707.3279428338692	-51.98370207282089
707.4008304495313	-52.674245738282494
707.4737180651935	-53.27671222625046
707.5466056808556	-53.80945765203659
707.6194932965177	-54.286732445092305
707.6923809121798	-54.71916749996826
707.765268527842	-55.114669057042725
707.8381561435041	-55.4792553101024
707.9110437591662	-55.817518336927954
707.9839313748283	-56.13292369808659
708.1005892134785	-56.596799787264224
708.2172470521288	-57.01707017622761
708.333904890779	-57.39915029475259
708.4505627294292	-57.74705531066394
708.5672205680794	-58.064126158030454
708.6838784067296	-58.353317657904455
708.8005362453798	-58.617258554277484
708.9827558349734	-58.98408613324568
709.164975424567	-59.301820453372095
709.3471950141607	-59.57701111595976
709.5294146037543	-59.815192495732134
709.7116341933479	-60.02092912287879
709.9894670523328	-60.28031547650087
710.2672999113177	-60.48429874344197
710.5451327703025	-60.64220086843932
710.9682873700854	-60.81025357729937
711.3914419698682	-60.90896810493938
711.814596569651	-60.95367084481744
712.2377511694339	-60.95541866331106
712.6609057692167	-60.92314973227979
713.0840603689995	-60.86415198731815
713.5072149687824	-60.78409108940288
714.2072260596136	-60.616998378099794
714.9072371504449	-60.419841821683455
715.6072482412761	-60.20423496556371
716.3072593321074	-59.978470057507174
717.0072704229386	-59.74757311690822
717.7072815137699	-59.51509984823304
718.4072926046011	-59.28421046289471
719.4846571975786	-58.937996077634466
720.5620217905561	-58.605526067116756
721.6393863835335	-58.28685877205326
722.716750976511	-57.97876038752808
723.7941155694884	-57.684401515815374
724.8714801624659	-57.40518641566842
725.9488447554434	-57.13906534110623
727.0262093484208	-56.87888925659603
728.1035739413983	-56.62946284272899
729.1809385343757	-56.38032251493719
730.2583031273532	-56.14362038964686
731.3356677203307	-55.90771727194687
732.4130323133081	-55.67665604675634
733.4903969062856	-55.43497090121828
734.567761499263	-55.20040615663406
735.6451260922405	-54.955433228740446
736.722490685218	-54.71238565686947
737.7998552781954	-54.44902821132258
738.8772198711729	-54.17578061547323
739.9545844641503	-53.86498458750391
740.2239256123947	-53.78578212320184
740.4932667606391	-53.70684716399979
740.7626079088835	-53.62613012140017
741.0319490571279	-53.53567795679067
741.3012902053723	-53.44701043651852
741.5706313536167	-53.35436287347409
741.8399725018611	-53.25717369663322
742.1093136501055	-53.15132093767075
742.3786547983499	-53.044754286499035
742.6479959465943	-52.93102763448436
742.9173370948387	-52.80768618172462
743.1866782430831	-52.67368999342144
743.4560193913275	-52.53490266634579
743.7253605395719	-52.38447606320683
743.9947016878162	-52.21580423479426
744.2640428360606	-52.027950911710505
744.533383984305	-51.82208059322531
744.8027251325494	-51.59087298323135
745.0720662807938	-51.32103075317219
745.3414074290382	-51.003030549800236
745.6107485772826	-50.61941550206965
745.880089725527	-50.14238993413721
746.1494308737714	-49.51355359181863
746.4187720220158	-48.60704369335561
746.4861073090768	-48.31025807945148
746.5534425961379	-47.96726805237864
746.6207778831989	-47.56678997677235
746.68811317026	-47.09309276977128
746.755448457321	-46.5200796103612
746.822783744382	-45.8050757048881
746.8675788734321	-45.215635280363195
746.9123740024821	-44.49180993670349
746.9406082569697	-43.93945422769172
746.9688425114572	-43.28158801526537
746.9865694313999	-42.79604569082406
747.0042963513425	-42.234148395551216
747.0220232712852	-41.56802362460897
747.0397501912279	-40.75266794940135
747.0489269759245	-40.25056737020791
747.0581037606211	-39.67731706915542
747.0672805453177	-39.0193457325287
747.0764573300143	-38.266031247893125
747.0818642773398	-37.775358872121274
747.0872712246654	-37.25094916051227
747.092678171991	-36.69465732771641
747.0980851193166	-36.108430961625224
747.1034920666422	-35.493823450484726
747.1088990139677	-34.851824884499464
747.1143059612933	-34.18281058692207
747.1197129086189	-33.486461365293735
747.1251198559445	-32.761730460768796
747.1305268032701	-32.00695161908857
747.1389926371858	-30.759666521301984
747.1474584711015	-29.423345728207355
747.1559243050172	-27.985680180329584
747.1643901389328	-26.432452056158553
747.1728559728485	-24.747866010684646
747.1813218067642	-22.915084158308606
747.1897876406799	-20.91705406258347
747.2044512129099	-17.0207254788389
747.2191147851399	-12.53841223872171
747.2337783573699	-7.500114474104219
747.2484419296	-2.048347677873463
747.26310550183	3.5254067819468444
747.27776907406	8.854725854115822
747.29243264629	13.644408464558646
747.30709621852	17.702379340952117
747.32175979075	20.984734005307125
747.33642336298	23.553164740473093
747.35108693521	25.512880288882315
747.36575050744	26.97386494187349
747.38041407967	28.035103167978843
747.3950776519	28.779036345737396
747.40974122413	29.27041151419582
747.42440479636	29.558462349685747
747.43906836859	29.680882872666857
747.45373194082	29.667420317180728
747.46839551305	29.542059441787448
747.48305908528	29.324153372417587
747.49772265751	29.02921216368734
747.5123862297401	28.669674805335205
747.5345310501073	28.026377427182453
747.5566758704745	27.285848536130207
747.5788206908417	26.46778763732658
747.6009655112089	25.58753604506616
747.6231103315761	24.65706027297967
747.6452551519433	23.68557967623324
747.6673999723105	22.68022798050127
747.6895447926777	21.646554838955453
747.7116896130449	20.588985153624463
747.7338344334121	19.51116633136825
747.7559792537793	18.4161427476626
747.7894450834146	16.734226143735793
747.82291091305	15.02589587799901
747.8563767426854	13.296725029576006
747.8898425723207	11.551447764509591
747.9233084019561	9.794170266759824
747.9567742315915	8.028476328152507
747.9902400612268	6.257540606758389
748.0237058908622	4.484195617399013
748.0571717204975	2.7109665379198615
748.0906375501329	0.9400935647439003
748.1241033797683	-0.8264512090869945
748.1765619572624	-3.5827920856281876
748.2290205347565	-6.319221692458402
748.2814791122506	-9.032002444184213
748.3339376897447	-11.719591257335903
748.3863962672389	-14.38182732743933
748.438854844733	-16.992230294123953
748.4913134222271	-19.525516598470638
748.5437719997212	-21.98426201598758
748.5962305772154	-24.373431839304537
748.6486891547095	-26.696221306135538
748.7011477322036	-28.952535368266435
748.7536063096977	-31.147827205786275
748.8060648871918	-33.2846378677201
748.858523464686	-35.360256597004295
748.8939641625874	-36.722088082913174
748.9294048604888	-38.04437789146779
748.9648455583903	-39.32042005583423
749.0002862562917	-40.54334889879365
749.0357269541931	-41.706842758719084
749.0711676520946	-42.80593383428515
749.106608349996	-43.83804110122128
749.1420490478974	-44.80273979299711
749.1774897457989	-45.700546628912036
749.2378068288435	-47.07986422970673
749.2981239118882	-48.282213466859325
749.3584409949328	-49.325165205940095
749.4187580779775	-50.22906154408489
749.4790751610221	-51.01443856893514
749.5393922440668	-51.70062865589922
749.5997093271114	-52.30487686391219
749.6600264101561	-52.841843673546805
749.7203434932007	-53.32357349350262
749.7806605762454	-53.75976796738164
749.84097765929	-54.15816121736621
749.9012947423347	-54.52488509779102
749.9926503628553	-55.02981560090653
750.084005983376	-55.48571131801156
750.1753616038966	-55.90116185190688
750.2667172244172	-56.28276115702859
750.3580728449379	-56.635137914050134
750.4494284654585	-56.96163330000272
750.5407840859791	-57.26479105913601
750.6321397064997	-57.546649263453055
750.7714792817667	-57.93901313029966
750.9108188570336	-58.29086536693382
751.0501584323006	-58.60689421807882
751.2756033845387	-59.052031166935514
751.5010483367769	-59.42490077771147
751.726493289015	-59.73853346702086
751.9519382412532	-60.000215372169166
752.1773831934913	-60.216710917415895
752.4028281457295	-60.395054125597866
752.6282730979676	-60.54137768335545
752.9733642419482	-60.71309272414462
753.3184553859287	-60.832038361751486
753.6635465299092	-60.9073430209822
754.0086376738898	-60.946660397146466
754.3537288178703	-60.95663000275675
754.8727188547745	-60.927822317808705
755.3917088916786	-60.85837201544053
755.9106989285827	-60.75833648579613
756.4296889654869	-60.63551315552315
756.948679002391	-60.49607587669903
757.4676690392952	-60.34479118814511
758.3305337178614	-60.07681034131603
759.1933983964276	-59.798568732680835
760.0562630749938	-59.5182383586599
760.91912775356	-59.240944162176106
761.7819924321262	-58.969417189335
762.6448571106924	-58.70521345850982
763.5077217892587	-58.449792460787506
764.836140240112	-58.07584373188935
766.1645586909652	-57.72240610336443
767.4929771418185	-57.38805501069249
768.8213955926718	-57.06638540709062
770.1498140435251	-56.76771334539522
771.4782324943784	-56.47884299355934
772.8066509452317	-56.18796119858105
774.135069396085	-55.90107270614633
775.4634878469383	-55.61699909406498
776.7919062977916	-55.344194678952604
778.1203247486449	-55.066529842413466
779.4487431994982	-54.78226045776745
780.7771616503514	-54.459100776611244
781.1092662630648	-54.37748027056651
781.4413708757781	-54.29712336979477
781.7734754884915	-54.216514708004155
782.1055801012049	-54.12646332642287
782.4376847139182	-54.04070950706406
782.7697893266316	-53.95154699467918
783.1018939393449	-53.86017267367505
783.4339985520583	-53.759182781357296
783.7661031647716	-53.65262737494045
784.098207777485	-53.533778768285366
784.4303123901983	-53.414406624520396
784.7624170029117	-53.29460501017494
785.094521615625	-53.184626797064546
785.4266262283384	-53.06179502623549
785.7587308410517	-52.91256302350699
786.0908354537651	-52.76104513793032
786.4229400664784	-52.5925107541266
786.7550446791918	-52.407929288500995
787.0871492919051	-52.20472694245598
787.4192539046185	-51.96901944310189
787.7513585173318	-51.696197368800256
788.0834631300452	-51.379939393877244
788.4155677427585	-50.99521420074964
788.7476723554719	-50.51946013674619
789.0797769681852	-49.87673284518078
789.4118815808986	-48.893286464976285
789.494907734077	-48.56135694267145
789.5779338872553	-48.17334083958722
789.6609600404337	-47.711600845864275
789.743986193612	-47.14698086009259
789.8270123467904	-46.43296890541402
789.8834138209163	-45.82162982201864
789.9398152950422	-45.054612076420554
789.9539156635736	-44.83058118093895
789.9680160321051	-44.58997752082929
789.9899287601602	-44.177385723290975
790.0141802379484	-43.652480899013156
790.0384317157366	-43.03212251031974
790.0541497413755	-42.562000694136806
790.0698677670143	-42.01921574520712
790.0855857926532	-41.37768725183248
790.1013038182921	-40.59742911460299
790.1087190203727	-40.165458104316514
790.1161342224534	-39.682464323727004
790.1235494245341	-39.14175492295787
790.1309646266147	-38.538861755428115
790.1383798286954	-37.87267920626121
790.1457950307761	-37.14567447421359
790.1532102328567	-36.36266045918162
790.1606254349374	-35.528425646510605
790.1680406370181	-34.6455768952132
790.1754558390987	-33.713787903682274
790.1828710411794	-32.73029315316108
790.1902862432601	-31.690670897499846
790.1977014453407	-30.589173139310937
790.2051166474214	-29.418717065720113
790.212531849502	-28.170903826900958
790.2236663423972	-26.130799870561543
790.2348008352924	-23.85878334040402
790.2459353281876	-21.31584823663793
790.2570698210827	-18.464626499543705
790.2682043139779	-15.277293627100578
790.279338806873	-11.747775000702442
790.2904732997682	-7.906110311872207
790.3016077926634	-3.8163583590121153
790.3127422855586	0.4048971225218881
790.3238767784537	4.605209828868421
790.3350112713489	8.625616462366509
790.346145764244	12.333238824247614
790.3572802571392	15.6392430965014
790.3684147500344	18.503067082817008
790.3795492429296	20.925720255123604
790.3906837358247	22.93708408305537
790.4018182287199	24.582313545889225
790.412952721615	25.911017444453897
790.4240872145102	26.97049815796734
790.4352217074054	27.80260398492288
790.4463562003006	28.443000042237784
790.4574906931957	28.921605801333158
790.4686251860909	29.263350321881145
790.4856571526321	29.56743086277126
790.5026891191734	29.65796126843374
790.5197210857147	29.578100163577066
790.5367530522559	29.361810049293247
790.5537850187972	29.03608166067405
790.5708169853384	28.62158824411132
790.5878489518797	28.13411204576246
790.6048809184209	27.58607555356346
790.6219128849622	26.987550782848732
790.6389448515034	26.34674213656789
790.6559768180447	25.670248706124394
790.6730087845859	24.963365634481747
790.6994438544922	23.816083192365237
790.7258789243984	22.618858435097753
790.7523139943047	21.381156345883852
790.778749064211	20.110499740153756
790.8051841341172	18.812853693607288
790.8316192040235	17.49294135194395
790.8580542739297	16.15460146037987
790.884489343836	14.801005762158793
790.9109244137422	13.4348265616182
790.9373594836485	12.058383786036234
790.9637945535547	10.673742485202515
791.00429120946	8.540887459045514
791.0447878653653	6.399041859357658
791.0852845212705	4.253281475516041
791.1257811771758	2.1080352866435543
791.166277833081	-0.03282044533547714
791.2067744889863	-2.1659576649987216
791.2472711448916	-4.288634941803854
791.2877678007968	-6.398733439767366
791.3282644567021	-8.494777326307247
791.3904924277057	-11.68639943313533
791.4527203987093	-14.842563955188078
791.5149483697129	-17.92083094402396
791.5771763407165	-20.89294052233531
791.6394043117201	-23.75406330805314
791.7016322827237	-26.52075485099882
791.7638602537273	-29.198062162582787
791.8260882247309	-31.79178871024626
791.8883161957345	-34.298012572071734
791.9505441667382	-36.707865693850245
792.0127721377418	-38.99704448638369
792.0750001087454	-41.13102584674143
792.1165569220761	-42.45219364430392
792.1581137354069	-43.681398817317856
792.1996705487377	-44.81739557800058
792.2412273620685	-45.86129411415431
792.2827841753992	-46.81563388992213
792.32434098873	-47.684365428624034
792.3658978020608	-48.472895371676444
792.4311472767955	-49.56428373952172
792.4963967515303	-50.499939664547696
792.561646226265	-51.30590560249756
792.6268957009997	-52.0053442457474
792.6921451757345	-52.618122124340516
792.7573946504692	-53.1608014989011
792.822644125204	-53.64666051951077
792.8878935999387	-54.0860772517545
792.9531430746734	-54.48715588707185
793.0513361221953	-55.032231423556695
793.1495291697171	-55.520636668315134
793.2477222172389	-55.963090232939905
793.3459152647607	-56.3670368655534
793.4441083122825	-56.737805895759585
793.5423013598044	-57.07936456997325
793.6404944073262	-57.39480059650195
793.738687454848	-57.686581996936745
793.8914611008653	-58.09846063124247
794.0442347468826	-58.46459791266932
794.1970083928999	-58.78988800815664
794.3497820389172	-59.07845913114921
794.5025556849345	-59.33424158560724
794.740446163005	-59.676053463229096
794.9783366410755	-59.959349136034895
795.2162271191461	-60.193249841623356
795.4541175972166	-60.3847222033797
795.8148408376172	-60.60769882467537
796.1755640780178	-60.76410457019137
796.5362873184184	-60.8672569058325
796.897010558819	-60.9274845001358
797.2577337992196	-60.952694619462065
797.839376734306	-60.93529875148088
798.4210196693924	-60.86404929912309
799.0026626044788	-60.75324586388919
799.5843055395652	-60.61410073580229
800.1659484746516	-60.45554281255499
800.747591409738	-60.28383986527696
801.3292343448244	-60.103276609276236
802.2603633227242	-59.80489577600461
803.191492300624	-59.50397515428889
804.1226212785238	-59.20771350408843
805.0537502564235	-58.916915331090514
805.9848792343233	-58.637026665901836
806.9160082122231	-58.364129797085944
807.8471371901229	-58.108971688549296
808.7782661680227	-57.862137632397925
809.7093951459225	-57.62912706431976
810.6405241238223	-57.39886142077367
811.5716531017221	-57.178583908690776
812.5027820796219	-56.961909838773394
813.4339110575216	-56.74674093614775
814.3650400354214	-56.5404099048066
815.2961690133212	-56.34005881783279
816.227297991221	-56.14609386192651
817.1584269691208	-55.9542269923308
818.0895559470206	-55.760928695973924
819.0206849249204	-55.547560131948686
819.9518139028202	-55.335935441566775
820.88294288072	-55.141875723555955
821.8140718586197	-54.94731919269272
822.7452008365195	-54.733099064661104
823.6763298144193	-54.50560450839412
824.6074587923191	-54.268329225390374
825.5385877702189	-54.02497589975417
826.4697167481187	-53.768161599467305
827.4008457260185	-53.47434911431411
828.3319747039183	-53.1232177177804
829.263103681818	-52.689525488055715
830.1942326597178	-52.15744254263658
830.4270149041928	-51.996127862500195
830.6597971486677	-51.8173282574329
830.8925793931427	-51.617471860514065
831.1253616376176	-51.39232252239251
831.3581438820926	-51.13241030869696
831.5909261265675	-50.83201824529712
831.8237083710425	-50.47185859517706
832.0564906155174	-50.022651641269
832.2892728599924	-49.44453652949965
832.5220551044673	-48.64458038004066
832.6776189765365	-47.889314994769656
832.8331828486056	-46.79013614455592
832.8720738166229	-46.43218471052411
832.9109647846402	-46.02314820298496
832.9498557526575	-45.54859308124016
832.9887467206748	-44.98771508620905
833.0276376886922	-44.30771082281491
833.0523141760277	-43.791378891457754
833.0769906633633	-43.18245570541613
833.093473097272	-42.706534711662535
833.1099555311806	-42.15501798907536
833.1264379650893	-41.50006008531903
833.142920398998	-40.69824790830993
833.1507277871425	-40.249619932392164
833.158535175287	-39.745003794782725
833.1663425634316	-39.17656947744331
833.1741499515762	-38.53932911990401
833.1792800932811	-38.08247845892161
833.1844102349861	-37.59638106646917
833.1895403766911	-37.082577732705914
833.194670518396	-36.54275375307888
833.199800660101	-35.97837730635724
833.204930801806	-35.39047285347107
833.2100609435109	-34.779520552367046
833.2151910852159	-34.14543346591654
833.2203212269209	-33.4875680159853
833.2284333632955	-32.39591589906927
833.2365454996701	-31.235413766361937
833.2446576360447	-29.997502256722793
833.2527697724194	-28.671956697459265
833.260881908794	-27.247016362264645
833.2689940451686	-25.70943732035557
833.2771061815432	-24.04474626111395
833.289627781136	-21.19075450107382
833.3021493807288	-17.944889986372722
833.3146709803216	-14.26991956135249
833.3271925799144	-10.167852204810806
833.3397141795072	-5.698782664521958
833.3522357790999	-0.9917478766632696
833.3647573786927	3.7555636015126455
833.3772789782855	8.316058651355725
833.3898005778783	12.492488833518987
833.4023221774711	16.158259706556972
833.4148437770639	19.264124787094115
833.4273653766567	21.821891000542482
833.4398869762495	23.8813700026243
833.4524085758422	25.509804132315054
833.464930175435	26.776842036390008
833.4774517750278	27.74552901895273
833.4899733746206	28.468683954030773
833.5024949742134	28.989053023936606
833.5150165738062	29.34110106036356
833.527538173399	29.552825563590535
833.5400597729918	29.64705974167136
833.5525813725845	29.642420887636376
833.571373878396	29.482708313562608
833.5901663842075	29.1748545629669
833.6089588900189	28.748778430708676
833.6277513958304	28.22797332309534
833.6465439016418	27.630932714503015
833.6653364074533	26.971865482169605
833.6841289132648	26.26165936118783
833.7029214190762	25.508813027384527
833.7217139248877	24.720166438924014
833.7405064306992	23.90132640535826
833.7592989365106	23.056866421950446
833.7780914423221	22.19048983572546
833.7968839481335	21.305223923116117
833.8259389804218	19.905160506911802
833.8549940127101	18.473514394431234
833.8840490449984	17.016166342434868
833.9131040772867	15.537891084171715
833.942159109575	14.042666436865161
833.9712141418632	12.533854617511336
834.0002691741515	11.014339402074432
834.0293242064398	9.486641572456731
834.0583792387281	7.953011684688531
834.1031805685475	5.581319471388942
834.1479818983669	3.2069859198645263
834.1927832281863	0.8357825185343353
834.2375845580057	-1.5274976134707474
834.2823858878251	-3.878971555718987
834.3271872176445	-6.215599441786118
834.3719885474638	-8.535223952689503
834.4167898772832	-10.836662018937947
834.4615912071026	-13.119764550974324
834.5308859084369	-16.587016422005895
834.6001806097711	-19.94594317353961
834.6694753111053	-23.167165905191112
834.7387700124395	-26.25814180981188
834.8080647137738	-29.246701311519622
834.8537456376861	-31.16247286979179
834.8994265615984	-33.02891108678238
834.9451074855107	-34.84506458014893
834.990788409423	-36.607680620717446
835.0364693333353	-38.30754381237831
835.0821502572476	-39.92985424145774
835.1278311811599	-41.45872358045937
835.1735121050722	-42.88149216545144
835.2191930289845	-44.192243074480274
835.2648739528968	-45.39135146198711
835.3105548768091	-46.48131773756186
835.3562358007214	-47.466125868247445
835.4019167246337	-48.351862115183344
835.447597648546	-49.14674720791147
835.5196428338653	-50.23750987181612
835.5916880191846	-51.16047922719058
835.663733204504	-51.948593597309944
835.7357783898233	-52.629223427665835
835.8078235751426	-53.224378454450935
835.8798687604619	-53.75163414178863
835.9519139457813	-54.22466817526327
836.0239591311006	-54.6537396355731
836.0960043164199	-55.046519051180645
836.1680495017392	-55.408868316578705
836.2400946870586	-55.74527775014757
836.3121398723779	-56.05914884948498
836.4255911099287	-56.514022686192334
836.5390423474796	-56.92713372160082
836.6524935850305	-57.30363774227829
836.7659448225813	-57.64737952065056
836.8793960601322	-57.961541011714885
836.992847297683	-58.248910542907815
837.1062985352339	-58.51195526064553
837.2857787566284	-58.88377547586881
837.4652589780228	-59.207659093812744
837.6447391994172	-59.48936019583989
837.8242194208117	-59.73361841503576
838.0036996422061	-59.94488474153121
838.2916147855369	-60.225129280959244
838.5795299288677	-60.445105329052666
838.8674450721985	-60.615368310762584
839.1553602155293	-60.74382636139298
839.6028376402876	-60.875928234771834
840.0503150650459	-60.9427445896049
840.4977924898042	-60.95835461557904
840.9452699145625	-60.93410818509639
841.3927473393207	-60.87922168103062
841.840224764079	-60.800479290703834
842.2877021888373	-60.702970236413634
843.0373691898096	-60.50939170818357
843.7870361907819	-60.29108668356715
844.5367031917542	-60.058551479906775
845.2863701927265	-59.81809235694226
846.0360371936988	-59.57619350652952
846.7857041946711	-59.33559569782028
847.5353711956434	-59.09986738845864
848.2850381966157	-58.86748377554759
849.034705197588	-58.6438934202182
849.7843721985603	-58.42336766738707
850.5340391995326	-58.21653743052796
851.2837062005049	-58.01472347743208
852.0333732014772	-57.82289889658662
852.7830402024495	-57.62447509881705
853.5327072034218	-57.431488425607355
854.282374204394	-57.251249937362424
855.0320412053663	-57.07690023958717
855.7817082063386	-56.904180895342265
856.5313752073109	-56.727039827106495
857.2810422082832	-56.551615292042584
858.0307092092555	-56.389981947144236
858.7803762102278	-56.23652441943398
859.5300432112001	-56.07487309302467
860.2797102121724	-55.911605149204526
861.0293772131447	-55.76118749243485
861.779044214117	-55.612537553280305
862.5287112150893	-55.444586102195125
863.2783782160616	-55.265353613573595
864.0280452170339	-55.09646189070363
864.7777122180062	-54.94172959352848
865.5273792189785	-54.78219921222137
866.2770462199508	-54.57940519859807
867.026713220923	-54.36924516109551
867.7763802218954	-54.18941230846595
868.5260472228676	-54.01232635126221
869.2757142238399	-53.793192521583535
870.0253812248122	-53.554080725758816
870.2127979750553	-53.49161909258889
870.4002147252984	-53.425405153179845
870.5876314755415	-53.35663127361784
870.7750482257845	-53.28835119524374
870.9624649760276	-53.21708816063861
871.1498817262707	-53.14692447562444
871.3372984765138	-53.069622405495814
871.5247152267568	-52.993989858376075
871.7121319769999	-52.9146115950778
871.899548727243	-52.832084398294825
872.086965477486	-52.74106948853549
872.2743822277291	-52.64893177971064
872.4617989779722	-52.543346804547916
872.6492157282153	-52.43299657054768
872.8366324784583	-52.31772978940023
873.0240492287014	-52.204271311481904
873.2114659789445	-52.07427806805967
873.3988827291876	-51.93210679365687
873.5862994794306	-51.78489190619772
873.7737162296737	-51.61946889545563
873.9611329799168	-51.43633309792327
874.1485497301599	-51.23453709714095
874.3359664804029	-51.010495231862585
874.6347186828642	-50.583640235608385
874.9334708853255	-50.026277033388176
875.2322230877868	-49.26201642037948
875.4241802562826	-48.57084363499077
875.6161374247785	-47.56626751470811
875.6641267169024	-47.23836238136215
875.7121160090263	-46.86166459522803
875.7601053011502	-46.424512724859234
875.8080945932742	-45.909307707674344
875.8560838853981	-45.288646577504224
875.904073177522	-44.51574034417708
875.916070500553	-44.290898179194905
875.928067823584	-44.04991490436933
875.948767697196	-43.58905943432961
875.969467570808	-43.05667325003705
875.99016744442	-42.42789725952519
876.0036163187758	-41.95001093622819
876.0170651931317	-41.39780475305311
876.0305140674875	-40.74578247407799
876.0383824591249	-40.304466464497885
876.0462508507624	-39.80862434748291
876.0541192423998	-39.249908581242174
876.0619876340372	-38.62192133851536
876.0673348167553	-38.15406166130968
876.0726819994734	-37.65366467946277
876.0780291821915	-37.12234794387967
876.0833763649096	-36.561997295037756
876.0887235476276	-35.97430496260306
876.0940707303457	-35.36050684761363
876.0994179130638	-34.72124211903334
876.1047650957819	-34.05647566933905
876.1101122785	-33.365484461870196
876.115459461218	-32.64694762821817
876.1238770201079	-31.455617498598908
876.1322945789977	-30.182603269208307
876.1407121378876	-28.81677829426133
876.1491296967774	-27.345121467669703
876.1575472556673	-25.752922286368506
876.1659648145571	-24.02413704671727
876.174382373447	-22.14193814083904
876.1886163329283	-18.564918351218882
876.2028502924096	-14.444717090579271
876.2170842518909	-9.772092160179643
876.2313182113722	-4.6350799503324245
876.2455521708536	0.7597615389765742
876.2597861303349	6.096234208108789
876.2740200898162	11.066866224999158
876.2882540492975	15.419309066720903
876.3024880087788	19.04454287428416
876.3167219682601	21.956676776283185
876.3309559277415	24.2333127728517
876.3451898872228	25.971585686284016
876.3594238467041	27.268321083977586
876.3736578061854	28.21063775097382
876.3878917656667	28.870451704297306
876.402125725148	29.303445845169268
876.4163596846294	29.55197418322481
876.4305936441107	29.6490657671684
876.444827603592	29.621290780968117
876.4590615630733	29.490217281618488
876.4732955225546	29.27322774445972
876.4875294820359	28.98427335235833
876.5017634415173	28.63463224665508
876.5235775905678	28.0018736178328
876.5453917396184	27.274334370708598
876.5672058886689	26.47103959662334
876.5890200377195	25.60680246607892
876.61083418677	24.69320733094182
876.6326483358206	23.7392180784255
876.6544624848711	22.751797402977193
876.6762766339217	21.736379219281567
876.6980907829723	20.6973020010492
876.7199049320228	19.63814148958027
876.7417190810734	18.561884057326438
876.7751645647587	16.88418434458757
876.808610048444	15.179418115693288
876.8420555321294	13.45327660775284
876.8755010158147	11.710580361561318
876.9089464995001	9.955500255999695
876.9423919831854	8.191668239319378
876.9758374668708	6.422296112937277
877.0092829505561	4.65024569980184
877.0427284342414	2.8780665314912226
877.0761739179268	1.1080212267415381
877.1096194016121	-0.657895521539691
877.1619901259443	-3.410665342563575
877.2143608502764	-6.143905692544281
877.2667315746086	-8.853785965706875
877.3191022989407	-11.538651498243215
877.3714730232729	-14.198796135410822
877.423843747605	-16.802233480622423
877.4762144719372	-19.335639883937183
877.5285851962693	-21.797588751976342
877.5809559206015	-24.19285733018148
877.6333266449336	-26.518955641558208
877.6856973692658	-28.77681913486216
877.7380680935979	-30.972120282930327
877.7904388179301	-33.11049347543347
877.8428095422622	-35.18851335958531
877.8951802665944	-37.19376729602056
877.9475509909265	-39.10783657954509
877.9999217152587	-40.90942088649309
878.0522924395908	-42.578049307867005
878.104663163923	-44.10031832386859
878.1570338882551	-45.47540943508463
878.2094046125873	-46.706251688144505
878.2617753369194	-47.80116205442416
878.3141460612516	-48.77047793260411
878.3665167855837	-49.62646117917117
878.4188875099159	-50.382942303536986
878.471258234248	-51.05359609779973
878.5236289585802	-51.650723913581174
878.5759996829123	-52.18526797082694
878.6283704072445	-52.66695744642935
878.6807411315766	-53.10413560762454
878.7645757159597	-53.72801791002186
878.8484103003428	-54.277178207877036
878.932244884726	-54.767822064953414
879.0160794691091	-55.21174352192034
879.0999140534922	-55.61741711299579
879.1837486378753	-55.990905619465906
879.2675832222584	-56.336612523595015
879.3514178066415	-56.65783623901289
879.4352523910246	-56.95714412525017
879.5701767838067	-57.39815644867487
879.7051011765888	-57.79473095234363
879.8400255693708	-58.15167959450077
879.9749499621529	-58.47278179516953
880.109874354935	-58.761525142146695
880.244798747717	-59.02127653324788
880.455936840646	-59.376784068224275
880.667074933575	-59.67861139448194
880.878213026504	-59.93421499616475
881.089351119433	-60.14941285653689
881.300489212362	-60.32948210332974
881.6306989122203	-60.552035543755856
881.9609086120786	-60.71536768400813
882.2911183119369	-60.830574794462464
882.6213280117952	-60.9059808418518
883.1260620355616	-60.959691141178205
883.6307960593281	-60.9554160435034
884.1355300830945	-60.90672239357072
884.640264106861	-60.824414753800696
885.1449981306274	-60.717402315852425
885.6497321543939	-60.59203387546014
886.1544661781603	-60.45295079069022
886.9736365306027	-60.20791263810398
887.792806883045	-59.94987796002269
888.6119772354874	-59.686857971862594
889.4311475879298	-59.424278533248845
890.2503179403722	-59.164842609177796
891.0694882928145	-58.91179597926493
891.8886586452569	-58.66549206784048
892.7078289976993	-58.428658930972816
893.5269993501416	-58.19727912143361
894.346169702584	-57.974195743046096
895.1653400550264	-57.75753905866911
895.9845104074687	-57.552865834406155
896.8036807599111	-57.34916510020992
897.6228511123535	-57.15198290666104
898.4420214647959	-56.95379363331511
899.2611918172382	-56.766431520766915
900.0803621696806	-56.584627981861786
900.899532522123	-56.423368277256124
901.7187028745653	-56.25154268018513
902.5378732270077	-56.07719032984525
903.3570435794501	-55.90199523250106
904.1762139318924	-55.73497470764198
904.9953842843348	-55.56080830507735
905.8145546367772	-55.38933633436071
906.6337249892196	-55.21138832572224
907.4528953416619	-55.03407193074454
908.2720656941043	-54.84565495173655
909.0912360465467	-54.65914807868145
909.910406398989	-54.45966558654678
910.7295767514314	-54.256781153847776
911.5487471038738	-54.03674761118292
912.3679174563161	-53.80274652575841
913.1870878087585	-53.53923075183704
914.0062581612009	-53.24996768723125
914.8254285136433	-52.9068941890922
915.6445988660856	-52.50381682502496
915.8493914541963	-52.384254638955305
916.0541840423069	-52.25354072292994
916.2589766304176	-52.112800751845135
916.4637692185282	-51.966638188857445
916.6685618066389	-51.802553864792664
916.8733543947495	-51.62158849686517
917.0781469828602	-51.4222229096234
917.2829395709708	-51.20068088193624
917.4877321590815	-50.94484848209023
917.6925247471921	-50.64699721994242
917.8973173353028	-50.296291068084706
918.1021099234134	-49.866865307533764
918.3069025115241	-49.32264721317984
918.5116950996347	-48.58657507663002
918.7164876877454	-47.50397675193091
918.767685834773	-47.14397573537367
918.8188839818007	-46.72150819468839
918.8700821288284	-46.223409031051034
918.921280275856	-45.62610355037425
918.9724784228837	-44.88513331519197
918.9852779596406	-44.66989788695926
918.9980774963975	-44.43950145842261
919.018079072524	-44.04397913784378
919.0380806486504	-43.595668066619766
919.0580822247769	-43.07970364775709
919.0780838009033	-42.47308681193766
919.091664565697	-41.991828720954615
919.1052453304907	-41.43420483126446
919.1188260952844	-40.773565766980155
919.1266033308906	-40.33518247159646
919.1343805664968	-39.84292865914319
919.142157802103	-39.288880632664906
919.1499350377093	-38.66718734015117
919.1553279116715	-38.19507761014533
919.1607207856338	-37.690267891884396
919.166113659596	-37.15450339246935
919.1715065335583	-36.58974754586119
919.1768994075205	-35.997712858914554
919.1822922814828	-35.379604857714135
919.187685155445	-34.73599598185911
919.1930780294073	-34.066764520426844
919.1984709033695	-33.371094983439036
919.2038637773318	-32.64757741324931
919.2123069249269	-31.454351404130147
919.220750072522	-30.179100349741116
919.2291932201172	-28.810539278923315
919.2376363677123	-27.335484662948904
919.2460795153074	-25.739057898903763
919.2545226629026	-24.00503588581281
919.2629658104977	-22.116406935576812
919.2774753408232	-18.46249648433108
919.2919848711488	-14.242980307031077
919.3064944014743	-9.45103870841643
919.3210039317999	-4.185468928944532
919.3355134621254	1.32416193115863
919.3500229924509	6.736738326250169
919.3645325227765	11.73313770083998
919.379042053102	16.0634039732033
919.3935515834276	19.632166280761304
919.4080611137531	22.46968637367034
919.4225706440786	24.665876833356588
919.4370801744042	26.32533873530603
919.4515897047297	27.54867523338029
919.4660992350553	28.42429556979438
919.4806087653808	29.023918467524304
919.4951182957063	29.40240552600623
919.5096278260319	29.60124948154294
919.5241373563574	29.65280029350573
919.538646886683	29.58310948070901
919.5531564170085	29.413302869697656
919.567665947334	29.160352824565585
919.5821754776596	28.837834064199516
919.5966850079851	28.456695996215128
919.6186443685473	27.788096832298663
919.6406037291094	27.03009943833427
919.6625630896716	26.200502304748213
919.6845224502338	25.31318378688391
919.7064818107959	24.379013440532056
919.7284411713581	23.406421554239905
919.7504005319203	22.40197640296473
919.7723598924824	21.37081780465818
919.7943192530446	20.31705696803451
919.8162786136068	19.244090352469946
919.8382379741689	18.15476660378218
919.8713389910973	16.487045453750564
919.9044400080257	14.79425110758634
919.9375410249542	13.081665738493445
919.9706420418826	11.353789249279565
920.003743058811	9.614538773332866
920.0368440757394	7.8673467323754105
920.0699450926678	6.115259138136614
920.1030461095962	4.360995656952915
920.1361471265246	2.606982856460948
920.169248143453	0.8553749837744449
920.2196999782576	-1.8054992244951773
920.2701518130622	-4.450924027557889
920.3206036478667	-7.076560541259017
920.3710554826713	-9.67986469466664
920.4215073174759	-12.25995918819663
920.4719591522804	-14.811427290824458
920.522410987085	-17.313020062826144
920.5728628218895	-19.743955737818343
920.6233146566941	-22.105413517136892
920.6737664914987	-24.401270262823274
920.7242183263032	-26.63482513829551
920.7746701611078	-28.80736146395733
920.8251219959124	-30.924001370470272
920.8755738307169	-32.98725228124792
920.9260256655215	-34.99466330082286
920.976477500326	-36.93596467125592
921.0269293351306	-38.795043190339776
921.0773811699352	-40.55285548402654
921.1278330047397	-42.19059666454832
921.1782848395443	-43.69430047629035
921.2287366743489	-45.06049103377977
921.2791885091534	-46.29313970062714
921.329640343958	-47.39692901762841
921.3800921787625	-48.378960169227916
921.4305440135671	-49.24990310438343
921.4809958483717	-50.02256971562183
921.5314476831762	-50.70963468076489
921.5818995179808	-51.32253962328235
921.6323513527853	-51.87161033198959
921.6828031875899	-52.366265184854164
921.7600735256435	-53.0363255650948
921.8373438636971	-53.62153647196127
921.9146142017507	-54.140436176600524
921.9918845398043	-54.60675983957524
922.069154877858	-55.030630287382806
922.1464252159116	-55.41947267511864
922.2236955539652	-55.77874589501846
922.3009658920188	-56.11251096563974
922.3782362300724	-56.423842147567385
922.4947223963284	-56.85523342807436
922.6112085625844	-57.247527759903136
922.7276947288403	-57.60439889990171
922.8441808950963	-57.930033491426194
922.9606670613523	-58.22757123962649
923.0771532276083	-58.49948964350475
923.1936393938643	-58.7479396093925
923.3877489295451	-59.11466252094535
923.5818584652259	-59.42950396895008
923.7759680009067	-59.69982113168583
923.9700775365875	-59.93167418895022
924.2622224291482	-60.21852276961089
924.5543673217089	-60.442996241973965
924.8465122142696	-60.6159284259768
925.3316178294966	-60.812166980419946
925.8167234447236	-60.92009861616951
926.3018290599506	-60.96035793660926
926.7869346751776	-60.948728444025676
927.2720402904046	-60.89816671845757
927.7571459056315	-60.81790390023064
928.2422515208585	-60.71471177172059
928.7273571360855	-60.59418898687804
929.4653957588453	-60.388485052765894
930.203434381605	-60.165199095033245
930.9414730043648	-59.93235125141639
930.9999999999793	-59.91359952923473
931.0000000000103	-59.91359952923473
931.0006463877545	-59.95697901527302
931.0012927754987	-59.99726678082653
931.002293902711	-60.05588604458602
931.0038485739348	-60.13936901625986
931.0066666472559	-60.27518612117021
931.009484720577	-60.396740659003925
931.0123027938981	-60.50879582737929
931.0151208672193	-60.61393615798981
931.0196687158561	-60.77311375470143
931.024216564493	-60.9214863056164
931.0287644131299	-61.06124925131343
931.0365079541887	-61.28415345376814
931.0442514952474	-61.490890884688326
931.0566073049797	-61.79439645776251
931.068963114712	-62.07201852653478
931.0891735445592	-62.48368853243145
931.1093839744065	-62.85602150044198
931.1295944042537	-63.19814287554415
931.1498048341009	-63.51538235948176
931.1700152639481	-63.81151033996197
931.2017087515223	-64.23999916709167
931.2334022390966	-64.63252811019885
931.2650957266708	-64.9955992943364
931.3138341239604	-65.50636191301136
931.3625725212501	-65.96986140057288
931.4113109185397	-66.39459035823351
931.5009412484566	-67.09520265456752
931.5905715783734	-67.71304741792159
931.6802019082903	-68.26520964319191
931.7698322382072	-68.76504183421517
931.8594625681241	-69.22299485554788
931.9490928980409	-69.6464340427919
932.0858827142972	-70.23772023986761
932.2226725305535	-70.7738488453466
932.3594623468098	-71.26439336085052
932.4962521630661	-71.71709007681399
932.6330419793223	-72.13805912566025
932.8513080363152	-72.75530579714429
933.0695740933081	-73.3172246641949
933.287840150301	-73.8335032510359
933.5061062072939	-74.31155305102351
933.7243722642868	-74.75726253951999
934.0800014478777	-75.42583364472986
934.4356306314687	-76.03494674708972
934.7912598150597	-76.59420630485134
935.1468889986506	-77.11073733442505
935.5025181822416	-77.59022951154188
936.0558757137132	-78.27308099682934
936.6092332451849	-78.88953082391139
937.1625907766565	-79.44831625975046
938.0634701209237	-80.25260803502835
938.9643494651909	-80.9457403566397
939.8652288094581	-81.54417713219635
940.7661081537253	-82.06081684336453
941.6669874979925	-82.50697725811804
942.5678668422597	-82.89201522925924
943.4687461865269	-83.22300068198739
944.9086271805439	-83.6543267923369
946.348508174561	-83.9826647468445
947.788389168578	-84.22396298592548
949.228270162595	-84.39196693143104
950.668151156612	-84.4979210074114
952.8392581004231	-84.55985409311864
956.5294601354128	-84.45738503387767
960.2196621704026	-84.16596731921787
963.9098642053923	-83.74335342614249
967.600066240382	-83.23813303645349
971.2902682753718	-82.68361085454454
974.9804703103615	-82.10629476420351
978.6706723453512	-81.52677003721806
982.360874380341	-80.95570643615879
986.0510764153307	-80.40278755286484
989.7412784503205	-79.87595612576824
993.4314804853102	-79.37842178357009
997.1216825202999	-78.91360869126973
1000.8118845552897	-78.48295595470353
1004.5020865902794	-78.08540319721479
1010.2585740130711	-77.53165097278499
1016.0150614358628	-77.05369519151881
1021.7715488586545	-76.64361427367618
1027.5280362814462	-76.29310994620725
1033.284523704238	-75.99462848248534
1039.0410111270296	-75.74163092356312
1049.0108177068917	-75.39079128342121
1058.9806242867537	-75.1253774697295
1068.9504308666158	-74.92400007944659
1078.9202374464778	-74.7645496321115
1088.8900440263399	-74.63960652628295
1098.859850606202	-74.54529600389523
1108.829657186064	-74.46622931107206
1118.799463765926	-74.40549251201251
1128.769270345788	-74.35638096216422
1130.999999999975	-74.3439026444526
1131.0000000000127	-74.3439026444526
