t	v
0.0	-80.0
0.0021107428119498273	-79.98890711086823
0.004221485623899655	-79.97913609930694
0.008853839677146213	-79.9607391087724
0.013486193730392771	-79.9441579709791
0.022457906561918657	-79.91588277962484
0.03142961939344455	-79.89015104004963
0.047493917606042504	-79.84789823893226
0.06355821581864046	-79.80950893923406
0.10188349709816433	-79.72846377287004
0.1402087783776882	-79.65832674211816
0.17853405965721206	-79.59525365841019
0.21685934093673592	-79.53706393902944
0.2551846222162598	-79.48250338984602
0.32131297378611257	-79.3944239875418
0.3874413253559653	-79.31267034100168
0.4923828588078376	-79.19257923756997
0.5973243922597099	-79.08139906310909
0.7924481659771088	-78.89151391949689
0.9875719396945075	-78.71636938152172
1.1826957134119063	-78.55161578553273
1.377819487129305	-78.39522523341303
1.5729432608467038	-78.24579968869114
1.8913127507275063	-78.01421269982451
2.2096822406083088	-77.7945596181997
2.5280517304891115	-77.58434185688229
3.0419468675063377	-77.26133202084046
3.555842004523564	-76.95495887141998
4.06973714154079	-76.6626990192661
5.113207918571878	-76.1059723959158
6.156678695602967	-75.59284996226152
7.200149472634055	-75.11930789971599
8.243620249665144	-74.68170142404419
9.287091026696233	-74.27644334837134
10.330561803727322	-73.90104329387823
11.935444984771896	-73.3790102357742
14.484335398389605	-72.67643929087748
17.033225812007316	-72.11200132715727
19.582116225625025	-71.66934721913145
22.131006639242734	-71.33402386565608
24.679897052860444	-71.092665453497
27.228787466478153	-70.93312483777379
29.77767788009586	-70.84397876177255
33.73757342424532	-70.82071145103738
37.69746896839477	-70.90839591359452
41.65736451254423	-71.07513890872302
45.61726005669368	-71.2973221787068
49.577155600843135	-71.55457740961901
53.53705114499259	-71.82929119282286
57.49694668914204	-72.10915514030029
61.456842233291496	-72.38392504573852
65.41673777744096	-72.64557431582877
69.37663332159042	-72.88930308874038
73.33652886573988	-73.11150565950985
77.29642440988934	-73.30997292444266
83.55577100106542	-73.57431217108251
89.8151175922415	-73.77946480881657
96.07446418341759	-73.93089997519573
102.33381077459367	-74.03504059608026
108.59315736576976	-74.10046271220153
119.13272271806663	-74.14691619315383
129.6722880703635	-74.14344906714474
140.21185342266037	-74.12006167401698
150.75141877495724	-74.08779694073017
161.29098412725412	-74.05798273870195
171.830549479551	-74.04586183937838
182.37011483184787	-74.03027717408308
189.65500902901627	-74.02148521052311
196.93990322618467	-74.02339456474333
204.22479742335307	-74.02262193188962
211.50969162052147	-74.02201982622249
218.79458581768986	-74.01709035041061
226.07948001485826	-74.01532467785795
233.36437421202666	-74.02282602027154
244.5676734300668	-74.02833070673614
255.77097264810695	-74.02725881684468
266.9742718661471	-74.02914213848712
278.1775710841872	-74.0340830351088
289.3808703022273	-74.03628276251936
300.58416952026744	-74.03923500518869
311.78746873830755	-74.04012278971972
322.99076795634767	-74.03582135360216
334.1940671743878	-74.03556165774206
345.3973663924279	-74.03795238010466
356.600665610468	-74.03271313872288
367.80396482850813	-74.03180073736544
379.00726404654824	-74.03901593669444
390.21056326458836	-74.0385474883575
401.4138624826285	-74.03883478780699
412.6171617006686	-74.03561852348655
423.8204609187087	-74.03220423533301
435.0237601367488	-74.03546418345675
446.22705935478893	-74.03489837084001
457.43035857282905	-74.0301660249476
468.63365779086917	-74.03125048178539
479.8369570089093	-74.03185637293761
491.0402562269494	-74.03510393443005
502.2435554449895	-74.03757808559631
513.4468546630296	-74.0348702077581
524.6501538810697	-74.03581310842713
530.9999999999882	-74.03748519409162
531.0000000000059	-74.03748519409162
531.000646486768	-74.08111396453812
531.0012929735301	-74.1216818754546
531.0022945047533	-74.18079267636061
531.0038479984147	-74.26504675788077
531.0066674781647	-74.40272633045078
531.0094869579146	-74.5264371519342
531.0123064376646	-74.64089699062222
531.0151259174146	-74.74865627927224
531.0196733986459	-74.91234688113373
531.0242208798771	-75.06566132503761
531.0287683611084	-75.21073713241658
531.0365200828732	-75.4436487330783
531.0442718046379	-75.6611446922313
531.0566478022591	-75.98328820974247
531.0690237998804	-76.28085058188896
531.08928700122	-76.72778593660323
531.1095502025596	-77.13750047305848
531.1298134038992	-77.51871457938718
531.1500766052388	-77.87650305237938
531.1703398065785	-78.2144611353718
531.2021586643766	-78.71146566799997
531.2339775221748	-79.17482830061225
531.2657963799729	-79.61072649492161
531.3147341798252	-80.23687118842794
531.3636719796775	-80.81905014117612
531.4126097795298	-81.36509528309708
531.5035647230802	-82.3033757033104
531.5945196666306	-83.16193247363111
531.685474610181	-83.95643003270543
531.7764295537314	-84.69923584947344
531.8673844972818	-85.40018871944699
531.9583394408322	-86.0662348612948
532.0959751301225	-87.0184373361749
532.2336108194128	-87.91405921422277
532.371246508703	-88.76218922506483
532.5088821979933	-89.57026278817976
532.6465178872836	-90.34418539089184
532.8650068878724	-91.51344835419522
533.1952442829379	-93.16861414463854
533.5254816780034	-94.71512215298888
533.8557190730689	-96.17283608677846
534.1859564681345	-97.55700760575128
534.5161938632	-98.87928301858473
534.8464312582655	-100.14776127349327
535.3423227365572	-101.963599698919
535.8382142148489	-103.68381932647803
536.3341056931406	-105.3175315086381
536.8299971714323	-106.87208177493754
537.325888649724	-108.35330902185191
538.0831561371477	-110.48365788147296
538.8404236245715	-112.46520217157129
539.5976911119952	-114.30706748440893
540.354958599419	-116.01702901698096
541.1122260868427	-117.60203573176771
542.2850520455061	-119.82481150656142
543.4578780041694	-121.78419314523263
544.6307039628327	-123.49997111568896
545.8035299214961	-124.99146053411243
546.9763558801594	-126.27777285738472
548.7521425760139	-127.87644422160714
550.5279292718683	-129.10960995451399
552.3037159677227	-130.03497901484133
554.0795026635772	-130.70508522055334
555.8552893594316	-131.16664033875006
557.631076055286	-131.46016906065728
559.4068627511405	-131.62009663363608
561.1826494469949	-131.67522022426266
562.9584361428493	-131.64939388863053
565.7158716167072	-131.49356829527267
568.4733070905651	-131.2457032543088
571.2307425644229	-130.94680832798724
573.9881780382808	-130.62593153433602
578.27224363931	-130.12703975603227
582.5563092403391	-129.66787682461947
586.8403748413683	-129.26709647593782
591.1244404423975	-128.93390882827723
595.4085060434267	-128.6679346383002
599.6925716444558	-128.46496372717948
603.976637245485	-128.3196136207366
608.2607028465142	-128.22417939104145
612.5447684475433	-128.16996255102558
616.8288340485725	-128.1495192864896
621.1128996496017	-128.15693625175984
625.3969652506308	-128.18703203627192
632.0509015145932	-128.26735411799464
638.7048377785555	-128.37528933056254
645.3587740425179	-128.49910679059403
652.0127103064802	-128.63040665469234
664.2342314583128	-128.87322960905098
676.4557526101454	-129.1009529727821
688.677273761978	-129.3070686716794
700.8987949138105	-129.48625907104378
713.1203160656431	-129.63899539976646
725.3418372174757	-129.76733430339624
737.5633583693083	-129.87440117875732
749.7848795211409	-129.96357077835586
762.0064006729734	-130.03745630703284
782.8265694896224	-130.13460799533905
820.1274807191345	-130.24737456861575
857.4283919486465	-130.30126811001483
894.7293031781586	-130.33967694863713
916.348408556982	-130.34867234007675
930.9999999999793	-130.3518992781575
931.0000000000103	-130.3518992781575
931.0006464706798	-130.30827371465844
931.0012929413493	-130.2677117043005
931.002294433028	-130.20861464861719
931.0038478963684	-130.12438908260668
931.006667061678	-129.9867969963521
931.0094862269875	-129.86319718110343
931.0123053922971	-129.748868235287
931.0151245576067	-129.64125692567802
931.0196711043253	-129.47785003693414
931.024217651044	-129.3248507191564
931.0287641977626	-129.1801176383753
931.036514466099	-128.94783953977858
931.0442647344354	-128.73103735195113
931.056637501903	-128.410127615587
931.0690102693706	-128.11390092475452
931.0892687439132	-127.66930975060093
931.1095272184558	-127.26209459944846
931.1297856929984	-126.8834906102294
931.1500441675411	-126.52839216861206
931.1703026420837	-126.19318247335694
931.2021149065481	-125.7005638459539
931.2339271710125	-125.24164782474938
931.2657394354769	-124.81022466195361
931.3146703077169	-124.19093959300571
931.363601179957	-123.61561272507548
931.412532052197	-123.07639768880172
931.5035759252729	-122.149754638513
931.5946197983488	-121.30294868458886
931.6856636714248	-120.52032852558939
931.7767075445007	-119.78952579535138
931.8677514175766	-119.10067509117444
931.9587952906526	-118.44681188259773
932.0963827568546	-117.5143833679338
932.2339702230566	-116.63853305358221
932.3715576892587	-115.81014730295448
932.5091451554607	-115.02175518459677
932.6467326216627	-114.26742056627337
932.864715938505	-113.13116600819616
933.1936394965038	-111.52726648779903
933.5225630545026	-110.03004251267784
933.8514866125014	-108.61947593344085
934.1804101705002	-107.2801349489992
934.509333728499	-106.00016393739507
934.8382572864978	-104.77122142851829
935.3334516649677	-103.00455416081596
935.8286460434376	-101.3262481167511
936.3238404219076	-99.72628026444559
936.8190348003775	-98.1965021742425
937.3142291788474	-96.73033134932707
938.0755238968765	-94.58886194798512
938.8368186149055	-92.57169616788909
939.5981133329345	-90.66816184073377
940.3594080509636	-88.8694990318235
941.1207027689926	-87.16829422690104
942.3095832845651	-84.69194328633581
943.4984638001375	-82.41882407804796
944.68734431571	-80.33345648109785
945.8762248312825	-78.42269543130524
947.0651053468549	-76.67498918541258
948.2539858624274	-75.08008356148586
950.2246668508405	-72.74811407962277
952.1953478392537	-70.77291625501361
954.1660288276669	-69.12006261427116
956.13670981608	-67.7569714750846
958.1073908044932	-66.65326742030348
961.0771022549918	-65.41646326753171
964.0468137054904	-64.61464150946352
967.016525155989	-64.1713100030011
969.9862366064876	-64.02101569435918
972.9559480569862	-64.10689579859705
975.9256595074849	-64.37842199772867
978.8953709579835	-64.79125479358602
981.8650824084821	-65.3063462831027
984.8347938589807	-65.89066198418217
987.8045053094793	-66.51715230876134
990.7742167599779	-67.16441257939118
993.7439282104765	-67.81536094925194
996.7136396609751	-68.45719047856295
999.6833511114737	-69.07998179144961
1002.6530625619723	-69.67599967084283
1005.6227740124709	-70.2402627137003
1008.5924854629695	-70.76879477527265
1011.5621969134681	-71.25884435240422
1014.5319083639667	-71.70958022120665
1017.5016198144654	-72.12003859588296
1020.471331264964	-72.49035576598018
1023.4410427154626	-72.82155847401232
1026.4107541659612	-73.11466465498995
1031.290283763631	-73.51927421154952
1036.1698133613006	-73.83612412590493
1041.0493429589703	-74.07356268871105
1045.92887255664	-74.2432326649239
1050.8084021543098	-74.35621651336967
1058.175720089234	-74.44147485424313
1065.543038024158	-74.45377905706931
1072.9103559590822	-74.41763969227237
1080.2776738940063	-74.3590952687602
1087.6449918289304	-74.29200087186881
1095.0123097638545	-74.22394262996987
1102.3796276987787	-74.16523383329984
1109.7469456337028	-74.1178862020548
1117.114263568627	-74.0797088146439
1124.481581503551	-74.0536826318667
1130.999999999975	-74.03925355683018
1131.0000000000127	-74.03925355683018
