t	v
0.0	-80.0
0.0017231850180149295	-79.99752932325443
0.007191663548743373	-79.99025246152804
0.018227190494231826	-79.97629014600683
0.039307747993889156	-79.95083508876823
0.060388305493546485	-79.92617577768884
0.09494478561310477	-79.8871099339619
0.15936378178662047	-79.81625306447994
0.22378277796013618	-79.7471052255655
0.4005254246768292	-79.56114067503441
0.5772680713935223	-79.37848315890507
0.7540107181102154	-79.19755614764802
0.9307533648269084	-79.01830738397068
1.1074960115436014	-78.84106601787346
1.4567470028961997	-78.49787430310721
2.029142919172011	-77.95681661009962
2.6015388354478226	-77.44267900754717
3.173934751723634	-76.95528363040404
4.067615430830147	-76.24620088437682
4.96129610993666	-75.59762638001237
5.854976789043173	-75.00599818484731
7.451867751110703	-74.07944433532849
9.048758713178234	-73.30411398303816
10.645649675245764	-72.6623612014504
12.242540637313294	-72.13805070458498
13.839431599380823	-71.7164914942233
16.49662560154463	-71.20790845852768
19.153819603708435	-70.89380840137216
21.81101360587224	-70.73011082843749
24.468207608036046	-70.68102484766396
27.12540161019985	-70.71761105756279
29.782595612363657	-70.81731651590226
34.27769982023713	-71.07745919849279
38.7728040281106	-71.39885982996562
43.267908235984066	-71.7417060189854
47.763012443857534	-72.07790543332484
52.258116651731	-72.39277128673662
56.75322085960447	-72.67671579673647
61.248325067477936	-72.9218498112808
65.7434292753514	-73.13178788299058
70.23853348322487	-73.30804123737661
74.73363769109834	-73.44893239770454
79.2287418989718	-73.56418913648287
83.72384610684527	-73.65542449663359
88.21895031471874	-73.7211404810448
92.7140545225922	-73.77449895461193
95.75111935274141	-73.80470792867042
98.78818418289062	-73.82768793776276
101.82524901303982	-73.84459744792112
104.86231384318903	-73.85642546984747
107.89937867333823	-73.86450570516847
112.59721962205477	-73.87273730939175
119.64463924150913	-73.87801183083438
126.69205886096348	-73.88095397986389
133.73947848041786	-73.87981265603557
140.78689809987222	-73.87735433959423
147.83431771932658	-73.87491384949091
158.71747077530136	-73.87110314186978
169.60062383127615	-73.86957485967773
188.96828044547237	-73.86747924453164
208.3359370596686	-73.86865038209228
227.70359367386482	-73.87154295389331
247.07125028806104	-73.87641485059581
266.43890690225726	-73.87639543705002
285.8065635164535	-73.87566994635857
305.1742201306497	-73.8818506375372
317.39444129374726	-73.88090663769907
329.6146624568448	-73.87919342322428
341.8348836199424	-73.8769538093229
361.8623750870804	-73.87518562560197
381.88986655421843	-73.87592493168965
412.4078380777798	-73.87401349213127
442.92580960134114	-73.87656464868954
473.4437811249025	-73.87734245384463
503.96175264846386	-73.87065612827637
518.6556906489644	-73.87307528912139
530.9999999999882	-73.87538440896348
531.0000000000059	-73.87538440896348
531.0001926778983	-73.87005427080588
531.0006696146128	-73.85777668904326
531.0017305776885	-73.83271669936204
531.0033500705722	-73.79736035174278
531.0049695634559	-73.76400619978006
531.0077462426608	-73.71090690148878
531.0105229218657	-73.66092876323094
531.0132996010706	-73.613461426723
531.0192238650495	-73.51816428049663
531.0251481290285	-73.42935511446275
531.0386203300185	-73.24552194868185
531.0520925310085	-73.08103635156226
531.0655647319985	-72.93006311800059
531.0790369329885	-72.78896657064426
531.0925091339785	-72.65549499293154
531.1154336124903	-72.44130513223313
531.138358091002	-72.2407066325814
531.1755000507646	-71.93752012520936
531.2126420105272	-71.65500290773907
531.2748680411041	-71.2153104129127
531.337094071681	-70.80565844215629
531.3993201022579	-70.41884566527703
531.4615461328348	-70.05144374815595
531.5237721634116	-69.70113287984854
531.6267058187576	-69.15425095744652
531.7296394741036	-68.64182546295227
531.8325731294495	-68.15858597536833
531.9923288369725	-67.45806351646806
532.1520845444956	-66.80872733122622
532.3118402520186	-66.20291549792283
532.6088741936304	-65.17237644864971
532.9059081352423	-64.24454164973437
533.2029420768541	-63.400771548982675
533.499976018466	-62.626301224747195
533.7970099600778	-61.90851752311332
534.0940439016897	-61.23780277812227
534.5498303704107	-60.282970167239604
535.0056168391318	-59.39914884367443
535.4614033078528	-58.56558762003404
535.9171897765739	-57.76249020136047
536.3729762452949	-56.96660610485061
536.828762714016	-56.15377598872334
537.284549182737	-55.290080190575615
537.740335651458	-54.31852873777433
538.1961221201791	-53.0936885266528
538.3100687373593	-52.709674072361764
538.4240153545395	-52.26091551918443
538.5379619717197	-51.71570387037758
538.6519085888999	-50.999496286995104
538.680395243195	-50.7787752716005
538.7088818974901	-50.53148465142599
538.7373685517852	-50.24894347126782
538.7658552060802	-49.917781297664064
538.7943418603753	-49.51561771275512
538.8139684821609	-49.17763709234301
538.8335951039465	-48.76294815651696
538.8532217257322	-48.226847790660635
538.8728483475178	-47.487206558279865
538.8821192272095	-47.03150708585576
538.8913901069012	-46.483355645403556
538.9006609865929	-45.82953733813572
538.9068699146457	-45.33114103413614
538.9130788426984	-44.78940748060468
538.9192877707511	-44.21217797235078
538.9254966988038	-43.607731001979865
538.9317056268566	-42.98281834282276
538.9379145549093	-42.34181648531144
538.944123482962	-41.68687237677588
538.9503324110148	-41.01851041054363
538.9565413390675	-40.336209992116125
538.9627502671202	-39.63876532981743
538.9689591951729	-38.92444861882053
538.9799548342231	-37.61120133982936
538.9909504732733	-36.22335770028429
539.0019461123235	-34.742728813415034
539.0129417513737	-33.147462773329096
539.0239373904238	-31.410883674317986
539.034933029474	-29.500120833997993
539.0459286685242	-27.37474541420649
539.063335508636	-23.451745184562782
539.0807423487478	-18.650832020629334
539.0981491888596	-12.798126459527824
539.1155560289714	-5.878783287576732
539.1329628690831	1.7912303431637937
539.1503697091949	9.493032371751562
539.1620315127685	14.269581115901438
539.1736933163421	18.53022801884724
539.1853551199157	22.195501729314593
539.1970169234893	25.265373998531125
539.2086787270629	27.790967463092
539.2203405306365	29.84522453323558
539.23200233421	31.50298735900649
539.2436641377836	32.831462820292046
539.2553259413572	33.88770303819819
539.2669877449308	34.71921357563911
539.2786495485044	35.36510357316015
539.290311352078	35.85695179007497
539.3019731556516	36.219827610027615
539.3136349592252	36.473469029538
539.3252967627988	36.633417883850164
539.3369585663723	36.712003530114146
539.3486203699459	36.71914514264447
539.3602821735195	36.66297064560167
539.3719439770931	36.55027073955526
539.3836057806667	36.386824438420064
539.3952675842403	36.177634425890865
539.4069293878139	35.92709868394156
539.4185911913875	35.639133077488204
539.4360956820688	35.144276340658315
539.45360017275	34.583428620164604
539.4711046634313	33.96550987144984
539.4886091541126	33.29817617485305
539.5061136447939	32.5879672674287
539.5236181354752	31.840428683291808
539.5411226261565	31.060243603269058
539.5586271168378	30.251361558199303
539.5761316075191	29.41711788587486
539.5936360982004	28.560340174051998
539.6111405888817	27.683437039877962
539.628645079563	26.78846992283872
539.6461495702442	25.877214012179948
539.6636540609255	24.951213221934722
539.6811585516068	24.01182912135631
539.6986630422881	23.060281408708455
539.7161675329694	22.097679232864177
539.7336720236507	21.125044928709936
539.751176514332	20.14333189552904
539.7686810050133	19.1534375120161
539.7861854956946	18.156212474342645
539.8036899863758	17.15246541382288
539.830820976152	15.585612301233795
539.8579519659282	14.007612124994573
539.8850829557044	12.420941967016585
539.9122139454806	10.827884745216725
539.9393449352568	9.230551997598777
539.966475925033	7.630912573894448
539.9936069148092	6.0308138634306045
540.0207379045854	4.431984685969995
540.0478688943616	2.83601287242384
540.0749998841378	1.244298866443313
540.102130873914	-0.3419979270463079
540.1292618636902	-1.9219936191302276
540.1563928534664	-3.4950780921766675
540.1835238432426	-5.060886202927983
540.2106548330188	-6.619271513311895
540.237785822795	-8.17016915384948
540.2649168125712	-9.713358995896403
540.2920478023474	-11.248466552280187
540.3191787921236	-12.774856867147346
540.3463097818998	-14.285241237841825
540.373440771676	-15.77562181855491
540.4005717614522	-17.24377871783127
540.4277027512284	-18.688759508660503
540.4548337410046	-20.109836534832947
540.4819647307808	-21.50769116358415
540.509095720557	-22.884619446287516
540.5362267103332	-24.24361106146281
540.5633577001093	-25.58734862040484
540.5904886898855	-26.917988083662575
540.6176196796617	-28.237280421300927
540.6447506694379	-29.546537591542528
540.6855957633254	-31.499414150473882
540.7264408572129	-33.426226716561295
540.7672859511003	-35.31448070221421
540.8081310449878	-37.143833000718196
540.8489761388753	-38.89073889120272
540.8898212327628	-40.53434907701478
540.9306663266502	-42.059314188801615
540.9715114205377	-43.45560126565007
541.0123565144252	-44.72364003907198
541.0532016083126	-45.86761439579211
541.0940467022001	-46.89293323784724
541.1348917960876	-47.80671060258429
541.175736889975	-48.618506261159034
541.2165819838625	-49.339276704071224
541.25742707775	-49.97963117763564
541.2982721716374	-50.54904042398599
541.3391172655249	-51.056139679387215
541.3799623594124	-51.50910535691835
541.4208074532999	-51.915552325342034
541.4827739733989	-52.45798378025314
541.544740493498	-52.9278962977795
541.6067070135971	-53.340647356388644
541.6686735336962	-53.70817387055673
541.7306400537952	-54.0397107529343
541.7926065738943	-54.34238819123709
541.8545730939934	-54.621700601457405
541.9487735077832	-55.01092208053326
542.0429739215731	-55.36643097417162
542.1371743353629	-55.69508993053667
542.2313747491528	-56.00144612794374
542.3255751629426	-56.28851863213096
542.4197755767325	-56.55831106737141
542.5139759905223	-56.81222122042232
542.6081764043122	-57.05128752369074
542.702376818102	-57.27630707894047
542.7965772318919	-57.48791481457207
542.8907776456817	-57.68665927777732
542.9849780594716	-57.87305683515478
543.1274367467291	-58.132640473016544
543.2698954339867	-58.36687219035469
543.4123541212442	-58.57733552545168
543.5548128085018	-58.76553997750993
543.7706222875531	-59.01163401658279
543.9864317666045	-59.21509960760295
544.2022412456558	-59.38046355157485
544.4180507247072	-59.51176504143316
544.6338602037586	-59.61264789071604
544.9683097077378	-59.7165436329868
545.3027592117171	-59.76600317728929
545.6372087156964	-59.770029125952966
545.9716582196756	-59.73615157826116
546.3061077236549	-59.670678138826894
546.6405572276342	-59.57889192209836
547.2063785896036	-59.37592286369225
547.7721999515729	-59.12722170157987
548.3380213135423	-58.84519495472855
548.9038426755117	-58.53883610580889
549.469664037481	-58.214406928402326
550.0354853994504	-57.87590240327377
550.9934127438765	-57.27712932520461
551.9513400883027	-56.64589273319239
552.9092674327288	-55.97170030735445
553.867194777155	-55.2217433189427
554.8251221215811	-54.341778860059065
555.7830494660072	-53.1544010446659
556.0225313021137	-52.752827290081726
556.2620131382203	-52.26497541752259
556.3218835972469	-52.12427700238394
556.3817540562736	-51.97194996867725
556.4416245153003	-51.80832350471601
556.5331556434594	-51.533154023354975
556.6246867716185	-51.22136294799996
556.7162178997776	-50.8579351607685
556.8077490279367	-50.42278041967153
556.8659961204255	-50.09118173592709
556.9242432129143	-49.69485761834241
556.9824903054032	-49.198644149455085
556.9970520785254	-49.05381176437246
557.0116138516476	-48.8975591835024
557.042301925827	-48.51914150491005
557.0609367618025	-48.24731948311176
557.079571597778	-47.930904055191995
557.0982064337535	-47.55181076544007
557.1090275865076	-47.29296579777552
557.1198487392618	-46.9951082433284
557.1306698920159	-46.64561338307178
557.1414910447701	-46.227061459196605
557.1523121975242	-45.716656912929324
557.1576504231048	-45.42316779828651
557.1629886486853	-45.09752660223815
557.1683268742659	-44.73729857031627
557.1736650998464	-44.341444753237134
557.179003325427	-43.91062152086228
557.1843415510075	-43.447209326968064
557.189679776588	-42.95497838233169
557.1950180021686	-42.43838469662826
557.2003562277491	-41.90181799370655
557.2056944533297	-41.34898255424713
557.2110326789102	-40.782513043812045
557.2194364637692	-39.865724876947766
557.2278402486281	-38.91951893259577
557.2362440334871	-37.941790673855614
557.244647818346	-36.9276450873495
557.253051603205	-35.870435090608815
557.261455388064	-34.76234378457088
557.2698591729229	-33.59453202557043
557.2782629577819	-32.356880196084674
557.2911620209733	-30.29316521576834
557.3040610841647	-27.985493281238224
557.3169601473561	-25.372754235822494
557.3298592105475	-22.38440917607064
557.3427582737389	-18.947281048242356
557.3556573369303	-15.002197361804747
557.3685564001217	-10.542494118703088
557.3814554633132	-5.613201308129188
557.3943545265046	-0.3732166820520676
557.407253589696	4.945192089135653
557.4201526528874	10.064315223458742
557.4330517160788	14.74627361649853
557.4459507792702	18.849918050866087
557.4588498424616	22.333086335970478
557.471748905653	25.222556872759654
557.4846479688445	27.581205946205788
557.4975470320359	29.484633175994087
557.5104460952273	31.00753429450073
557.5233451584187	32.2168676950684
557.5362442216101	33.16921205830299
557.5491432848015	33.909800675372466
557.5620423479929	34.476270869381
557.5749414111843	34.89716682823436
557.5878404743758	35.19443054366202
557.6007395375672	35.3852475666332
557.6136386007586	35.4833347676267
557.62653766395	35.49985499882315
557.6394367271414	35.44406513035345
557.6523357903328	35.32378635178878
557.6652348535242	35.145748961598684
557.6781339167156	34.91583882585808
557.691032979907	34.63926585475475
557.7039320430985	34.320675392515625
557.7168311062899	33.96422264508664
557.7297301694813	33.57362605734549
557.7426292326727	33.15220991501122
557.7555282958641	32.70294164097095
557.7684273590555	32.22846614933236
557.7813264222469	31.73113801860436
557.7942254854383	31.21305140207652
557.8071245486298	30.67606762259348
557.8200236118212	30.121840702050466
557.8329226750126	29.551840787518792
557.845821738204	28.96737558563605
557.8652749110843	28.061105925577916
557.8847280839645	27.128043325515183
557.9041812568448	26.17116064261989
557.9236344297251	25.192975278288035
557.9430876026054	24.19566697011821
557.9625407754856	23.18116999944986
557.9819939483659	22.151228739280228
558.0014471212462	21.10743174133471
558.0209002941265	20.05123670032186
558.0403534670068	18.983990556390584
558.059806639887	17.906945800937248
558.0792598127673	16.82127192232163
558.0987129856476	15.728063739473749
558.1181661585279	14.6283483182959
558.1376193314081	13.523091404084642
558.1570725042884	12.413203537201005
558.1765256771687	11.299545117183333
558.195978850049	10.182929067678437
558.2154320229292	9.064120041215167
558.2461907683127	7.292334530210391
558.2769495136961	5.519358134648989
558.3077082590795	3.7473885694703215
558.3384670044629	1.9782966070539727
558.3692257498464	0.2137288265749087
558.3999844952298	-1.5448614476027362
558.4307432406132	-3.2962315038513426
558.4615019859966	-5.039424311499554
558.49226073138	-6.773830517635938
558.5230194767635	-8.49881591507507
558.5537782221469	-10.21352441741235
558.5845369675303	-11.917172183010386
558.6152957129137	-13.606973559302272
558.6460544582972	-15.273111221474636
558.6768132036806	-16.91251729298669
558.707571949064	-18.5253714726265
558.7383306944474	-20.111132654285115
558.7690894398309	-21.66919384470871
558.7998481852143	-23.201254840944767
558.8306069305977	-24.710897132977852
558.8613656759811	-26.20169554790595
558.8921244213645	-27.67603666973255
558.922883166748	-29.135144167231854
558.9717433435425	-31.420990955637855
559.020603520337	-33.658872245550654
559.0694636971315	-35.826303233661505
559.118323873926	-37.891194919302414
559.1671840507205	-39.8215879174768
559.216044227515	-41.59500065738533
559.2649044043095	-43.200314203564105
559.313764581104	-44.63908724113036
559.3626247578985	-45.92064726348277
559.411484934693	-47.055091519788185
559.4603451114875	-48.05354180340947
559.509205288282	-48.93024956155147
559.5580654650765	-49.70157831243198
559.606925641871	-50.382852448100785
559.6557858186655	-50.98678888288907
559.70464599546	-51.524172977361154
559.7535061722546	-52.00482904241072
559.8023663490491	-52.43769490321984
559.8512265258436	-52.83044671532209
559.9247317422071	-53.35862914737844
559.9982369585706	-53.826578871390666
560.0717421749341	-54.24742296233426
560.1452473912976	-54.630889902859884
560.2187526076611	-54.98419810280993
560.2922578240247	-55.312694911366385
560.3657630403882	-55.62032425121654
560.4392682567517	-55.90999732369228
560.5127734731152	-56.18388039641665
560.5862786894787	-56.44360689693271
560.699608980633	-56.81891119894669
560.8129392717873	-57.16683675056278
560.9262695629416	-57.49008995563166
561.0395998540959	-57.79056151987306
561.1529301452501	-58.06961911662454
561.2662604364044	-58.32845924667465
561.3795907275587	-58.568284258115554
561.492921018713	-58.790286967780254
561.6712640206515	-59.10620208715148
561.84960702259	-59.38465890028156
562.0279500245285	-59.629106987939956
562.206293026467	-59.8426107754037
562.3846360284056	-60.02804318567789
562.6724707848324	-60.27476232252798
562.9603055412592	-60.465176462956855
563.2481402976861	-60.60786644030472
563.5359750541129	-60.71005358342245
563.8238098105397	-60.7778512882281
564.1116445669666	-60.81646505218838
564.5781467413756	-60.827996883316246
565.0446489157846	-60.78981741757238
565.5111510901936	-60.71424850112472
566.2238632339113	-60.547816794232716
566.936575377629	-60.34080389899383
567.6492875213467	-60.1101777252691
568.3619996650643	-59.86682578181485
569.074711808782	-59.62042567816854
569.7874239524997	-59.374597518322965
570.5001360962174	-59.13538844349315
571.212848239935	-58.900871356313374
571.9255603836527	-58.680599497575805
572.6382725273704	-58.47038301969408
573.3509846710881	-58.273250494583216
574.0636968148058	-58.07571934551351
574.7764089585235	-57.882582416617126
575.4891211022411	-57.70443196495398
576.2018332459588	-57.536268397077336
576.9145453896765	-57.375188040969576
577.6272575333942	-57.211192854534694
578.3399696771119	-57.050940938551236
579.0526818208295	-56.90370742378698
579.7653939645472	-56.79405986796885
580.4781061082649	-56.69196333919314
581.1908182519826	-56.56737758355041
581.9035303957003	-56.44800928149866
582.3994699316847	-56.37285488323431
582.8954094676692	-56.293061798500915
583.3913490036537	-56.21443258355303
583.8872885396381	-56.13450326690548
584.3832280756226	-56.05813271647239
584.879167611607	-55.98129936769168
585.3751071475915	-55.91069473695873
585.871046683576	-55.83855869790926
586.3669862195604	-55.767606671210174
586.8629257555449	-55.700011250118976
587.3588652915294	-55.62545171751291
587.8548048275138	-55.545631757254604
588.3507443634983	-55.47250645463859
588.8466838994827	-55.39295827560998
589.3426234354672	-55.31946066628875
589.8385629714517	-55.24544168282483
590.3345025074361	-55.17347281429648
590.8304420434206	-55.103128021212385
591.326381579405	-55.027749469794976
591.8223211153895	-54.94607088510713
592.318260651374	-54.86361239711177
592.8142001873584	-54.77217503992438
593.3101397233429	-54.68261255063548
593.8060792593274	-54.58814404567045
594.3020187953118	-54.49108313183194
594.7979583312963	-54.39075906962077
595.2938978672807	-54.277325136763515
595.7898374032652	-54.14705574363982
596.2857769392497	-54.00203405642186
596.7817164752341	-53.845725954656054
597.2776560112186	-53.66654596987013
597.7735955472031	-53.46004335385607
597.8975804311991	-53.4005762817932
598.0215653151952	-53.336133135673784
598.1455501991912	-53.26793604917743
598.2695350831873	-53.19713397373359
598.3935199671834	-53.12275878389908
598.5175048511794	-53.04535477576047
598.6414897351755	-52.96171838076367
598.7654746191715	-52.87037446128891
598.8894595031676	-52.77089894155835
599.0134443871636	-52.664516137442746
599.1374292711597	-52.54991727432473
599.2614141551558	-52.42725421370281
599.3853990391518	-52.293375054462885
599.5093839231479	-52.14412594080355
599.6333688071439	-51.973392348332375
599.75735369114	-51.7753683607442
599.881338575136	-51.547093967625464
599.9290977565121	-51.449956246416804
599.9768569378881	-51.3462308588641
600.0246161192641	-51.234895416198874
600.1314845984002	-50.951395950602794
600.2383530775363	-50.60398377357362
600.3452215566724	-50.163911244606
600.4042177885299	-49.86132189896201
600.4632140203873	-49.489621241693854
600.4988470317578	-49.21744527797703
600.5344800431283	-48.89189015035394
600.5701130544987	-48.48662594881403
600.5790213073413	-48.36910989238263
600.587929560184	-48.24302801038296
600.6068013281995	-47.94024751145324
600.625673096215	-47.57231328514554
600.6364805233283	-47.32224483972296
600.6472879504415	-47.03303352143932
600.6580953775548	-46.692452124154705
600.668902804668	-46.28387907745652
600.6797102317813	-45.78621483697874
600.6853510388848	-45.483440895817
600.6909918459884	-45.146845508825955
600.6966326530919	-44.77424436395065
600.7022734601954	-44.36501639165736
600.707914267299	-43.92042965675776
600.7135550744025	-43.44356375172467
600.719195881506	-42.938779168866084
600.7248366886096	-42.41085906877465
600.7304774957131	-41.86424341417827
600.7361183028166	-41.30248119182589
600.7417591099202	-40.72795323566752
600.7507980518942	-39.78275530317809
600.7598369938682	-38.80781597675755
600.7688759358423	-37.8002447964523
600.7779148778163	-36.75427889618136
600.7869538197904	-35.66231670154053
600.7959927617644	-34.51546627080255
600.8050317037385	-33.30361524124262
600.8140706457125	-32.01510165720817
600.827964410175	-29.85235221516014
600.8418581746375	-27.4163154608204
600.8557519391001	-24.636178505645095
600.8696457035626	-21.4341424174324
600.8835394680251	-17.73309316533163
600.8974332324876	-13.483971606844126
600.9113269969502	-8.702015715687738
600.9252207614127	-3.508408331180102
600.9391145258752	1.8958713581551547
600.9530082903377	7.22396188901597
600.9669020548002	12.180926248373163
600.9807958192628	16.57762501148603
600.9946895837253	20.335634560064126
601.0085833481878	23.463351151443785
601.0224771126503	26.017796965258754
601.0363708771129	28.07622449736337
601.0502646415754	29.718663451177395
601.0641584060379	31.018510771349533
601.0780521705004	32.03834940275609
601.091945934963	32.82902484006561
601.1058396994255	33.43005427256505
601.119733463888	33.873271173711245
601.1336272283505	34.182698934802595
601.147520992813	34.37685682183163
601.1614147572756	34.470404543851245
601.1753085217381	34.47528670919707
601.1892022862006	34.40150364896994
601.2030960506631	34.25760946963685
601.2169898151257	34.05104085968175
601.2308835795882	33.78834279859743
601.2447773440507	33.475323683459834
601.2586711085132	33.117160205831915
601.2725648729757	32.71846982443549
601.2864586374383	32.28336577081942
601.3003524019008	31.815504410811872
601.3142461663633	31.318129455863286
601.3281399308258	30.794114027325474
601.3420336952884	30.246000443718078
601.3559274597509	29.676037133254333
601.3698212242134	29.086212505115153
601.3837149886759	28.478285901525314
601.3976087531385	27.853815830037128
601.411502517601	27.214185688252694
601.4253962820635	26.560627155880454
601.4470772118575	25.515488570407378
601.4687581416515	24.442753686378808
601.4904390714455	23.34559699190016
601.5121200012395	22.226755261488783
601.5338009310335	21.08864508120673
601.5554818608275	19.933459763300544
601.5771627906215	18.763216072912424
601.5988437204155	17.579774402919153
601.6205246502095	16.384850774327138
601.6422055800035	15.180028450178575
601.6638865097975	13.966770706638956
601.6855674395915	12.746434560598715
601.7072483693855	11.5202848884786
601.7289292991795	10.289507801387073
601.7506102289735	9.055221668505016
601.7722911587675	7.818484147075758
601.7939720885615	6.580293677041749
601.8156530183555	5.341584162464272
601.8373339481495	4.103213386141386
601.8590148779435	2.865949556376294
601.8806958077375	1.6304624030104793
601.9023767375315	0.39732334710253087
601.9240576673255	-0.8329853098909321
601.9594048944706	-2.831702906448148
601.9947521216156	-4.820401060568689
602.0300993487607	-6.797805713683659
602.0654465759058	-8.762616101744467
602.1007938030508	-10.713480099996744
602.1361410301959	-12.649290574640228
602.1714882573409	-14.561108511695274
602.206835484486	-16.43952718449618
602.242182711631	-18.283365089910404
602.2775299387761	-20.093509471177317
602.3128771659211	-21.86963392446703
602.3482243930662	-23.612303722105633
602.3835716202112	-25.32474582374146
602.4189188473563	-27.011227340604837
602.4542660745013	-28.6745336685815
602.4896133016464	-30.314885728561805
602.5249605287914	-31.92965118741917
602.5603077559365	-33.51292417542433
602.5956549830815	-35.05561366679371
602.6310022102266	-36.54701929255533
602.6663494373717	-37.97698179675833
602.7016966645167	-39.33712440801794
602.7370438916618	-40.620991977077715
602.7723911188068	-41.8239604763862
602.8077383459519	-42.94331415343694
602.8430855730969	-43.97982931576989
602.878432800242	-44.93680000066026
602.934370222063	-46.29814672436671
602.990307643884	-47.48767729075909
603.046245065705	-48.523068551460156
603.102182487526	-49.42504033991193
603.158119909347	-50.21420604352778
603.214057331168	-50.90812020050631
603.269994752989	-51.521601699893914
603.32593217481	-52.06781551891517
603.381869596631	-52.55828908128104
603.437807018452	-53.00258030567983
603.493744440273	-53.40839420636626
603.549681862094	-53.78198864855888
603.605619283915	-54.12849159735201
603.661556705736	-54.45207292516705
603.7497407581848	-54.923616155260625
603.8379248106336	-55.35643399293288
603.9261088630824	-55.75748049748057
604.0142929155312	-56.13172209070169
604.10247696798	-56.48280310991125
604.1906610204288	-56.813386476784856
604.2788450728776	-57.12542743405282
604.3670291253264	-57.42041334756975
604.5005195653431	-57.837226977002885
604.6340100053598	-58.22085916387731
604.7675004453764	-58.57409002295165
604.9009908853931	-58.899032871296
605.0344813254097	-59.19761035380758
605.1679717654264	-59.471724580230386
605.301462205443	-59.72321232445877
605.5148641130934	-60.082228238447605
605.7282660207437	-60.3935790177381
605.941667928394	-60.66272816486867
606.1550698360444	-60.89452386935426
606.3684717436947	-61.09324961263071
606.6997248713503	-61.34466416808129
607.0309779990059	-61.53736557025841
607.3622311266615	-61.681557890726985
607.6934842543171	-61.78564587070809
608.0247373819727	-61.85660061659684
608.5363778767413	-61.91399330181644
609.0480183715099	-61.92298312559834
609.5596588662785	-61.89679921399797
610.3577841074941	-61.80892379644301
611.1559093487098	-61.685808393823116
611.9540345899254	-61.54468677116101
612.7521598311411	-61.39617420538355
613.5502850723567	-61.24902565119363
614.3484103135723	-61.10623678316776
615.146535554788	-60.97220384965208
615.9446607960036	-60.84663953374502
616.7427860372193	-60.733247227932985
617.5409112784349	-60.62676709406082
618.3390365196506	-60.533300398814035
619.1371617608662	-60.4493232741353
619.9352870020819	-60.375634699992126
620.7334122432975	-60.30239607568813
621.5315374845131	-60.23786251065229
622.3296627257288	-60.170107316276294
623.1277879669444	-60.108622014392644
623.9259132081601	-60.06060687949174
624.7240384493757	-60.020558980893085
625.5221636905914	-59.98776108597989
626.320288931807	-59.951467043362285
627.1184141730226	-59.913885292576275
627.9165394142383	-59.87387352799802
628.7146646554539	-59.84210956111933
629.5127898966696	-59.81256573481014
630.3109151378852	-59.78532543731079
631.1090403791009	-59.75145618758478
631.9071656203165	-59.72277220884492
632.7052908615321	-59.69651680210045
633.5034161027478	-59.6664931138164
634.3015413439634	-59.635699467367274
635.0996665851791	-59.59836738775604
635.8977918263947	-59.57343554837317
636.6959170676104	-59.55260869038399
637.494042308826	-59.536444337381816
638.2921675500417	-59.5028982004519
639.0902927912573	-59.463933072124206
639.8884180324729	-59.435101331896824
640.6865432736886	-59.414057257413724
641.4846685149042	-59.40136049521507
642.2827937561199	-59.38005614825274
643.0809189973355	-59.354196753443546
643.8790442385512	-59.32061371841655
644.6771694797668	-59.288131180780574
645.4752947209824	-59.24869973588852
646.2734199621981	-59.215851795919335
647.0715452034137	-59.1893265208497
647.8696704446294	-59.17540753584882
648.667795685845	-59.14172346687
649.2148554439111	-59.11395474362542
649.7619152019772	-59.098284212785735
650.3089749600433	-59.08990529976099
650.8560347181094	-59.08521276057126
651.4030944761755	-59.065837188823025
651.9501542342416	-59.04810887426746
652.4972139923077	-59.03437141191276
653.0442737503738	-59.02867677627882
653.5913335084399	-59.01337448869609
654.138393266506	-58.99131969579041
654.6854530245721	-58.96417905069521
655.2325127826382	-58.94870944104222
655.7795725407043	-58.93118539514254
656.3266322987704	-58.91118844743286
656.8736920568365	-58.89545680349322
657.4207518149026	-58.88214103336733
657.9678115729687	-58.86830436174728
658.5148713310348	-58.84887329961015
659.0619310891009	-58.828005893144415
659.608990847167	-58.8127967684925
660.1560506052331	-58.80557232465032
660.7031103632992	-58.79480307404974
661.2501701213653	-58.779197205321076
661.7972298794314	-58.762659908056875
662.3442896374975	-58.751141156642504
662.8913493955636	-58.73870846399408
663.4384091536297	-58.72578449117246
663.9854689116958	-58.71248883912506
664.5325286697619	-58.70487225463393
665.079588427828	-58.69298788689629
665.626648185894	-58.675660114347274
666.1737079439602	-58.65271837564091
666.7207677020263	-58.640102095339714
667.2678274600923	-58.62643115836669
667.8148872181584	-58.608928754729114
668.3619469762245	-58.595094845578444
668.9090067342906	-58.584405429870486
669.4560664923567	-58.58430096767164
670.0031262504228	-58.580236594096625
670.5501860084889	-58.570409643546746
671.097245766555	-58.55679536661583
671.6443055246211	-58.54745193101568
672.1913652826872	-58.53252979292097
672.7384250407533	-58.51456995740433
673.2854847988194	-58.49341496611534
673.8325445568855	-58.48285713083594
674.3796043149516	-58.47775720709467
674.9266640730177	-58.467802946184364
675.4737238310838	-58.454040369328794
676.0207835891499	-58.432868858973336
676.567843347216	-58.4239617069006
677.1149031052821	-58.420626373018
677.6619628633482	-58.420367419800506
678.2090226214143	-58.40525827969268
678.7560823794804	-58.38358341270829
679.3031421375465	-58.36992316148654
679.8502018956126	-58.36156686406126
680.3972616536787	-58.36346834157816
680.9443214117448	-58.36050570697908
681.4913811698109	-58.353778818949735
682.038440927877	-58.34293546689825
682.5855006859431	-58.33482346094711
683.1325604440092	-58.320440172306306
683.6796202020753	-58.303921890158435
684.2266799601414	-58.284454838490525
684.7737397182075	-58.27555164047812
685.3207994762736	-58.272058556503715
685.8678592343397	-58.263822253818944
686.4149189924058	-58.25205517133644
686.9619787504719	-58.23163906292085
687.509038508538	-58.22469463274697
688.0560982666041	-58.2241139929354
688.6031580246702	-58.21685989645315
689.1502177827363	-58.20532140955286
689.6972775408024	-58.18258292643893
690.2443372988685	-58.16445709366932
690.7913970569346	-58.157786932377746
691.3384568150007	-58.15307880845218
691.8855165730668	-58.15150704215429
692.4325763311329	-58.13896721104928
692.979636089199	-58.12469353369032
693.526695847265	-58.11667622190886
694.0737556053311	-58.11040662127681
694.6208153633972	-58.111063351253215
695.1678751214633	-58.100060579621456
695.7149348795294	-58.08508798145952
696.2619946375955	-58.064914895775026
696.8090543956616	-58.06003791175812
697.3561141537277	-58.062541539807924
697.9031739117938	-58.05823067679533
698.4502336698599	-58.04935440307176
698.997293427926	-58.02625033244523
699.5443531859921	-58.00800009569711
700.0914129440582	-58.00369489824278
700.6384727021243	-58.001902588385825
701.1855324601904	-58.00439813571271
701.7325922182565	-57.991922407450645
702.2796519763226	-57.97685390802626
702.8267117343887	-57.970586753358276
703.3737714924548	-57.9665282162928
703.9208312505209	-57.960932953678416
704.467891008587	-57.95007269638126
705.0149507666531	-57.93802764022342
705.5620105247192	-57.93188363129043
706.1090702827853	-57.93210161751826
706.6561300408514	-57.931031485180895
707.2031897989175	-57.92193294267517
707.7502495569836	-57.91010517127127
708.2973093150497	-57.90357970876719
708.8443690731158	-57.90291210198004
709.3914288311819	-57.895681015225584
709.938488589248	-57.88159934739971
710.4855483473141	-57.87338057303666
711.0326081053802	-57.86971768315453
711.5796678634463	-57.87474676003666
712.1267276215124	-57.8592385592807
712.6737873795785	-57.83759372905913
713.2208471376446	-57.83128592995961
713.7679068957107	-57.82927297676019
714.3149666537768	-57.82434296055642
714.8620264118429	-57.81924758821405
715.409086169909	-57.816287835661406
715.9561459279751	-57.82075452937532
716.5032056860412	-57.821329287787165
717.0502654441073	-57.818065608509976
717.5973252021734	-57.813253929068374
718.1443849602394	-57.8155731363524
718.6914447183055	-57.813685902382325
719.2385044763716	-57.805268849034384
719.7855642344377	-57.7860086372105
720.3326239925038	-57.77003205364422
720.8796837505699	-57.76410060617045
721.426743508636	-57.77006232959443
721.9738032667021	-57.75962224235682
722.3417239632478	-57.74485024009343
722.7096446597934	-57.73932439368918
723.077565356339	-57.7410442559711
723.4454860528847	-57.7473976380135
723.8134067494303	-57.741736905172104
724.181327445976	-57.73766606479325
724.5492481425216	-57.73811887277179
724.9171688390672	-57.744546138254734
725.2850895356129	-57.74296455675345
725.6530102321585	-57.7382056339778
726.0209309287042	-57.73556417953108
726.3888516252498	-57.73946483015569
726.7567723217954	-57.73901167578907
727.1246930183411	-57.73432068211663
727.4926137148867	-57.730532828266696
727.8605344114324	-57.73239451942004
728.228455107978	-57.73145682181819
728.5963758045236	-57.72667970188205
728.9642965010693	-57.72268481114952
729.3322171976149	-57.72326945014095
729.7001378941605	-57.7216200469606
730.0680585907062	-57.71578893325749
730.4359792872518	-57.707485678942994
730.8038999837975	-57.70014979535982
731.1718206803431	-57.69341929232717
731.5397413768887	-57.68943897323779
731.9076620734344	-57.68508183555854
732.27558276998	-57.684812964472215
732.6435034665257	-57.67640654840397
733.0114241630713	-57.663962593712725
733.3793448596169	-57.65828548933145
733.7472655561626	-57.656563916923155
734.1151862527082	-57.66191516711946
734.4831069492539	-57.66482078754883
734.8510276457995	-57.66538338253416
735.2189483423451	-57.65935748001964
735.5868690388908	-57.65652864136675
735.9547897354364	-57.65594677624739
736.322710431982	-57.65855074259935
736.6906311285277	-57.65702595041578
737.0585518250733	-57.64996377410802
737.426472521619	-57.64322448597391
737.7943932181646	-57.638716669806186
738.1623139147102	-57.640340679710775
738.5302346112559	-57.636558589244395
738.8981553078015	-57.62833512511588
739.2660760043472	-57.617614636919484
739.6339967008928	-57.61388465360633
740.0019173974384	-57.609952354631645
740.3698380939841	-57.60345228581814
740.7377587905297	-57.59213180493222
741.1056794870753	-57.58636449286834
741.473600183621	-57.582077290721664
741.8415208801666	-57.576303389592496
742.2094415767123	-57.573002124836655
742.5773622732579	-57.569831368048604
742.9452829698035	-57.57376540667943
743.3132036663492	-57.577337023891516
743.6811243628948	-57.578931163054655
744.0490450594405	-57.57352462013708
744.4169657559861	-57.56540181373274
744.7848864525317	-57.560700962517956
745.1528071490774	-57.558098949767405
745.520727845623	-57.56009617446046
745.8886485421687	-57.55649414161769
746.2565692387143	-57.5547929081844
746.6244899352599	-57.55455157380505
746.9924106318056	-57.55858591002038
747.3603313283512	-57.55752180446532
747.7282520248968	-57.55481431971713
748.0961727214425	-57.55241326239147
748.4640934179881	-57.55507355806027
748.8320141145338	-57.55536669806784
749.1999348110794	-57.55288854338748
749.567855507625	-57.5494894191004
749.9357762041707	-57.55037276180748
750.3036969007163	-57.55043104270988
750.671617597262	-57.54804780852804
751.0395382938076	-57.5444012654907
751.4074589903532	-57.543907736444645
751.7753796868989	-57.54267210186574
752.1433003834445	-57.53798538629973
752.5112210799902	-57.528155404056385
752.8791417765358	-57.522823008268716
753.2470624730814	-57.522039336205985
753.6149831696271	-57.5234493855451
753.9829038661727	-57.51929499445101
754.3508245627183	-57.514577915166136
754.718745259264	-57.51238748776951
755.0866659558096	-57.51465202166119
755.4545866523553	-57.513294158764644
755.8225073489009	-57.509243038404556
756.1904280454465	-57.505989745673666
756.5583487419922	-57.507746525610585
756.9262694385378	-57.50734374153887
757.2941901350835	-57.50379528300866
757.6621108316291	-57.50008978929447
758.0300315281747	-57.50099116795973
758.3979522247204	-57.500599413758415
758.765872921266	-57.497338861094214
759.1337936178116	-57.49353428787743
759.5017143143573	-57.493521932377554
759.8696350109029	-57.49265058697979
760.2375557074486	-57.48945729694661
760.6054764039942	-57.48573213975463
760.9733971005398	-57.48493811565424
761.3413177970855	-57.48339774991883
761.7092384936311	-57.48009027644404
762.0771591901768	-57.47651804950446
762.4450798867224	-57.47517523954234
762.813000583268	-57.47296986711138
763.1809212798137	-57.46942132196102
763.5488419763593	-57.46601419129578
763.916762672905	-57.46438250816458
764.2846833694506	-57.4616224082869
764.6526040659962	-57.457756817854566
765.0205247625419	-57.448942506986086
765.3884454590875	-57.43877455103579
765.7563661556331	-57.42921669102967
766.1242868521788	-57.42604024383215
766.4922075487244	-57.42735623587495
766.8601282452701	-57.42576934975701
767.2280489418157	-57.42210567624236
767.5959696383613	-57.413076186364606
767.963890334907	-57.410509398953636
768.3318110314526	-57.40292404532667
768.6997317279983	-57.39290890883553
769.0676524245439	-57.38835918200323
769.4355731210895	-57.385593865927355
769.8034938176352	-57.38214875467029
770.1714145141808	-57.376155252087564
770.5393352107264	-57.36980404030605
770.9072559072721	-57.36676654807875
771.4859384067406	-57.36338567535281
772.0646209062091	-57.3663381667522
772.6433034056777	-57.36911820682332
773.2219859051462	-57.37103676303371
773.8006684046147	-57.35779389890873
774.3793509040833	-57.339858474714546
774.9580334035518	-57.3344510464045
775.5367159030203	-57.32987767442712
776.1153984024888	-57.32205830560844
776.6940809019574	-57.30667108397532
777.2727634014259	-57.296029486875845
777.8514459008944	-57.292298432276375
778.430128400363	-57.30102528067772
779.0088108998315	-57.30638543818038
779.5874933993	-57.30836768688467
780.1661758987685	-57.29738678722941
780.744858398237	-57.28325035242223
781.3235408977056	-57.279048245901684
781.9022233971741	-57.27718706847426
782.4809058966426	-57.28699939435862
783.0595883961112	-57.291398929826215
783.6382708955797	-57.285511823501665
784.2169533950482	-57.28193631304508
784.7956358945167	-57.27932252073009
785.3743183939853	-57.27921003008062
785.9530008934538	-57.284778004399676
786.5316833929223	-57.28542343745751
787.1103658923909	-57.2770205244061
787.6890483918594	-57.26510332172707
788.2677308913279	-57.26787476331034
788.8464133907964	-57.26884226494417
789.425095890265	-57.25849306695696
790.0037783897335	-57.23567739718736
790.582460889202	-57.23608756587466
791.1611433886706	-57.232671586642425
791.5259895616272	-57.22010931286049
791.77578801034	-57.21706388964509
792.0255864590528	-57.221530842571376
792.2753849077656	-57.2276747287976
792.5251833564784	-57.226652999312805
792.7749818051911	-57.22067473096796
793.0247802539039	-57.21679499235831
793.2745787026167	-57.217606629968
793.5243771513295	-57.21798610607367
793.7741756000423	-57.21592381564286
794.0239740487551	-57.21364189049639
794.2737724974679	-57.21318834348129
794.5235709461807	-57.212520218104984
794.7733693948935	-57.21017108043698
795.0231678436063	-57.208174727911285
795.2729662923191	-57.20740198112506
795.5227647410319	-57.20733846269455
795.7725631897447	-57.20477144344634
796.0223616384575	-57.20300866771819
796.2721600871703	-57.20339852379704
796.5219585358831	-57.20506145082933
796.7717569845959	-57.20429514525898
797.1490311147924	-57.20134506653018
797.5263052449889	-57.19848722022913
797.9035793751854	-57.19583440805463
798.2808535053819	-57.195377593856946
798.9160597014027	-57.19222818163283
799.5512658974235	-57.18770426337776
800.5159114695259	-57.18402773310626
801.4805570416283	-57.179709927706774
802.4452026137308	-57.17557768584431
805.8493238498202	-57.1595906245143
809.2534450859096	-57.144165808746855
815.0408593333578	-57.12083613153814
820.8282735808061	-57.100323685585266
832.9371536291105	-57.064970132517246
845.0460336774149	-57.04389766049981
857.1549137257193	-57.0424749298029
869.2637937740237	-57.04319530456055
872.2910137860998	-57.0450902074986
875.3182337981759	-57.03490563894023
878.345453810252	-57.03798319566144
881.3726738223281	-57.037418981967036
884.3998938344042	-57.042416560227565
887.4271138464803	-57.03837136283507
890.4543338585564	-57.0436384866083
893.4815538706325	-57.04354751441292
896.5087738827086	-57.04878588564306
899.5359938947847	-57.050336034004985
902.5632139068608	-57.05832438699738
905.5904339189369	-57.059085787257466
908.617653931013	-57.063454556164665
911.6448739430891	-57.05893714698745
914.6720939551652	-57.06357323488667
917.6993139672413	-57.063816572229
920.7265339793174	-57.06870300145822
923.7537539913935	-57.06601675871674
926.7809740034696	-57.07107942420572
929.8081940155457	-57.071563988088585
930.9999999999793	-57.074429471554005
931.0000000000103	-57.074429471554005
931.0001926803897	-57.07975934235897
931.000669626903	-57.09203559190943
931.0017306028827	-57.11708927016497
931.003350353102	-57.15243472064566
931.0049701033212	-57.18577228934135
931.0077484132518	-57.23885158634838
931.0105267231824	-57.2887957081283
931.0133050331129	-57.33621901956959
931.0192339980377	-57.43141663796669
931.0251629629626	-57.52010669437602
931.038662940182	-57.70387324471988
931.0521629174015	-57.8682708260306
931.0656628946209	-58.01921980148994
931.0791628718404	-58.16038983644185
931.0926628490598	-58.29405890138984
931.1156499200813	-58.50906199335851
931.1386369911028	-58.71086622427887
931.17583053249	-59.01643826005836
931.2130240738771	-59.30226264756848
931.2758832809735	-59.75284324257004
931.3387424880699	-60.17438216947604
931.4016016951663	-60.573451502712075
931.4644609022627	-60.95310820387545
931.527320109359	-61.31530791686172
931.6310775460621	-61.879264471321406
931.7348349827652	-62.4065064007397
931.8385924194682	-62.90187580709018
932.0005997866552	-63.619846240182966
932.1626071538423	-64.27948191371598
932.3246145210293	-64.88915076615079
932.6132643521197	-65.87188450908116
932.9019141832101	-66.74512098838574
933.1905640143005	-67.5286766333099
933.479213845391	-68.23797102230314
933.7678636764814	-68.88505748643024
934.0565135075718	-69.47901388447731
934.5298847592727	-70.35622599449222
935.0032560109736	-71.13256948855052
935.4766272626745	-71.82493226527946
935.9499985143754	-72.44678136867327
936.4233697660762	-73.00894300912387
937.1564393730719	-73.78095161882752
937.8895089800675	-74.45292897713027
938.6225785870631	-75.04137561070289
939.3556481940587	-75.55913132470732
940.0887178010544	-76.01661851796092
941.2288780214205	-76.62754999537388
942.3690382417867	-77.13589723786734
943.5091984621529	-77.55824774266635
944.649358682519	-77.90747031439236
945.7895189028852	-78.19412970631484
947.5053585093526	-78.5262724932425
949.22119811582	-78.7587812434774
950.9370377222874	-78.9086424979985
953.5534127305034	-79.00919703258039
956.1697877387194	-78.98909991785868
958.7861627469354	-78.87886945381456
961.4025377551513	-78.70230201454278
965.7081629382626	-78.31816982253383
970.0137881213739	-77.87393670439552
974.3194133044851	-77.41491130598791
978.6250384875964	-76.96981957258012
982.9306636707076	-76.5564374230301
987.2362888538189	-76.18312744056746
991.5419140369302	-75.85351973503901
995.8475392200414	-75.56951384232852
1000.1531644031527	-75.32698041914594
1004.458789586264	-75.1218336272426
1008.7644147693752	-74.95187250586112
1013.0700399524865	-74.81097516402025
1017.3756651355977	-74.69515081634681
1021.681290318709	-74.5977037081537
1025.9869155018202	-74.51302602126492
1030.2925406849315	-74.44646226384256
1034.5981658680428	-74.39125993795184
1037.7318022851632	-74.35432861455789
1040.8654387022837	-74.32279015744824
1043.999075119404	-74.29299932839167
1047.1327115365245	-74.26686646342688
1050.266347953645	-74.2453380542145
1053.3999843707654	-74.22384346964344
1056.5336207878859	-74.20656224437064
1058.8392377939956	-74.19761303099445
1061.1448548001053	-74.18801502392522
1063.450471806215	-74.17772175371391
1065.7560888123248	-74.1668694936166
1068.0617058184346	-74.15546438378966
1070.3673228245443	-74.14595772519692
1072.672939830654	-74.13702956304863
1074.9785568367638	-74.12744429367095
1077.2841738428735	-74.11939452428864
1079.5897908489833	-74.11093384889972
1081.895407855093	-74.10228871963794
1084.2010248612028	-74.09573905507061
1086.5066418673125	-74.08773411463007
1088.1985649320436	-74.08006835249991
1089.8904879967747	-74.07350144319774
1091.5824110615058	-74.06886854922787
1093.274334126237	-74.0654603686607
1094.966257190968	-74.06194921220519
1096.658180255699	-74.05724341538493
1098.3501033204302	-74.05226089506668
1100.0420263851613	-74.04803805707436
1101.7339494498924	-74.0441001630856
1103.4258725146235	-74.04017855768483
1105.1177955793546	-74.03610125634789
1106.8097186440857	-74.0318202287901
1108.5016417088168	-74.02800211308517
1110.193564773548	-74.02444467157554
1111.885487838279	-74.02064852816079
1113.57741090301	-74.01700172018978
1115.2693339677412	-74.01343992676979
1116.9612570324723	-74.00989043866981
1118.6531800972034	-74.00665947616491
1120.3451031619345	-74.0033540940626
1122.0370262266656	-73.99986213411005
1123.7289492913967	-73.9965160809977
1125.4208723561278	-73.99331100199753
1127.112795420859	-73.99028225368852
1128.80471848559	-73.98751269437078
1130.496641550321	-73.9847118422943
1130.999999999975	-73.9838238811037
1131.0000000000127	-73.9838238811037
