t	v
0.0	-70.0
0.0011756071467206527	-70.00200113593284
0.0023512142934413055	-70.00395259934547
0.004694857259367365	-70.00764385682044
0.007038500225293424	-70.01120020149386
0.011376953042410876	-70.01758210380751
0.015715405859528325	-70.0237688247948
0.02638986261020447	-70.03837462800178
0.037064319360880615	-70.05220623289938
0.04773877611155676	-70.06532818830495
0.058413232862232906	-70.07774807171823
0.0753332650992673	-70.09600115387316
0.09225329733630169	-70.11254167548314
0.10917332957333609	-70.12746930330333
0.13774040313594055	-70.14941556851414
0.166307476698545	-70.16784605397434
0.22180798274093955	-70.19605602794375
0.2773084887833341	-70.21726238092505
0.3328089948257286	-70.23394078307983
0.38830950086812316	-70.2474757183358
0.4916687884034643	-70.26711295493115
0.6645040838527617	-70.28906925585713
0.8373393793020592	-70.30180232687437
1.0101746747513567	-70.30905917842513
1.1830099702006542	-70.31290603919571
1.3558452656499518	-70.31445283616394
1.6155884813658346	-70.3138641649053
1.8753316970817173	-70.31046642770708
2.1350749127976	-70.30491831249941
2.585837081971315	-70.2915058489715
3.0365992511450295	-70.2745185791286
3.487361420318744	-70.25513205596363
4.217241823472137	-70.22057016581361
4.94712222662553	-70.18428207666085
5.677002629778923	-70.14793151975826
6.406883032932316	-70.11257725058329
7.136763436085709	-70.07888321660506
7.866643839239102	-70.0472902389338
8.596524242392496	-70.01807757717864
9.326404645545889	-69.99138084870485
10.656055384822643	-69.949236874443
11.985706124099398	-69.91531937811176
13.315356863376152	-69.88909525435125
14.645007602652907	-69.86972223837404
15.974658341929661	-69.85615520563243
17.304309081206416	-69.8474752702043
18.63395982048317	-69.84286197071232
19.963610559759925	-69.84161480494498
21.29326129903668	-69.84331241480149
22.622912038313434	-69.84750447375991
23.952562777590188	-69.8535795586188
25.282213516866943	-69.86112958122747
26.071187782796812	-69.86618473423688
26.860162048726682	-69.8715706368804
27.649136314656552	-69.87718612456611
28.43811058058642	-69.8829531435268
29.22708484651629	-69.88879791811121
30.01605911244616	-69.89466600297965
30.80503337837603	-69.90054884287619
31.5940076443059	-69.90642834522144
32.38298191023577	-69.9122674148902
33.171956176165644	-69.91805244292297
33.96093044209552	-69.92377840634298
34.74990470802539	-69.92942537602511
35.53887897395526	-69.93499342485798
36.32785323988514	-69.94048930080733
37.11682750581501	-69.94588239279523
37.90580177174488	-69.95116014946154
38.69477603767476	-69.9563418934229
39.48375030360463	-69.96139392319778
40.2727245695345	-69.966287394136
40.75039690361274	-69.9691831695762
41.228069237690974	-69.97204954048081
41.70574157176921	-69.97488933370718
42.183413905847445	-69.97769377812942
42.66108623992568	-69.98045126954143
43.41063169362921	-69.9846580637495
44.160177147332746	-69.98871164021955
45.82391853658518	-69.99715895329683
47.48765992583762	-70.00486090974539
51.46499379104978	-70.02068128084179
55.44232765626194	-70.03300682577697
59.4196615214741	-70.0423742601989
63.39699538668626	-70.04950180634812
67.37432925189842	-70.05491890312913
71.35166311711058	-70.05856740706915
75.32899698232274	-70.06099821408813
76.32333044862577	-70.06141452471276
77.3176639149288	-70.06177988950799
78.31199738123183	-70.06208849298307
79.30633084753487	-70.06231483498968
80.3006643138379	-70.06246484020434
81.29499778014093	-70.06256753683387
82.28933124644396	-70.06262151549025
83.283664712747	-70.06261937352784
84.27799817905003	-70.0625840166045
85.27233164535306	-70.06252819050135
86.2666651116561	-70.06243816770193
87.26099857795913	-70.06231964269853
88.25533204426216	-70.06219203815353
89.2496655105652	-70.06204791272978
90.24399897686823	-70.06187843859048
91.23833244317126	-70.06170017289547
92.23266590947429	-70.06151768326279
93.22699937577732	-70.0613165226039
94.22133284208036	-70.06110279561146
95.21566630838339	-70.06089027024517
96.20999977468642	-70.06066878202702
97.20433324098946	-70.06043501982688
98.19866670729249	-70.06019683389223
99.98685118670181	-70.05975588794377
101.77503566611114	-70.05930822981149
105.14269273256072	-70.05841543158482
108.5103497990103	-70.05746737090764
111.87800686545988	-70.05664937463386
115.24566393190946	-70.05578959129116
118.61332099835904	-70.05494660366509
123.90642101483495	-70.05384700683982
129.19952103131087	-70.0526077238958
134.49262104778677	-70.05149703272748
139.78572106426267	-70.0507203988099
145.07882108073858	-70.04986203453865
150.37192109721448	-70.04919595907664
155.6650211136904	-70.04844401776016
156.98829611780937	-70.04829370288986
158.31157112192835	-70.04813971702958
159.63484612604734	-70.04797388096209
162.4676535612954	-70.047670954458
165.30046099654348	-70.04736088477094
169.66270276056397	-70.0468475472616
177.72086117161973	-70.04629675699614
185.77901958267552	-70.04546655839869
193.8371779937313	-70.04451958368765
201.8953364047871	-70.0446101004856
209.95349481584287	-70.04366658305449
213.14926533230175	-70.0436372917386
216.34503584876063	-70.04352894120194
219.5408063652195	-70.04348437660144
222.7365768816784	-70.04350266068705
229.07445678838724	-70.04317609318521
235.4123366950961	-70.0432334846248
241.75021660180494	-70.04281653706829
248.0880965085138	-70.04293187499268
254.42597641522264	-70.04245093335393
260.7638563219315	-70.042665560893
267.10173622864033	-70.04211432350773
273.4396161353492	-70.04245917337596
276.0139541937279	-70.04236542381351
278.5882922521066	-70.04230220320767
281.1626303104853	-70.0421330353109
283.73696836886404	-70.0419931866049
286.31130642724276	-70.04200768394062
290.87874735964033	-70.04202668511248
295.4461882920379	-70.0416609347678
297.2447004669385	-70.04149958840543
299.04321264183915	-70.04140192560722
300.84172481673977	-70.04130312142875
303.74848151083967	-70.04127598265013
306.65523820493956	-70.04128031255922
309.56199489903946	-70.04149069282121
312.46875159313936	-70.0418038993098
315.37550828723926	-70.0421199042826
318.28226498133915	-70.04260724070053
321.18902167543905	-70.04276276917572
324.09577836953895	-70.04250509329364
327.00253506363885	-70.04266750253572
328.35753562799454	-70.04281981704189
329.7125361923502	-70.04281943756997
331.0675367567059	-70.04271510221666
332.4225373210616	-70.04252156647783
333.7775378854173	-70.04226850908104
335.132538449773	-70.04206597366438
336.4875390141287	-70.04192088781382
337.8425395784844	-70.04179772520405
339.19754014284007	-70.04170939995379
340.55254070719576	-70.04165091661508
341.90754127155145	-70.04157123692062
343.26254183590714	-70.04149505016252
344.61754240026283	-70.04146651275438
345.9725429646185	-70.04141726109265
347.3275435289742	-70.04133267756568
348.6825440933299	-70.04131580043585
350.0375446576856	-70.04131882260336
351.3925452220413	-70.04123442649531
352.747545786397	-70.04119546221614
354.1025463507527	-70.04125830139888
355.45754691510837	-70.04135796916229
356.81254747946406	-70.04142579962101
358.16754804381975	-70.04144276953043
360.9677532501009	-70.04140888899646
363.767958456382	-70.04125470570304
366.56816366266315	-70.04115138238703
369.3683688689443	-70.04122298762556
373.705226160995	-70.0412960154204
378.0420834530457	-70.04102082159852
382.3789407450964	-70.04099542820633
386.71579803714707	-70.040822404122
391.05265532919776	-70.04097077397338
392.1368696522104	-70.04104074291432
393.22108397522305	-70.04112567197622
394.3052982982357	-70.04121074518467
395.38951262124834	-70.04126151617668
396.473726944261	-70.041279029099
397.55794126727363	-70.0412941308277
399.3376306838166	-70.04129610182086
401.11732010035956	-70.04130293364811
402.89700951690253	-70.04131807804066
404.6766989334455	-70.04126983681678
406.45638834998846	-70.04119832023052
408.2360777665314	-70.04115625187019
410.0157671830744	-70.0410974216187
411.79545659961735	-70.04102270238292
413.5751460161603	-70.04104314994105
415.3548354327033	-70.04107126196644
417.13452484924625	-70.04096562752585
418.9142142657892	-70.04097282771532
419.85346140561523	-70.04103730760409
420.79270854544126	-70.04108801378779
421.7319556852673	-70.04112128528533
422.6712028250933	-70.04116495356473
423.6104499649193	-70.04120009567686
424.54969710474535	-70.041207906643
425.48894424457137	-70.04121400587317
426.4281913843974	-70.04122526925761
427.3674385242234	-70.04121963459679
428.30668566404944	-70.04120582810594
429.24593280387546	-70.04120300484021
430.1851799437015	-70.04119685002149
431.1244270835275	-70.04117944599166
432.06367422335353	-70.04116943484736
433.00292136317955	-70.04116583818356
433.9421685030056	-70.04115286865844
434.8814156428316	-70.04113987754909
435.8206627826576	-70.04113687771493
436.75990992248364	-70.04113031757757
437.69915706230967	-70.04111793905953
438.6384042021357	-70.04110545371603
439.5776513419617	-70.04108910768585
441.2605105993408	-70.0410669734789
442.9433698567199	-70.04106005957375
444.62622911409903	-70.04105302346896
447.4305765975659	-70.04106195331636
450.2349240810328	-70.04106654136746
453.03927156449964	-70.04102457698072
455.8436190479665	-70.04104871189605
458.6479665314334	-70.04106375660723
461.45231401490025	-70.04094601443806
464.2566614983671	-70.04087954801486
467.061008981834	-70.04092633815722
469.86535646530086	-70.04113824012533
472.66970394876773	-70.04127986482358
475.4740514322346	-70.04136060429538
478.2783989157015	-70.0415566661273
481.08274639916834	-70.04150883937686
483.8870938826352	-70.04099685930694
486.6914413661021	-70.04032434476845
489.49578884956895	-70.04004013848738
492.3001363330358	-70.04006870187901
495.1044838165027	-70.04023971545446
497.90883129996956	-70.04050695402356
500.71317878343643	-70.04078914271287
503.5175262669033	-70.04102086772853
506.3218737503702	-70.04128588059385
509.12622123383704	-70.04142940193009
511.9305687173039	-70.04142987402157
514.7349162007708	-70.04156983477249
517.5392636842378	-70.0415958484765
520.3436111677047	-70.04105961908095
521.0446980385714	-70.04086802040112
521.745784909438	-70.04069860503486
522.4468717803047	-70.04055644800538
523.1479586511714	-70.0404474795971
523.8490455220381	-70.04037580350479
524.5501323929047	-70.04033558309573
525.7594076650754	-70.04031936866534
527.7873812074827	-70.04039908274977
529.8153547498899	-70.04050695079128
530.9999999999882	-70.04057584692241
531.0000000000059	-70.04057584692241
531.0003812118512	-69.99544314809465
531.0007624236964	-69.95697374186838
531.0013450177489	-69.90556309843134
531.002329761397	-69.83366684838076
531.0040398259415	-69.7334906808115
531.005749890486	-69.65211566362451
531.0074599550304	-69.58054431203456
531.0100837373787	-69.48115529512056
531.0127075197271	-69.39161153506956
531.016869658087	-69.26280855401703
531.0210317964469	-69.14671978660652
531.0274002271581	-68.98657644946613
531.0337686578692	-68.84183438622011
531.0459806408854	-68.59494652125454
531.0581926239016	-68.37518625817353
531.0704046069178	-68.17516029314496
531.082616589934	-67.99160475691369
531.0948285729502	-67.82203308934935
531.1155721750098	-67.56021567529875
531.1363157770694	-67.32440336069911
531.157059379129	-67.10891336965658
531.1896709030678	-66.8028187886635
531.2222824270067	-66.52802891388205
531.2724821122066	-66.15100107152821
531.3226817974065	-65.81597644826843
531.3728814826064	-65.51274154713353
531.4230811678063	-65.23400402887478
531.4732808530063	-64.97435343109989
531.5551248969937	-64.58298327657245
531.7025926317157	-63.950905784776936
531.8500603664377	-63.377961746365884
531.9975281011597	-62.84257031777695
532.1449958358817	-62.33514238135169
532.2924635706037	-61.85032050321543
532.4399313053257	-61.384106411929174
532.5873990400477	-60.93337808934145
532.8253606142566	-60.23335493809986
533.0633221884656	-59.56086257202321
533.4915892530387	-58.40564075551151
533.9198563176118	-57.30245798201123
534.3481233821849	-56.22934863922476
534.776390446758	-55.16854147162187
535.2046575113311	-54.086822317258495
535.6329245759042	-52.94645840035473
536.0611916404773	-51.656245634098816
536.4894587050504	-50.02979787130316
536.5965254711937	-49.53464627052541
536.7035922373369	-48.97682899862478
536.8106590034802	-48.33340976429337
536.9177257696234	-47.57186278848696
537.0247925357667	-46.63783279029297
537.1318593019099	-45.41908039647757
537.2389260680532	-43.68291853012195
537.265692759589	-43.11800865344973
537.2924594511248	-42.46316657291181
537.3192261426607	-41.694222027348886
537.3459928341965	-40.76964920328327
537.3727595257324	-39.61867767421284
537.3995262172682	-38.120268747734684
537.4019820682664	-37.95949032263741
537.4044379192646	-37.793681032606955
537.4068937702629	-37.622787827853934
537.4093496212611	-37.446720856503504
537.4118054722593	-37.265338331398645
537.4142613232575	-37.07846102557473
537.4167171742557	-36.8858981040348
537.4212716129767	-36.513165304786945
537.4298003612221	-35.75795257116923
537.4383291094674	-34.924275640005035
537.4468578577128	-34.009675748177195
537.4553866059581	-33.014509996161905
537.4639153542034	-31.940473310678293
537.4724441024488	-30.78908152655136
537.4809728506941	-29.560362654435778
537.4895015989395	-28.25193201924646
537.4980303471848	-26.858873686178384
537.5065590954301	-25.374306182586185
537.5150878436755	-23.789953368625238
537.5286050843819	-21.054070477304265
537.5421223250883	-18.015215085463186
537.5556395657946	-14.660873745442151
537.569156806501	-11.008735647540362
537.5826740472074	-7.120896038945241
537.5961912879138	-3.0893912776972234
537.6097085286202	0.9500638478640745
537.6232257693266	4.856328605699019
537.636743010033	8.509991700187658
537.6502602507394	11.834332884792087
537.6637774914458	14.79425247715285
537.6772947321522	17.389594064460923
537.6908119728586	19.64501373054393
537.704329213565	21.599033640311546
537.7178464542714	23.29442348389454
537.7313636949777	24.771676839966357
537.7448809356841	26.065785920587757
537.7583981763905	27.205446934368467
537.7719154170969	28.21358928237631
537.7854326578033	29.108305810991293
537.7989498985097	29.90376788812337
537.8124671392161	30.610523355227276
537.8259843799225	31.236574234351416
537.8395016206289	31.787894590246363
537.8530188613353	32.269049413217076
537.8665361020417	32.683572547917684
537.880053342748	33.03427881872183
537.8935705834544	33.32355611404197
537.9070878241608	33.553605404826335
537.9206050648672	33.72660568765613
537.9341223055736	33.84480226375277
537.94763954628	33.91053584892317
537.9611567869864	33.926232625438345
537.9746740276928	33.894369853355265
537.9881912683992	33.81743130219355
538.0017085091056	33.697867258480024
538.015225749812	33.53806733915443
538.0287429905184	33.34034461027709
538.0422602312248	33.10692582706464
538.0557774719312	32.839945880160755
538.0692947126375	32.541447329509786
538.0828119533439	32.213382088263856
538.0963291940503	31.857613986006513
538.1098464347567	31.475914447674324
538.1233636754631	31.069958411916478
538.1368809161695	30.64132027951879
538.1503981568759	30.19147289569337
538.1639153975823	29.721789149426126
538.1774326382887	29.233545080574736
538.1909498789951	28.727924662031114
538.2044671197015	28.20602650266369
538.2179843604079	27.66887181681769
538.2315016011142	27.11741248044028
538.2450188418206	26.552538311652672
538.258536082527	25.97508336624436
538.2720533232334	25.385831430665718
538.2855705639398	24.785520919430603
538.2990878046462	24.174849285073336
538.3126050453526	23.55447703357655
538.326122286059	22.92503148748648
538.3396395267654	22.287110410022965
538.3531567674718	21.6412854461697
538.3666740081782	20.98810517235096
538.3801912488846	20.328097526036988
538.393708489591	19.661771582946372
538.4072257302973	18.989618439471943
538.4207429710037	18.31211202676176
538.4342602117101	17.629709740227902
538.4477774524165	16.94285446690917
538.4612946931229	16.25197749336742
538.4748119338293	15.557498193444172
538.4883291745357	14.859820153534576
538.5018464152421	14.159329106216536
538.5153636559485	13.45639371809205
538.5288808966549	12.751365099031881
538.5423981373613	12.044577128562855
538.5559153780677	11.336347849170883
538.569432618774	10.626977067444333
538.5829498594804	9.916744607113873
538.5964671001868	9.20591681201634
538.6099843408932	8.49474907580517
538.6235015815996	7.783478090771174
538.637018822306	7.072321268050551
538.6505360630124	6.361487669355571
538.6640533037188	5.651177629910147
538.6775705444252	4.941573017717937
538.6910877851316	4.2328384095916265
538.704605025838	3.525137592514912
538.7181222665444	2.818632717546406
538.7390272835944	1.7286802426275776
538.7599323006444	0.6424118375918928
538.7808373176945	-0.4397239911422436
538.8017423347445	-1.5172952223096052
538.8226473517946	-2.5899041105497247
538.8435523688446	-3.6572018627089053
538.8644573858946	-4.718867591295843
538.8853624029447	-5.774592007473178
538.9062674199947	-6.824016089352886
538.9271724370448	-7.8668465961309995
538.9480774540948	-8.902854262653307
538.9689824711448	-9.931791982407887
538.9898874881949	-10.953335515184325
539.0107925052449	-11.96725930815572
539.031697522295	-12.97309782519971
539.052602539345	-13.969690693069932
539.073507556395	-14.956451228603303
539.0944125734451	-15.932866492755313
539.1153175904951	-16.898301609911254
539.1362226075452	-17.852196416245434
539.1571276245952	-18.794163367667448
539.1780326416452	-19.723924773008015
539.1989376586953	-20.64126400348333
539.2198426757453	-21.545951637911056
539.2407476927954	-22.437740128027972
539.2616527098454	-23.31639148777423
539.2825577268954	-24.181692142666858
539.3034627439455	-25.033446500959613
539.3243677609955	-25.871469016064694
539.3452727780456	-26.69558429967487
539.3661777950956	-27.505627767625434
539.3870828121456	-28.3014432744512
539.4079878291957	-29.08287800450458
539.4413034781395	-30.29810966521809
539.4746191270833	-31.47575380639817
539.5079347760271	-32.61512941335314
539.5412504249709	-33.7155480502926
539.5745660739148	-34.776344071669804
539.6078817228586	-35.79693568946931
539.6411973718024	-36.77688906808278
539.6947569791679	-38.26654567163598
539.7483165865334	-39.6508941118719
539.8018761938989	-40.9321818518586
539.8554358012644	-42.11457707462392
539.90899540863	-43.20385060849133
539.9625550159955	-44.20840550485233
540.016114623361	-45.13697662533273
540.0696742307265	-45.99649606024993
540.123233838092	-46.794166976300524
540.1767934454575	-47.53713607135102
540.230353052823	-48.23179569169019
540.2839126601885	-48.88379269414772
540.3374722675541	-49.498178181441475
540.3910318749196	-50.07946549901889
540.4771891669412	-50.954581505852985
540.5633464589629	-51.76730334489742
540.6495037509845	-52.52773633703256
540.7356610430062	-53.24328120194247
540.8218183350278	-53.91930418975304
540.9079756270495	-54.55959918790664
541.0483322334707	-55.53183365472745
541.1886888398918	-56.42312360049784
541.329045446313	-57.239687408921824
541.4694020527342	-57.98591454927179
541.6097586591553	-58.66508434761892
541.7501152655765	-59.280643298572606
541.9639870121896	-60.10694722752233
542.1778587588027	-60.81252365910378
542.3917305054158	-61.4115144587037
542.6056022520289	-61.91626200514835
542.819473998642	-62.338693206115195
543.1631644106865	-62.8731868827521
543.5068548227309	-63.26268555415579
543.8505452347754	-63.53639677412903
544.1942356468198	-63.71628172317771
544.5379260588643	-63.82003964377456
544.8816164709087	-63.86228302722039
545.2253068829532	-63.854499166755765
545.7449092344243	-63.767069667081486
546.2645115858954	-63.60853154477636
546.7841139373666	-63.39572167362505
547.3037162888377	-63.14171954889918
547.8233186403088	-62.8571083202901
548.3429209917799	-62.55042114022175
549.1660144879194	-62.035669094277694
549.9891079840588	-61.50241835116597
550.8122014801983	-60.96432550536632
551.6352949763377	-60.43076694991255
552.4583884724772	-59.90780984533021
553.2814819686166	-59.39881329746736
554.1045754647561	-58.9051454807155
554.9276689608955	-58.426873134888424
555.750762457035	-57.962921011220885
556.5738559531744	-57.51150514682731
557.3969494493139	-57.06971725934239
558.2200429454533	-56.634925337243814
559.0431364415928	-56.202511095609225
559.8662299377322	-55.76831160784083
560.6893234338717	-55.326824107638686
561.5124169300111	-54.87019749912288
562.3355104261506	-54.39091517220586
563.15860392229	-53.870389114805455
563.9816974184295	-53.29837714356632
564.8047909145689	-52.63062312761277
565.6278844107084	-51.786541517312116
566.4509779068478	-50.66793721352467
566.6567512808826	-50.29583548185709
566.8625246549175	-49.84463119583727
567.0682980289523	-49.313170059007255
567.2740714029871	-48.67234621420467
567.479844777022	-47.861027074533204
567.6856181510568	-46.73174523986537
567.8913915250916	-44.990147307771124
567.9428348686004	-44.38541673490289
567.9942782121091	-43.65355517750542
568.0457215556178	-42.76192807313498
568.0971648991265	-41.65520613886036
568.1326372191842	-40.708868531157194
568.1681095392419	-39.54169974810137
568.2035818592996	-38.05591252555057
568.2279682289841	-36.76782013551425
568.2523545986686	-35.15885324282653
568.2767409683531	-33.08457404381377
568.2789584943595	-32.86628848254404
568.2811760203658	-32.64210549585743
568.2833935463722	-32.41207547680412
568.2856110723785	-32.17613699062906
568.2878285983849	-31.934136028364875
568.2900461243912	-31.685896908785963
568.2922636503976	-31.431267893073077
568.2963731208976	-30.942109390423518
568.3046139995848	-29.89144802152692
568.3128548782721	-28.7446536231475
568.3210957569594	-27.50002237037158
568.3293366356467	-26.15804216073014
568.3375775143339	-24.71951775398407
568.3458183930212	-23.185389170550536
568.3540592717085	-21.555812031135527
568.3623001503958	-19.830338671876405
568.370541029083	-18.008914568777247
568.3787819077703	-16.093238811392705
568.3870227864576	-14.087792990298635
568.4006015745989	-10.612541103469457
568.4141803627402	-6.977632953881502
568.4277591508816	-3.2616526406339212
568.4413379390229	0.4272974592312049
568.4549167271642	3.9823364453436647
568.4684955153056	7.319104019413334
568.4820743034469	10.384615215543384
568.4956530915882	13.153697910741911
568.5092318797296	15.624731181176925
568.5228106678709	17.813895966955116
568.5363894560122	19.747761408740214
568.5499682441535	21.45632900648042
568.5635470322949	22.968422054082556
568.5771258204362	24.309548689195285
568.5907046085775	25.501429222438443
568.6042833967189	26.56229482208347
568.6178621848602	27.507329305896334
568.6314409730015	28.349017474449415
568.6450197611429	29.09746399499939
568.6585985492842	29.760786569760157
568.6721773374255	30.34557597758121
568.6857561255669	30.8572213378466
568.6993349137082	31.300262040384947
568.7129137018495	31.678593093318813
568.7264924899908	31.9956083183008
568.7400712781322	32.25430296392413
568.7536500662735	32.45738604810793
568.7672288544148	32.607383864394116
568.7808076425562	32.7067181545534
568.7943864306975	32.75774081088041
568.8079652188388	32.76274236750761
568.8215440069802	32.72395878102866
568.8351227951215	32.64357981671746
568.8487015832628	32.52375013217758
568.8622803714042	32.366561516359326
568.8758591595455	32.1740439013392
568.8894379476868	31.948160483508456
568.9030167358281	31.690804852984332
568.9165955239695	31.403796130862013
568.9301743121108	31.08887200406932
568.9437531002521	30.74768281989108
568.9573318883935	30.381787576527433
568.9709106765348	29.992654571132523
568.9844894646761	29.581661482568336
568.9980682528175	29.150098660452855
569.0116470409588	28.699172655880783
569.0252258291001	28.23001077713658
569.0388046172415	27.74366618237882
569.0523834053828	27.241122770412897
569.0659621935241	26.723299974455596
569.0795409816654	26.191057993652496
569.0931197698068	25.645203753887134
569.1066985579481	25.086497359147113
569.1202773460894	24.515658481763023
569.1338561342308	23.93337221631954
569.1474349223721	23.340294170484473
569.1610137105134	22.737054731098876
569.1745924986548	22.124262482254096
569.1881712867961	21.502506762416637
569.2017500749374	20.87235939704384
569.2153288630788	20.234375714119953
569.2289076512201	19.589095004179605
569.2424864393614	18.937040596597793
569.2560652275027	18.278719702828894
569.2696440156441	17.614623166505925
569.2832228037854	16.945224980632542
569.2968015919267	16.27098229818009
569.3103803800681	15.592336681859475
569.3239591682094	14.909716775391061
569.3375379563507	14.223538443003612
569.3511167444921	13.534200914083153
569.3646955326334	12.842083829638625
569.3782743207747	12.147547486370346
569.391853108916	11.450933104999594
569.4054318970574	10.752564331016995
569.4190106851987	10.052748371525631
569.43258947334	9.351772870306243
569.4461682614814	8.649906759289955
569.4597470496227	7.947407144377094
569.473325837764	7.244519191002343
569.4869046259054	6.541469844459154
569.5004834140467	5.838473559900479
569.5217864029944	4.73618532039112
569.5430893919421	3.635278043656114
569.5643923808898	2.536425764418193
569.5856953698375	1.44026240851978
569.6069983587852	0.3473807892506651
569.6283013477329	-0.7416918737787247
569.6496043366806	-1.826464904606593
569.6709073256283	-2.906460917880303
569.692210314576	-3.981253596304649
569.7135133035237	-5.050467806788482
569.7348162924714	-6.113750252212523
569.756119281419	-7.170701870635233
569.7774222703667	-8.22098526214255
569.7987252593144	-9.264324429345356
569.8200282482621	-10.300410103021433
569.8413312372098	-11.328896576394376
569.8626342261575	-12.34950153394438
569.8839372151052	-13.361283556222611
569.9052402040529	-14.363332455221858
569.9265431930006	-15.355112652559654
569.9478461819483	-16.33604937346404
569.969149170896	-17.30569366346305
569.9904521598437	-18.263541602549857
570.0117551487914	-19.20922722975271
570.0330581377391	-20.142519292093013
570.0543611266868	-21.063197788902137
570.0756641156345	-21.97099416296563
570.0969671045822	-22.86562620255713
570.1182700935299	-23.746840575231193
570.1395730824776	-24.61441219640796
570.1608760714253	-25.468127421043082
570.1929089115557	-26.72531308333108
570.2249417516862	-27.95012342506377
570.2569745918166	-29.141950854390828
570.2890074319471	-30.30022234638924
570.3210402720775	-31.424414280074405
570.353073112208	-32.51405073241188
570.3851059523384	-33.568723132144314
570.4171387924689	-34.58810644540771
570.4491716325994	-35.57199966051754
570.4812044727298	-36.52035406983036
570.5329214389681	-37.97681333663923
570.5846384052063	-39.34258989701132
570.6363553714446	-40.62069164570946
570.6880723376828	-41.81537799430458
570.739789303921	-42.93174585248659
570.7915062701593	-43.97606280477959
570.8432232363975	-44.95502474518348
570.8949402026358	-45.873859975534046
570.946657168874	-46.737719009445755
570.9983741351123	-47.55176734907554
571.0500911013505	-48.32074833858825
571.1018080675888	-49.04893383572042
571.153525033827	-49.740266052503905
571.2314487766625	-50.720373313017674
571.3093725194981	-51.63623852195055
571.3872962623336	-52.49712057983067
571.4652200051692	-53.31037017274472
571.5897105577504	-54.523920685135394
571.7142011103317	-55.64637180131458
571.838691662913	-56.68617771312076
571.9631822154943	-57.65110504988912
572.0876727680755	-58.54636248308134
572.2121633206568	-59.37521464149619
572.3366538732381	-60.14064027871518
572.5468795837234	-61.30033248397
572.7571052942086	-62.30875692390054
572.9673310046938	-63.181368707013924
573.1775567151791	-63.931510530862965
573.3877824256643	-64.5730715791355
573.5980081361496	-65.120489417563
573.9220723059556	-65.80775086070875
574.2461364757615	-66.33668087192208
574.5702006455675	-66.7341828531861
574.8942648153735	-67.02181847792826
575.2183289851795	-67.21907434541346
575.5423931549855	-67.34262497742867
575.8664573247914	-67.40550393961036
576.44264769406	-67.39932262093981
577.0188380633286	-67.28014571083773
577.5950284325972	-67.08141857871642
578.1712188018658	-66.82872383743563
578.7474091711344	-66.5411451402082
579.323599540403	-66.23286548595976
579.8997899096717	-65.91419302801786
580.4759802789403	-65.59255465976035
581.0521706482089	-65.27351181937341
581.6283610174775	-64.96109206157803
582.4964360241449	-64.50900702888113
583.3645110308124	-64.08416064632202
584.2325860374799	-63.6888160877652
585.1006610441474	-63.322940302758205
585.9687360508149	-62.98600862496725
586.8368110574824	-62.67655972630325
587.7048860641498	-62.392688369410536
588.5729610708173	-62.13193886769741
589.4410360774848	-61.892094525366765
590.3091110841523	-61.670898319620285
591.1771860908198	-61.46632453906132
592.0452610974872	-61.276334614173585
592.9133361041547	-61.09904966973731
593.7814111108222	-60.93280967729419
594.6494861174897	-60.77620695000767
595.5175611241572	-60.62783410053236
596.3856361308247	-60.486363029535084
597.2537111374921	-60.35075336588318
598.1217861441596	-60.220130533262605
598.9898611508271	-60.09365820800773
599.8579361574946	-59.97059628459184
600.7260111641621	-59.85034647499732
601.5940861708295	-59.73239012044117
602.462161177497	-59.616172629049785
603.3302361841645	-59.501283985329415
604.198311190832	-59.38737118917082
605.0663861974995	-59.27405398734511
605.934461204167	-59.161013585345756
606.8025362108344	-59.04800125604443
607.3246429778238	-58.97980313556775
607.6846600766213	-58.93253822573285
608.0446771754188	-58.885111229522515
608.4046942742162	-58.837585057273714
608.7647113730137	-58.78998337627305
609.1247284718112	-58.74227554815134
609.4847455706087	-58.69444202809749
609.8447626694061	-58.646459961397746
610.2047797682036	-58.5983021605067
610.5647968670011	-58.549936489561475
610.9248139657985	-58.50135333448919
611.284831064596	-58.45254305926563
611.6448481633935	-58.403493341384596
612.004865262191	-58.35418063735921
612.3648823609884	-58.304590534126625
612.7248994597859	-58.25470932558626
613.0849165585834	-58.204526043536085
613.4449336573808	-58.1540215056088
613.8049507561783	-58.10318317489808
614.1649678549758	-58.0519967265494
614.5249849537732	-58.00045019687201
614.8850020525707	-57.9485257517231
615.2450191513682	-57.896211269649996
615.6050362501657	-57.84349053472034
615.9650533489631	-57.79035113529594
616.3250704477606	-57.73677542589456
616.6850875465581	-57.68275006270105
617.0451046453555	-57.62825659793009
617.405121744153	-57.57328216481162
617.7651388429505	-57.51780704337238
618.125155941748	-57.46181645956949
618.4851730405454	-57.40528937937777
618.8451901393429	-57.348211348352876
619.2052072381404	-57.290558783684084
619.5652243369378	-57.232315881088866
619.9252414357353	-57.17345692926184
620.2852585345328	-57.11396541097495
620.6452756333302	-57.053812148653414
621.0052927321277	-56.99298015759061
621.3653098309252	-56.93143571539346
621.7253269297227	-56.86916131017751
622.0853440285201	-56.80611808418806
622.4453611273176	-56.742288690808024
622.8053782261151	-56.677626109085175
623.1653953249125	-56.61211472465958
623.52541242371	-56.5456972059731
624.0728149391255	-56.44291778689657
624.6202174545409	-56.337843613585115
625.1676199699564	-56.23028885083542
626.1238443991542	-56.03596216541825
627.8438580447223	-55.66202113699879
629.5638716902904	-55.24923157303873
631.2838853358585	-54.784840516791185
633.0038989814266	-54.242849103328496
634.7239126269947	-53.57735878224807
635.7512193268027	-53.08561513296212
636.7785260266107	-52.47260427438234
637.4279541880583	-51.986870760254604
638.0773823495058	-51.37345641173709
638.49141241881	-50.87876255318385
638.9054424881142	-50.25128919208667
639.3194725574184	-49.40203238435339
639.4229800747445	-49.138251195828744
639.5264875920706	-48.84281031912294
639.7141267465448	-48.20195640935992
639.9017659010191	-47.36425218688265
640.007297228849	-46.76339362734079
640.1128285566789	-46.0195667288631
640.2183598845088	-45.05686197107787
640.275706909304	-44.4011624893844
640.3330539340991	-43.60984569894413
640.3904009588942	-42.626948359504176
640.4233159997884	-41.94632384190349
640.4562310406826	-41.15137171371175
640.4891460815768	-40.206300761983606
640.522061122471	-39.06021774297926
640.5421590971038	-38.23250638803894
640.5622570717366	-37.279340168724964
640.5823550463693	-36.16708665743586
640.6024530210021	-34.850671124342874
640.6146854836038	-33.925356427053224
640.6269179462055	-32.88422839707634
640.6391504088072	-31.704433255325636
640.6513828714088	-30.35803809174885
640.6636153340105	-28.81195129173715
640.6758477966122	-27.029842989042816
640.6829675206546	-25.869785965309994
640.6900872446971	-24.611918558394983
640.6972069687396	-23.25247841973551
640.704326692782	-21.790359391005076
640.7114464168245	-20.227412511866614
640.718566140867	-18.56817239755822
640.7256858649095	-16.81932852709033
640.7328055889519	-14.989333913503009
640.7399253129944	-13.088136446913683
640.7470450370369	-11.127386086453068
640.7541647610793	-9.120067056100588
640.7612844851218	-7.079431721810711
640.7684042091643	-5.021435124692125
640.779646307384	-1.77813737373891
640.7908884056038	1.3967677919990276
640.8021305038236	4.441859572955208
640.8133726020434	7.3081932509870144
640.8246147002632	9.962568423770406
640.835856798483	12.388442292662504
640.8470988967027	14.58438343470375
640.8583409949225	16.56000140188609
640.8695830931423	18.331360604406058
640.8808251913621	19.91745959035045
640.8920672895819	21.337950726165275
640.9033093878016	22.61169985045743
640.9145514860214	23.75593866339412
640.9257935842412	24.78589651721526
640.937035682461	25.71475784470582
640.9482777806808	26.553771204817775
640.9595198789006	27.312406932612507
640.9707619771203	27.99854454170627
640.9820040753401	28.6186982132199
640.9932461735599	29.178265209994503
641.0044882717797	29.681757974438295
641.0157303699995	30.132988645327675
641.0269724682192	30.53520668204588
641.038214566439	30.89118731835591
641.0494566646588	31.203326445537535
641.0606987628786	31.47371316276343
641.0719408610984	31.70418913973423
641.0831829593182	31.89639642381082
641.0944250575379	32.05182132284918
641.1056671557577	32.17183930668415
641.1169092539775	32.25775601009709
641.1281513521973	32.31083669358777
641.1393934504171	32.33232231383744
641.1506355486368	32.3234364665851
641.1618776468566	32.28538821234034
641.1731197450764	32.21937274440028
641.1843618432962	32.12656963264089
641.195603941516	32.00813880205009
641.2068460397358	31.865215687449275
641.2180881379555	31.69890707475083
641.2293302361753	31.510288059199816
641.2405723343951	31.300399528850505
641.2518144326149	31.070245939267295
641.2630565308347	30.820793228752603
641.2742986290544	30.552967338277035
641.2855407272742	30.2676536061926
641.296782825494	29.9656968230077
641.3080249237138	29.647901647600886
641.3192670219336	29.31503326082882
641.3305091201534	28.96781825894953
641.3417512183731	28.606945749232093
641.3529933165929	28.23306853233411
641.3642354148127	27.846804293958773
641.3754775130325	27.448736860229495
641.3867196112523	27.0394176627766
641.397961709472	26.619367539244603
641.4092038076918	26.189078906453922
641.4204459059116	25.749018258980296
641.4316880041314	25.299628888136116
641.4429301023512	24.841333674393805
641.454172200571	24.374537784307616
641.4654142987907	23.899631120292906
641.4766563970105	23.41699042730365
641.4878984952303	22.92698102409393
641.4991405934501	22.429958168650575
641.5103826916699	21.926268085046996
641.5216247898896	21.41624868878237
641.5328668881094	20.90023005946522
641.5441089863292	20.378534717536528
641.555351084549	19.851477759197362
641.5665931827688	19.31936688767731
641.5778352809886	18.782502365641065
641.5890773792083	18.241176905145423
641.6003194774281	17.695675508675052
641.6115615756479	17.146275274340514
641.6228036738677	16.593245177830223
641.6340457720875	16.036845843749106
641.6452878703072	15.477329509742617
641.656529968527	14.914940778346464
641.6677720667468	14.349918204766464
641.6790141649666	13.782494841155811
641.6902562631864	13.212896477972638
641.7072727063729	12.347074138181439
641.7242891495595	11.477475810693534
641.741305592746	10.604770185429787
641.7583220359326	9.729581785998953
641.7753384791191	8.85248862037982
641.7923549223057	7.974028860259881
641.8093713654922	7.094710244452167
641.8263878086788	6.2150045152154005
641.8434042518653	5.3353549269225145
641.8604206950519	4.456181503397842
641.8774371382384	3.577869109414422
641.894453581425	2.700778019531531
641.9114700246115	1.825259610168178
641.928486467798	0.9516394896919043
641.9455029109846	0.0802071567751245
641.9625193541711	-0.7887694193851149
641.9795357973577	-1.655019158153174
641.9965522405442	-2.5182829331808985
642.0135686837308	-3.3783349348999043
642.0408883983803	-4.751903462532121
642.0682081130298	-6.115823964122722
642.0955278276792	-7.469288811571759
642.1228475423287	-8.811575187239212
642.1501672569782	-10.142029357225201
642.1774869716277	-11.459836785984827
642.2048066862772	-12.764295668047357
642.2321264009266	-14.05336297154122
642.2594461155761	-15.325084437679594
642.2867658302256	-16.57871691002574
642.3140855448751	-17.813465344194974
642.3414052595245	-19.028331088207665
642.368724974174	-20.22250375198312
642.3960446888235	-21.39547623437786
642.423364403473	-22.546831219925956
642.4506841181225	-23.67604298045528
642.478003832772	-24.78256362933613
642.5053235474214	-25.865882002927478
642.5326432620709	-26.92553992238959
642.5599629767204	-27.961131142424072
642.5872826913699	-28.97229588261478
642.6146024060193	-29.958714478126275
642.6419221206688	-30.92010098659126
642.6838703058116	-32.346956559677295
642.7258184909545	-33.713503450506195
642.7677666760973	-35.01927516767033
642.8097148612401	-36.264300251092926
642.8516630463829	-37.449088455572934
642.8936112315257	-38.574686660719706
642.9355594166685	-39.64263899825862
642.9775076018113	-40.65498314112416
643.0194557869542	-41.614168998600896
643.061403972097	-42.522983858773486
643.1033521572398	-43.384666262904204
643.1453003423826	-44.20279477542175
643.1872485275254	-44.980156006655974
643.2291967126682	-45.71951091940513
643.271144897811	-46.42372776508601
643.3130930829539	-47.095489268897495
643.3550412680967	-47.73719157752136
643.4265376031154	-48.76783795512774
643.4980339381342	-49.72779062789438
643.569530273153	-50.62619891768648
643.6410266081717	-51.47112703765957
643.7125229431905	-52.26951393112307
643.8221809963109	-53.41605415373359
643.9318390494312	-54.48111887749805
644.0414971025516	-55.47601418123499
644.151155155672	-56.407338770338754
644.2608132087923	-57.279871833530045
644.3704712619127	-58.097140904102396
644.4801293150331	-58.861922832334834
644.6479691627474	-59.93528791032885
644.8158090104616	-60.89981241520468
644.9836488581759	-61.76505958689048
645.2419696398047	-62.922329143980996
645.5002904214334	-63.887666290901606
645.7586112030622	-64.69479454279332
646.0169319846909	-65.3608527071725
646.2752527663197	-65.9045399177835
646.5335735479484	-66.34696218571266
646.7918943295772	-66.70427379976567
647.050215111206	-66.98775415780405
647.3085358928347	-67.20699681135915
647.5668566744635	-67.37115166095458
647.9630428533901	-67.53392090547754
648.3592290323168	-67.60937071701589
648.7554152112434	-67.61539261894497
649.1516013901701	-67.56631692477555
649.5477875690967	-67.47412744775008
650.1545268163982	-67.27116973902741
650.7612660636996	-67.01636501565216
651.3680053110011	-66.72868069215272
651.9747445583025	-66.42209775874984
652.581483805604	-66.10709328160871
653.1882230529054	-65.79125356214112
653.7949623002069	-65.47988041866297
654.4017015475083	-65.17662374461595
655.3278985404644	-64.7348049433581
656.2540955334205	-64.3227349684352
657.1802925263765	-63.941755173692975
658.1064895193326	-63.59116232939233
659.0326865122887	-63.26929515450173
659.9588835052448	-62.974167448489915
660.8850804982009	-62.703499096835614
661.8112774911569	-62.454836533106054
662.737474484113	-62.22555021076561
663.6636714770691	-62.01310892438252
664.5898684700252	-61.815335998881096
665.5160654629813	-61.6303956149938
666.4422624559373	-61.45661517658498
667.3684594488934	-61.29232071038052
668.2946564418495	-61.135952212841445
668.9383321166086	-61.03126612006045
669.5820077913678	-60.92946419810798
670.225683466127	-60.83019304412338
670.8693591408861	-60.73311236079476
671.5130348156453	-60.63788271242912
672.1567104904044	-60.54420935498315
672.8003861651636	-60.45187290746267
673.4440618399227	-60.36070494597667
674.0877375146819	-60.27049065608762
674.5263417377461	-60.20946799540994
674.9649459608103	-60.14878540103808
675.4035501838745	-60.08839256473742
675.8421544069387	-60.028203505663704
676.2807586300029	-59.9681623137493
676.7193628530671	-59.9082497158894
677.1579670761313	-59.848450956682385
677.5965712991955	-59.78873618601626
678.0351755222597	-59.72907094869861
678.4737797453239	-59.6694177448403
678.9123839683881	-59.609746171188675
679.3509881914523	-59.55002357266005
679.7895924145165	-59.49021339035506
680.2281966375807	-59.43028829000491
680.6668008606449	-59.370226899467205
681.1054050837091	-59.30999513807771
681.5440093067733	-59.24956620192035
681.9826135298375	-59.188923939830524
682.4212177529017	-59.12804013494702
682.8598219759659	-59.06688648420723
683.2984261990301	-59.005467536573974
683.7370304220943	-58.943784206627754
684.1756346451585	-58.8818078582041
684.6142388682227	-58.81949583297402
685.052843091287	-58.75680926864636
685.4914473143511	-58.69371311526071
685.9300515374154	-58.63018252359694
686.3686557604796	-58.566194308935536
686.8072599835438	-58.501732501953384
687.245864206608	-58.436784575168275
687.6844684296722	-58.37133050818372
688.1230726527364	-58.30534058025061
688.5616768758006	-58.23880064455927
689.0002810988648	-58.171694819220924
689.438885321929	-58.10399693876267
689.8774895449932	-58.035683418181776
690.3160937680574	-57.966738135271804
690.7546979911216	-57.897127931279584
691.1933022141858	-57.82682944404813
691.4981358063227	-57.77756329812176
691.8029693984596	-57.727939680687946
692.1078029905965	-57.677919548417286
692.4126365827334	-57.62748501951705
692.7174701748703	-57.57665024337566
693.0223037670072	-57.52542985586002
693.3271373591441	-57.473816552263436
693.8130033265668	-57.390711193406844
694.2988692939895	-57.30651713305122
694.7847352614122	-57.221183428025384
695.2706012288348	-57.13466444986124
696.007637161117	-57.00098206914331
696.7446730933992	-56.86412055332368
697.4817090256814	-56.72383841717475
698.2187449579636	-56.57978849446538
698.9557808902458	-56.431596762572816
699.692816822528	-56.27875315769887
700.4298527548102	-56.1209579700846
701.1668886870924	-55.95752996608901
701.9039246193746	-55.78785213361321
702.6409605516568	-55.61091822859286
703.377996483939	-55.426248912662
704.1150324162212	-55.232399183712225
704.8520683485034	-55.028120520315696
705.5891042807856	-54.81081989585247
706.0887463558712	-54.65522275938705
706.5883884309568	-54.492139794197854
707.0880305060424	-54.320281733133314
707.587672581128	-54.13863779078016
708.0873146562136	-53.94452607846246
708.5869567312992	-53.737103065605986
709.0865988063848	-53.510809288342315
709.5862408814704	-53.26862114606917
710.085882956556	-53.00051516711156
710.5855250316416	-52.70182655538413
711.0851671067272	-52.35358076934243
711.5848091818128	-51.96343060982717
712.0844512568984	-51.477698368257755
712.584093331984	-50.87243462614908
712.7090038507554	-50.693493672265696
712.8339143695267	-50.4979135889765
712.9588248882981	-50.285698914502156
713.0837354070694	-50.05634966467999
713.2713996031608	-49.665864034110896
713.4590637992522	-49.2024332248924
713.6467279953437	-48.63583357304166
713.8343921914351	-47.92191429899989
714.0220563875265	-46.961665296648405
714.1390062631162	-46.156904984140944
714.255956138706	-45.086129818486434
714.2851936076034	-44.7601389097337
714.3144310765009	-44.402288422138156
714.3641747049383	-43.704037420201786
714.4139183333756	-42.85950568708675
714.4636619618129	-41.811864947043105
714.4965308774471	-40.96503447618271
714.5293997930812	-39.94715155949994
714.5478442747478	-39.27948199359687
714.5662887564145	-38.52426704789898
714.5847332380811	-37.66218589092356
714.6031777197477	-36.66839366718434
714.6216222014143	-35.51069186867421
714.6400666830809	-34.147339467043864
714.6585111647476	-32.5241910903833
714.6769556464142	-30.570726143398293
714.6954001280808	-28.19492177963285
714.7138446097474	-25.280577560211825
714.7238517489506	-23.428994623870334
714.7338588881537	-21.365827503815808
714.7438660273568	-19.0846255330086
714.75387316656	-16.593490133943355
714.7638803057631	-13.916627152496716
714.7738874449662	-11.092720490691681
714.7838945841694	-8.169937238213956
714.7939017233725	-5.195933515633987
714.8039088625757	-2.2236581804274125
714.8139160017788	0.6940119202424779
714.823923140982	3.5088575608552133
714.8339302801851	6.181870211067277
714.8439374193882	8.68492524257717
714.8539445585914	11.001393819383392
714.8639516977945	13.125484764174931
714.8739588369976	15.060316146900199
714.8839659762008	16.815196347876512
714.8939731154039	18.403034802758427
714.9039802546071	19.838398895628053
714.9139873938102	21.136187803892692
714.9239945330133	22.310752221326375
714.9340016722165	23.375370151527825
714.9440088114196	24.342001180955382
714.9540159506228	25.221211680979508
714.9640230898259	26.022188703216347
714.974030229029	26.752812025396164
714.9840373682322	27.419774626633696
714.9940445074353	28.02873463005338
715.0040516466385	28.58447472569603
715.0140587858416	29.091049631265193
715.0240659250447	29.55191311960312
715.0340730642479	29.97002443995629
715.044080203451	30.347935647480753
715.0540873426542	30.687860590877115
715.0640944818573	30.991728127529065
715.0741016210604	31.261224998728878
715.0841087602636	31.497833476493142
715.0941158994667	31.702865962117016
715.1041230386699	31.877496995513575
715.114130177873	32.022793294707945
715.1241373170761	32.13974201120181
715.1341444562793	32.22927573856289
715.1441515954824	32.292292130360245
715.1541587346856	32.32966739356497
715.1641658738887	32.3422647443966
715.1741730130918	32.33093932072576
715.184180152295	32.296540327756404
715.1941872914981	32.239910738799665
715.2041944307012	32.16188515754225
715.2142015699044	32.063286832566654
715.2242087091075	31.944924700507123
715.2342158483107	31.80759083766821
715.2442229875138	31.652058292641843
715.254230126717	31.479079190543462
715.2642372659201	31.289383118619835
715.2742444051232	31.083675886821233
715.2842515443264	30.862638708109905
715.2942586835295	30.62692774198123
715.3042658227326	30.377173902234478
715.3142729619358	30.113982863287127
715.3242801011389	29.83793524083779
715.3342872403421	29.549586921146552
715.3442943795452	29.249469486718887
715.3543015187483	28.93809068175215
715.3643086579515	28.615934889095982
715.3743157971546	28.283463627364384
715.3843229363578	27.941116099212394
715.3943300755609	27.58930982946557
715.404337214764	27.228441435682377
715.4143443539672	26.858887575270817
715.4243514931703	26.48100610147413
715.4343586323735	26.09513742866843
715.4443657715766	25.701606064812566
715.4543729107797	25.300722234552374
715.4694953603513	24.681628113520667
715.4846178099228	24.047401940205503
715.4997402594944	23.398975090086967
715.5148627090659	22.737240826886747
715.5299851586375	22.06306050464374
715.545107608209	21.37726705417473
715.5602300577806	20.680666995248206
715.5753525073521	19.974041550885786
715.5904749569237	19.25814719298617
715.6055974064952	18.533715716472674
715.6207198560668	17.80145388098412
715.6358423056383	17.062042685365494
715.6509647552099	16.316136396027098
715.6660872047814	15.564361496476796
715.681209654353	14.807316656235438
715.6963321039245	14.045576513964987
715.7114545534961	13.279696386868517
715.7265770030676	12.510210690253727
715.7416994526392	11.737625572673599
715.7568219022107	10.962413998763626
715.7719443517823	10.18502166187513
715.7870668013538	9.40587379594188
715.8021892509254	8.625369009853095
715.8173117004969	7.8438799601613995
715.8324341500685	7.061760116198472
715.84755659964	6.27933951433207
715.8626790492116	5.496930964911318
715.8778014987831	4.714836078938748
715.8929239483547	3.933334718441921
715.9080463979262	3.1526829957652507
715.9231688474978	2.3731347684353032
715.9382912970693	1.594935372038084
715.9534137466409	0.8183026733724207
715.9685361962124	0.043434266463228455
715.983658645784	-0.7294795083293064
716.0086059711607	-1.9997762711060414
716.0335532965374	-3.263447623910301
716.0585006219142	-4.519821261704833
716.0834479472909	-5.768278859100337
716.1083952726676	-7.008168776401547
716.1333425980444	-8.238903896901492
716.1582899234211	-9.459972592190411
716.1832372487978	-10.670810614011607
716.2081845741745	-11.87084696962952
716.2331318995513	-13.059299845965166
716.258079224928	-14.234208330138095
716.2830265503047	-15.394675293918034
716.3079738756815	-16.53999230454184
716.3329212010582	-17.669436048246272
716.3578685264349	-18.7823192247616
716.3828158518116	-19.878069325660913
716.4077631771884	-20.95622035299555
716.4327105025651	-22.016351358964574
716.4576578279418	-23.058047808288244
716.4826051533186	-24.080901979361837
716.5075524786953	-25.08452424328822
716.532499804072	-26.06854953355907
716.5724055892948	-27.60112851933501
716.6123113745176	-29.08143050220052
716.6522171597404	-30.508660081315906
716.6921229449632	-31.881856346333468
716.732028730186	-33.200341053429966
716.7719345154088	-34.4637148579808
716.8118403006316	-35.67193473831429
716.8517460858544	-36.82531704049502
716.8916518710772	-37.92460047581388
716.9315576563	-38.97094508495703
716.9714634415228	-39.9658984186037
717.0113692267456	-40.91141205658591
717.0512750119684	-41.80967632221283
717.0911807971912	-42.66315740944795
717.131086582414	-43.474773758177676
717.1709923676368	-44.24743245539034
717.2108981528596	-44.98354703816364
717.2508039380824	-45.68551851047788
717.2907097233052	-46.355717392200454
717.330615508528	-46.99639450919644
717.3945990380386	-47.96722775250817
717.4585825675491	-48.87548051886902
717.5592665191094	-50.1945945281895
717.6599504706697	-51.40222108566245
717.76063442223	-52.517038623579545
717.8613183737904	-53.553887228487646
717.9620023253507	-54.52474296916332
718.062686276911	-55.437861017587984
718.2145105535709	-56.71600574444077
718.3663348302308	-57.8846410037463
718.5181591068907	-58.95124591929716
718.6699833835506	-59.922585103665455
718.8218076602105	-60.80499795029051
718.9736319368704	-61.60448130063184
719.1254562135304	-62.32708370907892
719.3788522921573	-63.37971518994899
719.6322483707842	-64.26417549870925
719.8856444494111	-65.00275132658307
720.139040528038	-65.61372624897739
720.3924366066649	-66.11501317828545
720.6458326852918	-66.52379740944845
721.0300124882057	-66.99696455530602
721.4141922911195	-67.3260443588375
721.7983720940334	-67.53869141213939
722.1825518969473	-67.65749304998691
722.5667316998612	-67.70203203007965
722.950911502775	-67.68797736170762
723.3350913056889	-67.62730082373757
724.024949734679	-67.43176841833989
724.7148081636691	-67.16049544756507
725.4046665926592	-66.8424122214183
726.0945250216492	-66.49927111769793
726.7843834506393	-66.14622646308855
727.4742418796294	-65.79362293231992
728.1641003086195	-65.44843041023601
728.8539587376096	-65.11500209270484
729.5438171665996	-64.79611553583148
730.2336755955897	-64.49333760872149
730.9235340245798	-64.20727919543275
731.9951249494808	-63.79605299373955
733.0667158743818	-63.423658848630666
734.1383067992828	-63.08658448215503
735.2098977241837	-62.780689322282335
736.2814886490847	-62.501721744928794
737.3530795739857	-62.24617465214586
738.4246704988867	-62.01080717300441
739.4962614237877	-61.79259689213345
740.5678523486887	-61.588608068445396
741.6394432735897	-61.39648205311042
742.7110341984907	-61.21440434387775
743.7826251233917	-61.0407212455195
744.8542160482926	-60.87362185886442
745.9258069731936	-60.71160120554239
746.601587278669	-60.61159355869332
747.2773675841443	-60.51305530978271
747.9531478896196	-60.41566920403698
748.6289281950949	-60.31917358799638
749.3047085005702	-60.223286273633725
749.9804888060455	-60.127791239497796
750.4414114732999	-60.06281976099225
750.9023341405543	-59.99801596053178
751.3632568078087	-59.933367556367706
751.8241794750631	-59.86880139515529
752.2851021423176	-59.804228900691506
752.746024809572	-59.739592388564404
753.2069474768264	-59.67484405952206
753.6678701440808	-59.60996138372139
754.1287928113352	-59.54492647781605
754.5897154785896	-59.47972370942211
755.050638145844	-59.41433174116891
755.5115608130984	-59.34872787966427
755.9724834803528	-59.28287418379177
756.4334061476072	-59.2167435993288
756.8943288148616	-59.15031354252146
757.355251482116	-59.08356139888698
757.8161741493705	-59.01646281790213
758.2770968166249	-58.949003265674136
758.7380194838793	-58.88115425316389
759.1989421511337	-58.81289405824691
759.6598648183881	-58.744220732408564
760.1207874856425	-58.67512977333764
760.5817101528969	-58.60559274390292
761.0426328201513	-58.53556695213595
761.5035554874057	-58.46500808121217
761.9644781546601	-58.39387542105973
762.4254008219145	-58.32214024247358
762.886323489169	-58.2497760592678
763.3472461564234	-58.176763219761675
763.8081688236778	-58.10308392618303
764.2690914909322	-58.028710090992064
764.7300141581866	-57.95360233888199
765.190936825441	-57.877739010011275
765.6518594926954	-57.8010930911121
766.1127821599498	-57.72362684552753
766.5737048272042	-57.64530508396287
766.8910721176096	-57.59087069851555
767.208439408015	-57.535988136327276
767.5258066984204	-57.48061600279053
767.8431739888258	-57.42474353473501
768.1605412792312	-57.36838865136372
768.4779085696366	-57.31155748833824
768.795275860042	-57.25423371161318
769.3292324159414	-57.15662971839799
769.8631889718408	-57.05748750296475
770.3971455277402	-56.95672296197904
771.2179248169684	-56.79839584684508
772.0387041061966	-56.635489888021354
772.8594833954248	-56.46749657057197
774.1398029767226	-56.1936181266185
775.4201225580205	-55.9033247813816
776.7004421393183	-55.592713770067526
777.9807617206161	-55.25666304736655
779.2610813019139	-54.89051472840998
780.5414008832117	-54.48022059322828
781.8217204645096	-54.014827067511135
782.426094662796	-53.76364401932548
783.0304688610825	-53.48422798223979
783.6348430593689	-53.17600656757347
784.2392172576554	-52.824919772083206
784.8435914559418	-52.41679018459046
785.4479656542283	-51.93541968082376
785.7043873174034	-51.69468073232803
785.9608089805786	-51.42320330596936
786.2172306437537	-51.11860500476418
786.4736523069289	-50.768369992970435
786.7300739701041	-50.358955618354
786.9864956332792	-49.87181549202605
787.1001314052083	-49.61940344217176
787.2137671771375	-49.336884982316256
787.3274029490666	-49.01982746533011
787.5070024836621	-48.42348356551033
787.6211610086233	-47.963955339134486
787.7353195335845	-47.41496151178216
787.8494780585457	-46.73810923919394
787.9167384362989	-46.25722868482069
787.9839988140521	-45.691721395351536
788.0512591918053	-45.01320943686056
788.0864702387288	-44.59930744579012
788.1216812856522	-44.13312479302459
788.1568923325757	-43.60258701367094
788.1921033794991	-42.99121369932432
788.2138572187007	-42.56402649860884
788.2356110579022	-42.09070240024203
788.2573648971038	-41.56225525502353
788.2791187363053	-40.966988030760064
788.3008725755069	-40.290015638783245
788.313594731549	-39.8491236200107
788.326316887591	-39.36915881103052
788.3390390436331	-38.84441969087064
788.3517611996751	-38.268276774615806
788.3644833557172	-37.63304365380439
788.3772055117593	-36.929830300435874
788.3899276678013	-36.14838568680713
788.4026498238434	-35.2768864026574
788.4153719798854	-34.301608763698226
788.4280941359275	-33.206412012566574
788.4408162919696	-31.971979814453896
788.4535384480116	-30.574823331753255
788.4662606040537	-28.98616893366368
788.4789827600957	-27.171108138124392
788.4917049161378	-25.088979784366984
788.5044270721799	-22.698587236416678
788.5114504009618	-21.233000600240985
788.5184737297438	-19.6583650183365
788.5254970585258	-17.9747464687875
788.5325203873078	-16.186604292536916
788.5395437160898	-14.303212187314516
788.5465670448718	-12.33860328087499
788.5535903736538	-10.309434694944658
788.5606137024358	-8.233610214908843
788.5676370312178	-6.130425803483688
788.5746603599998	-4.0200670389391835
788.5816836887818	-1.9223032987393687
788.5887070175638	0.14414890531426003
788.5957303463458	2.1621159593432875
788.6066106844225	5.15928557434905
788.6174910224993	7.960073400474156
788.628371360576	10.53903709866717
788.6392516986527	12.888040641175168
788.6501320367295	15.01042211352649
788.6610123748062	16.91730549421347
788.6718927128829	18.62533012137882
788.6827730509597	20.154044885806
788.6936533890364	21.52336274270884
788.7045337271131	22.751906577988972
788.7154140651899	23.85634794408247
788.7262944032666	24.851316591049642
788.7371747413433	25.749478418223465
788.74805507942	26.561634345636545
788.7589354174968	27.296858253693994
788.7698157555735	27.962701104224443
788.7806960936502	28.565438618687423
788.791576431727	29.110314743008743
788.8024567698037	29.601745854053092
788.8133371078804	30.043477527270657
788.8242174459572	30.43870305727992
788.8350977840339	30.790155559148797
788.8459781221106	31.100182293004416
788.8568584601874	31.370807656067633
788.8677387982641	31.603789479243876
788.8786191363408	31.800670955971427
788.8894994744176	31.962829108881976
788.9003798124943	32.09151994854577
788.911260150571	32.18791884238342
788.9221404886478	32.25315299825635
788.9330208267245	32.28832376403655
788.9439011648012	32.29451961618716
788.954781502878	32.27282190483668
788.9656618409547	32.2243061839543
788.9765421790314	32.15004099479273
788.9874225171081	32.05108405633704
788.9983028551849	31.92847684200464
789.0091831932616	31.783239191291237
789.0200635313383	31.616365105372328
789.0309438694151	31.428819818523
789.0418242074918	31.22153765908778
789.0527045455685	30.995420177125833
789.0635848836453	30.751334991590124
789.074465221722	30.490115095548532
789.0853455597987	30.212558705218118
789.0962258978755	29.919429513944465
789.1071062359522	29.611457099704705
789.1179865740289	29.289337368042595
789.1288669121057	28.95373302612395
789.1397472501824	28.605274115968022
789.1506275882591	28.24455863234466
789.1615079263358	27.8721532550512
789.1723882644126	27.488594247969107
789.1832686024893	27.094388604101155
789.194148940566	26.69001552156978
789.2050292786428	26.275928260177654
789.2159096167195	25.852556353861452
789.2267899547962	25.420308070503413
789.237670292873	24.979572955608756
789.2485506309497	24.53072429119843
789.2594309690264	24.074121336674462
789.2703113071032	23.610111268130247
789.2811916451799	23.13903077691464
789.2920719832566	22.66120732379877
789.3029523213334	22.176960075084352
789.3138326594101	21.686600569493603
789.3304582174459	20.926196952203032
789.3470837754817	20.153286010231025
789.3637093335175	19.368885982156886
789.3803348915533	18.5739797211603
789.3969604495891	17.76951308634413
789.4135860076249	16.956394130998234
789.4302115656607	16.135491423223833
789.4468371236965	15.307632409580277
789.4634626817323	14.473603740028238
789.4800882397681	13.634157734696108
789.4967137978039	12.790018408021426
789.5133393558397	11.941877241384232
789.5299649138755	11.090381525859613
789.5465904719113	10.236132198684125
789.5632160299471	9.379695078652249
789.5798415879829	8.521603352122712
789.5964671460187	7.662358750428301
789.6130927040545	6.802430359047394
789.6297182620903	5.942249643125251
789.646343820126	5.082226557615421
789.6629693781618	4.2227526813893395
789.6795949361976	3.364186033498653
789.6962204942334	2.506869181221036
789.7128460522692	1.6511319693151618
789.729471610305	0.7972701072053798
789.7460971683408	-0.054451561409111386
789.7627227263766	-0.9037821611035116
789.7793482844124	-1.750462033274243
789.7959738424482	-2.594252294345199
789.8232618176071	-3.972391705506354
789.850549792766	-5.341342260175475
789.8778377679248	-6.70031482323668
789.9051257430837	-8.048498637716888
789.9324137182425	-9.385191391216878
789.9597016934014	-10.709683865706182
789.9869896685602	-12.02121607632582
790.0142776437191	-13.318368324977007
790.0415656188779	-14.599073239797951
790.0688535940368	-15.862303539241902
790.0961415691957	-17.10720149639184
790.1234295443545	-18.332663783972173
790.1507175195134	-19.537672378738787
790.1780054946722	-20.72158118997367
790.2052934698311	-21.883980947289864
790.2325814449899	-23.024418959621066
790.2598694201488	-24.14232680961005
790.2871573953076	-25.237129011431364
790.3144453704665	-26.308329021484425
790.3417333456254	-27.35550640819972
790.3690213207842	-28.378283240860064
790.3963092959431	-29.376318466904234
790.4235972711019	-30.349316781455713
790.4653019154641	-31.78742463346998
790.5070065598263	-33.165804618100175
790.5487112041885	-34.48401043002751
790.5904158485507	-35.7420375747625
790.6321204929129	-36.94030838061214
790.6738251372751	-38.079732199963715
790.7155297816373	-39.16170032069931
790.7572344259995	-40.18806254827385
790.8205617960623	-41.64543905374871
790.8838891661251	-42.989355519259384
790.9472165361879	-44.23116280778594
791.0105439062506	-45.38146053986195
791.0738712763134	-46.44920518845224
791.1371986463762	-47.44337796771678
791.200526016439	-48.37257685544854
791.2638533865018	-49.24430848814295
791.3271807565645	-50.06510895694932
791.3905081266273	-50.84090474831316
791.4538354966901	-51.577056290902966
791.5171628667529	-52.27815476896802
791.5804902368156	-52.94793159062986
791.680556865141	-53.949469284751316
791.7806234934665	-54.889093398917865
791.8806901217919	-55.77337598961453
791.9807567501173	-56.60701057530041
792.1443819454468	-57.86917167845448
792.3080071407762	-59.014145478919716
792.4716323361057	-60.04998416411097
792.6352575314352	-60.98397123204214
792.7988827267646	-61.82343758058985
792.9625079220941	-62.57604948700596
793.1261331174236	-63.24949728101014
793.3718506690102	-64.12831673549734
793.6175682205968	-64.86764834589388
793.8632857721834	-65.48588217031079
794.10900332377	-65.99859878108131
794.3547208753566	-66.42029195555833
794.7240055146855	-66.91084506115733
795.0932901540143	-67.26056484430008
795.4625747933432	-67.49674354324424
795.831859432672	-67.64090092594444
796.2011440720008	-67.71083365530737
796.5704287113297	-67.72122977969981
796.9397133506585	-67.6839346052048
797.5527626998597	-67.54205888884184
798.165812049061	-67.32894198059199
798.7788613982622	-67.06868473878552
799.3919107474634	-66.77926516797245
800.0049600966646	-66.47404243891279
800.6180094458658	-66.16268364445335
801.231058795067	-65.85198792293112
802.1656360496343	-65.39038602759963
803.1002133042015	-64.95176783586898
804.0347905587687	-64.54141805799455
804.9693678133359	-64.16095957052781
805.9039450679031	-63.810146734852935
806.8385223224703	-63.487541675640266
807.7730995770376	-63.19127167294793
808.7076768316048	-62.91898426990858
809.642254086172	-62.66818079368116
810.5768313407392	-62.43625049156398
811.5114085953064	-62.22086080328022
812.4459858498736	-62.01985193844719
813.3805631044409	-61.83114749679177
814.3151403590081	-61.652989424764314
815.2497176135753	-61.483895946516625
816.1842948681425	-61.322498325003195
817.1188721227097	-61.16744584836319
818.0534493772769	-61.017544653556605
818.9880266318441	-60.87196209055252
819.9226038864114	-60.7300629252084
820.8571811409786	-60.591131808976215
821.7917583955458	-60.4543614030207
822.726335650113	-60.319079394133624
823.6609129046802	-60.18493457189132
824.5954901592474	-60.05169036080248
825.5300674138147	-59.91896108624114
826.4646446683819	-59.786251915319276
827.3992219229491	-59.6531740566445
828.3337991775163	-59.519549520502714
829.2683764320835	-59.3852351074091
830.2029536866507	-59.249946266708925
831.137530941218	-59.11345818295188
831.7629807933423	-59.02142692114667
832.3884306454667	-58.92876596644664
833.013880497591	-58.83531149439868
833.6393303497154	-58.7409773642357
834.2647802018397	-58.64574593411569
834.890230053964	-58.54956951934255
835.5156799060884	-58.4523662436486
836.1411297582127	-58.35409088660352
836.7665796103371	-58.25472100179504
837.3920294624614	-58.154231709844616
838.0174793145858	-58.05255395378694
838.6429291667101	-57.949588343851225
839.0791513337766	-57.87694330253841
839.5153735008431	-57.803584399283366
839.9515956679096	-57.7294921888346
840.3878178349761	-57.65463438656146
840.8240400020426	-57.57896938805115
841.2602621691091	-57.502456284424646
841.6964843361756	-57.425061301724085
842.132706503242	-57.346752728397654
842.5689286703085	-57.267496230052416
843.005150837375	-57.18724965943311
843.4413730044415	-57.10596791155333
843.877595171508	-57.02359928016613
844.3138173385745	-56.940089344056624
844.750039505641	-56.855378580728456
845.1862616727075	-56.76940885096564
845.622483839774	-56.68210895104033
846.0587060068405	-56.593408098466966
846.4949281739069	-56.50322179837006
846.9311503409734	-56.41146916195974
847.3673725080399	-56.31804914098133
847.8035946751064	-56.22286686620446
848.2398168421729	-56.12581552046263
848.6760390092394	-56.02675735078171
849.3446962252231	-55.87065023946351
850.0133534412067	-55.70883940685494
851.1653949127741	-55.41452232341318
852.3174363843415	-55.09658011795658
853.4694778559088	-54.7486820235357
854.6215193274762	-54.36205912523313
855.7735607990436	-53.92040470210581
856.925602270611	-53.402147940953384
858.0776437421783	-52.755025299895905
858.7613906013213	-52.27153350238766
859.4451374604643	-51.66330614294759
859.8802856024905	-51.17679572374552
860.3154337445168	-50.56306448277004
860.750581886543	-49.74275108746583
860.8593689220496	-49.491261145674514
860.9681559575562	-49.207859377577655
861.0769429930627	-48.88642707668068
861.2559823694241	-48.25017022243761
861.3644857604799	-47.779141069359035
861.4729891515356	-47.215002982452056
861.5814925425913	-46.51795042728433
861.6387439690095	-46.077245609456405
861.6959953954278	-45.567787673896376
861.753246821846	-44.967720556607084
861.7851315775591	-44.58392922802082
861.8170163332722	-44.15552369482227
861.8489010889854	-43.67253870404202
861.8807858446985	-43.12193102230013
861.9126706004116	-42.486298076937395
861.9294813513466	-42.10931006123789
861.9462921022815	-41.69730134176445
861.9631028532165	-41.244492875379436
861.9799136041514	-40.743889801421396
861.9967243550864	-40.186861821823655
862.0135351060213	-39.56281226798652
862.0303458569563	-38.858948555448364
862.0471566078912	-38.06003157117388
862.0639673588262	-37.1481385939211
862.0807781097611	-36.10227308496366
862.0975888606961	-34.89752356293415
862.114399611631	-33.50337615845039
862.131210362566	-31.880909834165458
862.1480211135009	-29.978927227355104
862.1648318644359	-27.729738203629864
862.1816426153708	-25.047114341335803
862.1984533663058	-21.833687706832944
862.2053408258805	-20.344719236386
862.2122282854552	-18.750702907172197
862.21911574503	-17.05267001118343
862.2260032046047	-15.255888081589823
862.2328906641794	-13.370601018128772
862.2397781237541	-11.41136255793292
862.2466655833289	-9.395558384916123
862.2535530429036	-7.341387332683708
862.2604405024783	-5.268456228635927
862.2673279620531	-3.1965583076210797
862.2742154216278	-1.1445864778917103
862.2811028812025	0.8699537297021446
862.2879903407772	2.831350031837663
862.2989503450657	5.811879423609434
862.3099103493541	8.583136425232327
862.3208703536426	11.123584554760091
862.331830357931	13.429119058783018
862.3427903622195	15.50636820994294
862.3537503665079	17.368757708166786
862.3647103707964	19.03440346193677
862.3756703750848	20.523720837577727
862.3866303793733	21.8570135700283
862.3975903836617	23.052933272751545
862.4085503879502	24.127949936220137
862.4195103922386	25.096377604425996
862.4304703965271	25.97052222967154
862.4414304008155	26.76081636189727
862.452390405104	27.47598347846565
862.4633504093924	28.12326501172982
862.4743104136809	28.708679948778954
862.4852704179693	29.237266537077893
862.4962304222578	29.713276801640564
862.5071904265462	30.140322083810474
862.5181504308347	30.521481697867035
862.5291104351231	30.85938777608943
862.5400704394116	31.156295806471753
862.5510304437	31.414146996742996
862.5619904479885	31.634625734127315
862.5729504522769	31.819213308400204
862.5839104565654	31.969238132533334
862.5948704608538	32.08592178517008
862.6058304651423	32.17041857291867
862.6167904694307	32.22384564550296
862.6277504737192	32.247302447966966
862.6387104780076	32.241881383630904
862.6496704822961	32.20867159766171
862.6606304865845	32.14875848509908
862.671590490873	32.063220670706734
862.6825504951614	31.95312490257297
862.6935104994499	31.819520084307776
862.7044705037383	31.663431825879062
862.7154305080268	31.485858266028536
862.7263905123152	31.28776714678611
862.7373505166037	31.070093800371428
862.7483105208921	30.833739572757732
862.7592705251806	30.579571090672996
862.770230529469	30.308419857730236
862.7811905337575	30.021082234990626
862.7921505380459	29.718319731447856
862.8031105423344	29.400859410102345
862.8140705466228	29.06939429608284
862.8250305509113	28.724583776288096
862.8359905551997	28.367054052296883
862.8469505594882	27.997398733130783
862.8579105637766	27.616179637911987
862.8688705680651	27.22392786101644
862.8798305723535	26.821145158958668
862.890790576642	26.40830572114509
862.9017505809304	25.985858341482214
862.9127105852189	25.55422891498431
862.9236705895073	25.113823095426937
862.9346305937958	24.665028919373704
862.9455905980842	24.208219233849398
862.9565506023727	23.743753823717373
862.9675106066611	23.27198118638564
862.9784706109496	22.793239939418463
862.989430615238	22.30785987989111
863.0003906195265	21.816162743779586
863.0170475024883	21.05749549515655
863.03370438545	20.286032832572108
863.0503612684118	19.502808609325914
863.0670181513736	18.708820921267957
863.0836750343354	17.905030575071727
863.1003319172972	17.092360346320593
863.116988800259	16.271693297388758
863.1336456832208	15.443871112163885
863.1503025661826	14.60969345556819
863.1669594491444	13.769922822287095
863.1836163321062	12.925292175633453
863.200273215068	12.076504530550219
863.2169300980298	11.224221504384525
863.2335869809916	10.369055937574522
863.2502438639534	9.511582636988832
863.2669007469152	8.652346260086189
863.283557629877	7.791860346234871
863.3002145128388	6.930603492053776
863.3168713958006	6.069014468218416
863.3335282787624	5.207511859116403
863.3501851617242	4.34649750332143
863.366842044686	3.4863383475949736
863.3834989276478	2.6273809059865596
863.4001558106096	1.7699608568907244
863.4168126935714	0.9143831626753691
863.4334695765332	0.06091904574020495
863.450126459495	-0.7901774922687417
863.4667833424568	-1.6386455551487327
863.4834402254186	-2.4842409013466806
863.5107216519181	-3.862447640294485
863.5380030784175	-5.231527308785388
863.565284504917	-6.590691144701227
863.5925659314165	-7.939114610809486
863.619847357916	-9.276090033558862
863.6471287844155	-10.600925192325924
863.674410210915	-11.912849946510615
863.7016916374145	-13.210537068556562
863.7289730639139	-14.49190995936583
863.7562544904134	-15.75590370393981
863.7835359169129	-17.00165525737218
863.8108173434124	-18.228048047012958
863.8380987699119	-19.43403236095297
863.8653801964114	-20.61893934577548
863.8926616229109	-21.782378705997647
863.9199430494103	-22.923876534317248
863.9472244759098	-24.04287691103015
863.9745059024093	-25.138801176739342
864.0017873289088	-26.211135997878465
864.0290687554083	-27.259450778727963
864.0563501819078	-28.28336797337599
864.0978481030616	-29.793327218139424
864.1393460242153	-31.24519920277346
864.1808439453691	-32.63814360060574
864.2223418665229	-33.971582798932374
864.2638397876767	-35.245341063538525
864.3053377088305	-36.45967824860986
864.3468356299843	-37.615332515921544
864.3883335511381	-38.713538990872166
864.4298314722919	-39.75597134037087
864.4713293934457	-40.74475402502594
864.5128273145995	-41.68230933177953
864.5543252357533	-42.57135337993638
864.595823156907	-43.41503194145893
864.6373210780608	-44.21670668915579
864.6788189992146	-44.97906478449041
864.7203169203684	-45.704770266879024
864.7618148415222	-46.39646819989951
864.803312762676	-47.05667307901383
864.8669894215428	-48.01380069718048
864.9306660804097	-48.90999604110607
865.0314139298027	-50.21980077009502
865.1321617791958	-51.41984447361801
865.2329096285889	-52.52849441316866
865.333657477982	-53.560297531857174
865.4344053273751	-54.52695733327224
865.5351531767682	-55.4365354997047
865.6877912631562	-56.71611486985662
865.8404293495443	-57.88624197339954
865.9930674359323	-58.954337512586584
866.1457055223203	-59.92711848072282
866.2983436087084	-60.810899119807964
866.4509816950964	-61.61167639155719
866.6036197814844	-62.33551191297067
866.8571288524719	-63.38533619491619
867.1106379234593	-64.26829750229176
867.3641469944467	-65.00636913056591
867.6176560654342	-65.61765726624508
867.8711651364216	-66.11988881053668
868.124674207409	-66.53002927480287
868.5110614632182	-67.00784000759879
868.8974487190274	-67.3405718166434
869.2838359748365	-67.55618576207934
869.6702232306457	-67.67748531619463
870.0566104864548	-67.72418107177938
870.442997742264	-67.71203302741449
870.8293849980731	-67.65309282005238
871.5230313553122	-67.46049138883143
872.2166777125514	-67.19204597450413
872.9103240697905	-66.87675481630899
873.6039704270296	-66.53638699692218
874.2976167842687	-66.18610416718795
874.9912631415078	-65.83622802109203
875.684909498747	-65.49368582665045
876.3785558559861	-65.16279233592624
877.0722022132252	-64.84629532489154
877.7658485704643	-64.54573795190313
878.4594949277034	-64.2617095745693
879.5344313756394	-63.854128811269554
880.6093678235754	-63.48465022153352
881.6843042715115	-63.14979538492191
882.7592407194475	-62.8454535395364
883.8341771673835	-62.56741641175262
884.9091136153195	-62.312223676570405
885.9840500632555	-62.07670138586921
887.0589865111915	-61.85786803077267
888.1339229591275	-61.65283997540154
889.2088594070635	-61.459311171556934
890.2837958549995	-61.275511367664045
891.3587323029356	-61.09982048451578
892.4336687508716	-60.93047299927531
893.5086051988076	-60.76600476097108
894.190365390053	-60.663785060608106
894.8721255812984	-60.56298206227445
895.5538857725438	-60.46328662876135
896.2356459637892	-60.3644438280833
896.9174061550347	-60.26617112216873
897.5991663462801	-60.168188694345304
898.2809265375255	-60.07033699637919
898.9626867287709	-59.97261253720978
899.6444469200163	-59.87504477622261
900.6764199490983	-59.72742941338367
901.7083929781803	-59.57952126334029
902.7403660072623	-59.430833449834104
903.7723390363443	-59.28086790548904
904.8043120654263	-59.12934892204685
905.8362850945083	-58.97605016876406
906.5048083281414	-58.87562348633917
907.1733315617745	-58.77418513658447
907.8418547954076	-58.67173282082635
908.5103780290407	-58.568243064281354
909.1789012626738	-58.463714366773736
909.8474244963069	-58.35809287736686
910.3043606437806	-58.28524355941276
910.7612967912543	-58.21176793887616
911.218232938728	-58.137598089880015
911.6751690862017	-58.062717766604905
912.1321052336754	-57.987147633392055
912.5890413811491	-57.91087837248144
913.0459775286228	-57.83389713277814
913.5029136760965	-57.756158257004095
913.9598498235702	-57.677627518866665
914.4167859710439	-57.59824039790673
914.8737221185175	-57.517961708620376
915.3306582659912	-57.436734260814944
915.787594413465	-57.35452729161355
916.2445305609386	-57.271286405552196
916.7014667084123	-57.18697359733545
917.158402855886	-57.10151788827352
917.6153390033597	-57.01488500067137
918.0722751508334	-56.92697379946767
918.5292112983071	-56.837752477351955
918.9861474457808	-56.74709619835581
919.4430835932545	-56.654940545457535
919.9000197407282	-56.561157862833966
920.3569558882019	-56.465673743152934
920.8138920356756	-56.36839341431048
921.2708281831493	-56.26924370785782
921.727764330623	-56.168074642428124
922.1847004780967	-56.06478798196255
922.6416366255704	-55.9591712023335
923.0985727730441	-55.85113850757129
923.5555089205178	-55.74034658247013
924.0124450679915	-55.62676277196928
924.4693812154652	-55.50984440941607
924.9263173629389	-55.38977931212806
925.3832535104126	-55.26549429392749
925.8401896578863	-55.137778758657575
926.29712580536	-55.004300259836754
926.602438949406	-54.912496371736886
926.9077520934519	-54.81887156296012
927.2130652374979	-54.72257027551485
927.5183783815438	-54.62362379056172
927.8236915255898	-54.521086441506256
928.1290046696357	-54.415439649964135
928.4343178136817	-54.30535767496333
928.906599494927	-54.12764183801819
929.3788811761724	-53.94027018135393
929.8511628574178	-53.73796997595116
930.3234445386631	-53.521911804946676
930.7957262199085	-53.28265026506895
930.9999999999793	-53.1739206888244
931.0000000000103	-53.1739206888244
931.0003811906755	-53.21883744173099
931.0007623813407	-53.25708853191863
931.0013449316652	-53.30816165313604
931.0023298948036	-53.379499647649205
931.0040400157587	-53.478660893472714
931.0057501367139	-53.55900348474916
931.0074602576691	-53.62952924372693
931.0100850246795	-53.72733102603182
931.0127097916899	-53.81526803210276
931.0168734294612	-53.941504886741214
931.0210370672324	-54.055021129552934
931.0274061566524	-54.211211138651
931.0337752460724	-54.352057046314066
931.0460091992095	-54.59208951741754
931.0582431523466	-54.80532505526587
931.0704771054836	-54.99921788322404
931.0827110586207	-55.177085241895085
931.0949450117578	-55.34140976840845
931.1157993697481	-55.59613263970505
931.1366537277383	-55.82587215250286
931.1575080857286	-56.036266182574096
931.190333950606	-56.33638196416488
931.2231598154834	-56.60681459853989
931.2739408283951	-56.98110795865102
931.3247218413068	-57.314744261243376
931.3755028542184	-57.61716896205834
931.4262838671301	-57.89520292560441
931.4770648800418	-58.154025214620326
931.5633320455044	-58.559234967517966
931.7120242554934	-59.18319583608363
931.8607164654824	-59.74745654458747
932.0094086754714	-60.27342524868572
932.1581008854604	-60.770488146378696
932.3067930954494	-61.24374352102527
932.4554853054384	-61.697156286738576
932.6041775154274	-62.13362462862514
932.8347082906542	-62.78081041318041
933.0652390658811	-63.396318480965846
933.4560788791493	-64.37487017785857
933.8469186924176	-65.27995839486417
934.2377585056859	-66.11833993397167
934.6285983189541	-66.8948692670581
935.0194381322224	-67.61402737392139
935.4102779454906	-68.28032804072785
935.8011177587589	-68.89797104444965
936.4643338424519	-69.84437419127948
937.1275499261449	-70.67599868059978
937.7907660098379	-71.4062073921925
938.4539820935308	-72.04656651366592
939.1171981772238	-72.60712878040862
939.7804142609168	-73.09665215334407
940.4436303446098	-73.52278237747029
941.1068464283028	-73.89222537960052
942.1174363103918	-74.35897716702883
943.1280261924808	-74.72559693004
944.1386160745698	-75.00747029035773
945.1492059566588	-75.21732333005848
946.1597958387478	-75.36596785686359
947.1703857208367	-75.46255665768024
948.1809756029257	-75.51493866416372
949.1915654850147	-75.52988688908104
950.2021553671037	-75.51323998120054
951.2127452491927	-75.47003956706783
952.2233351312817	-75.4046686418308
953.2339250133707	-75.3209334137617
954.2445148954597	-75.22210982919665
955.2551047775487	-75.1110614344731
956.2656946596377	-74.9902933475012
957.2762845417267	-74.86195744561526
958.2868744238157	-74.7278957397882
959.2974643059047	-74.58973148271879
960.3080541879937	-74.44882481565273
961.3186440700827	-74.30634117479039
962.3292339521716	-74.1633200978177
963.3398238342606	-74.02062862963973
964.3504137163496	-73.87897927368796
965.3610035984386	-73.73901079069691
966.3715934805276	-73.60125144736436
967.3821833626166	-73.4661224445978
968.3927732447056	-73.33400957493456
969.4033631267946	-73.20521202522349
970.0095313103552	-73.12963246738786
970.6156994939158	-73.05533935735349
971.2218676774764	-72.98236814829521
971.828035861037	-72.91075104900426
972.4342040445977	-72.84051174882892
973.0403722281583	-72.77166884078842
973.6465404117189	-72.70423342604171
974.2527085952795	-72.63821005409778
974.8588767788401	-72.57360181910104
975.4650449624007	-72.51040881402973
976.0712131459613	-72.44862742622232
976.677381329522	-72.38825422556384
977.2835495130826	-72.32928419245458
977.8897176966432	-72.27170788751778
978.4958858802038	-72.21551511369164
979.1020540637644	-72.16069516420805
979.708222247325	-72.10723324575955
980.3143904308856	-72.05511340699964
980.9205586144462	-72.00432063155762
981.5267267980068	-71.95483672351368
982.1328949815675	-71.90664160361099
982.7390631651281	-71.8597168060194
983.3452313486887	-71.81404340633043
984.4677363536954	-71.73267110390621
985.5902413587021	-71.65537088793324
988.0001727746312	-71.50221861392512
990.4101041905603	-71.36579092794354
992.8200356064895	-71.24451036883752
995.2299670224186	-71.13699987849415
997.6398984383477	-71.04170749757024
1000.0498298542768	-70.95764686557133
1002.459761270206	-70.88347550655044
1004.8696926861351	-70.8179784601497
1007.2796241020642	-70.76003260290656
1009.6895555179933	-70.70904849571278
1010.802381393363	-70.68767160456555
1011.9152072687327	-70.66745222118742
1013.0280331441024	-70.64829450979643
1014.1408590194721	-70.63015462390383
1015.2536848948419	-70.61296456592399
1016.3665107702116	-70.59667719564781
1017.4793366455813	-70.58125292841645
1018.592162520951	-70.56662336034502
1019.7049883963207	-70.55273192943623
1020.8178142716904	-70.53955280425745
1021.9306401470601	-70.5270317877613
1023.0434660224298	-70.51510239242559
1024.1562918977995	-70.50374596290054
1025.2691177731692	-70.49293638930918
1026.381943648539	-70.48260438072617
1027.4947695239086	-70.47272246096614
1028.6075953992784	-70.46329410760502
1029.720421274648	-70.45426289963874
1030.8332471500178	-70.4455790682171
1031.9460730253875	-70.43726232257741
1033.0588989007572	-70.42929171812828
1034.171724776127	-70.42162892869293
1035.2845506514966	-70.41425286979864
1036.3973765268663	-70.40714148425616
1037.510202402236	-70.40026052336084
1038.6230282776057	-70.39360219810523
1039.7358541529754	-70.38716343214712
1040.8486800283451	-70.38091363339247
1041.9615059037149	-70.37484157518756
1043.0743317790846	-70.36895920256546
1044.1871576544543	-70.36324293372307
1045.299983529824	-70.35767489941762
1046.4128094051937	-70.35226005449965
1048.1301565498918	-70.34432855937904
1049.84750369459	-70.33661314267755
1053.32224334871	-70.32217693418957
1056.7969830028298	-70.30826408395828
1060.2717226569498	-70.29540102308583
1063.7464623110698	-70.28322478708517
1067.2212019651897	-70.27165255173534
1070.6959416193097	-70.26079502536342
1074.1706812734296	-70.25048571537069
1077.6454209275496	-70.24047608568107
1081.1201605816696	-70.23130637135559
1084.5949002357895	-70.22225584866572
1088.0696398899095	-70.21354219129891
1091.5443795440294	-70.20524197202681
1095.0191191981494	-70.1976215165573
1098.4938588522693	-70.1902766795092
1101.9685985063893	-70.18290190941678
1105.4433381605093	-70.17629649993889
1108.9180778146292	-70.16984386394374
1112.3928174687492	-70.16364130638847
1119.493148012184	-70.15122527120083
1126.593478555619	-70.14183080565473
1130.999999999975	-70.13572485489908
1131.0000000000127	-70.13572485489908
