t	v
0.0	-80.0
0.0028393178047010936	-80.00793839620238
0.007545025226115776	-80.01879388934572
0.015901461276986533	-80.03400051973024
0.02849295737106539	-80.05124158371592
0.04108445346514425	-80.0645465780694
0.06119787986939666	-80.0791951922793
0.09179521241450567	-80.09428753296663
0.12239254495961467	-80.10222460159048
0.18694675104001002	-80.10323373141058
0.2515009571204054	-80.08859882475323
0.31605516320080074	-80.0634875601678
0.3806093692811961	-80.03072477316498
0.4796802520411509	-79.96968555534283
0.5787511348011056	-79.89805713500039
0.6778220175610604	-79.81838972065053
0.8406188369183996	-79.6748702990286
1.0034156562757386	-79.52024920519452
1.2931339758727778	-79.22868405847821
1.582852295469817	-78.92751929725397
1.8725706150668562	-78.6239310786309
2.1622889346638954	-78.32115874398647
2.4520072542609346	-78.02108085528246
2.927612781070689	-77.53744159911885
3.403218307880443	-77.06866903768675
3.8788238346901975	-76.6173782338372
4.619687370680916	-75.95197186286971
5.360550906671635	-75.33423831265682
6.523374486517756	-74.4620038790815
7.686198066363877	-73.70575607490989
8.849021646209998	-73.05913167668518
10.011845226056119	-72.5141154974154
11.17466880590224	-72.0618501900572
12.997330948703256	-71.5176149278853
14.819993091504273	-71.14320806156381
16.64265523430529	-70.90535091457842
18.46531737710631	-70.77550585875498
20.287979519907328	-70.73023016546382
23.072780340457104	-70.78098085151369
25.85758116100688	-70.9300450985697
28.642381981556657	-71.14096872348765
31.427182802106433	-71.38551888365059
34.211983622656206	-71.64571820462271
36.99678444320598	-71.90820509276728
39.78158526375576	-72.16339666430513
42.566386084305535	-72.40984945504995
45.35118690485531	-72.64267087437396
48.13598772540509	-72.85504576954794
50.92078854595486	-73.05398280580363
52.71277258879183	-73.17472788307265
54.504756631628794	-73.28635848217118
56.29674067446576	-73.39058181248807
58.088724717302725	-73.48715380800553
59.88070876013969	-73.57524837378786
61.672692802976655	-73.65638256600377
63.46467684581362	-73.73097308544884
65.25666088865059	-73.79866403082492
67.04864493148754	-73.86140587374314
68.8406289743245	-73.91890236425827
70.63261301716146	-73.97008439230463
72.42459705999842	-74.01733454083792
74.21658110283538	-74.06019414297987
76.00856514567234	-74.09748680587482
77.8005491885093	-74.13232830596165
79.03693136171499	-74.15532087831892
80.27331353492069	-74.17636805451379
81.50969570812639	-74.19531571953053
82.74607788133208	-74.21218611085828
83.98246005453778	-74.2271738097942
85.95554374819862	-74.24905982562824
87.92862744185946	-74.26819478129117
89.9017111355203	-74.28461303340144
91.87479482918114	-74.29874426541012
93.84787852284198	-74.31071639738822
95.82096221650282	-74.32069424303559
99.0829874214653	-74.33400577571877
102.34501262642779	-74.34377782045786
108.13288438731895	-74.35541044968537
113.92075614821012	-74.36084007800284
119.70862790910128	-74.36329668785055
125.49649966999245	-74.36374667869924
131.28437143088362	-74.36244394334078
145.0768204477477	-74.3613700707028
158.8692694646118	-74.35909746399935
180.18509381536614	-74.35780490994338
201.50091816612047	-74.35908367846015
233.63464726786995	-74.35514299917153
250.83765047349794	-74.35872073298447
268.04065367912597	-74.35766484100945
285.243656884754	-74.36080251318792
302.446660090382	-74.36072595325268
319.64966329601003	-74.36047349880684
330.15678360301735	-74.360669379094
340.66390391002466	-74.36035324473065
356.7653307942277	-74.36110376228447
372.8667576784307	-74.36106020260176
388.9681845626337	-74.36007982695843
422.0217565083997	-74.36146927566034
430.28514949484116	-74.36154373449388
438.54854248128265	-74.36068896824915
455.54636660900803	-74.36176156332012
472.5441907367334	-74.36054532802068
489.5420148644588	-74.35765450430456
506.5398389921842	-74.36054355295566
523.5376631199096	-74.35864840597795
530.9999999999882	-74.3595296982449
531.0000000000059	-74.3595296982449
531.0008682531089	-74.32287446044523
531.001736506212	-74.28798841972976
531.0030986924248	-74.2362217446435
531.0044608786377	-74.18671423418803
531.00688459025	-74.1024386253661
531.0108046776514	-73.97511273419492
531.0178241354071	-73.76866428574988
531.0248435931627	-73.58441755717084
531.0318630509183	-73.4172181852813
531.038882508674	-73.2635387251741
531.0505364770806	-73.03078587465758
531.0621904454873	-72.82124018066297
531.073844413894	-72.62982791107648
531.0936400084187	-72.33612618270142
531.1134356029434	-72.0726612074962
531.1469352618637	-71.67506177369913
531.1804349207841	-71.31796948397549
531.2139345797045	-70.98893202950559
531.2474342386249	-70.68221920549611
531.2809338975453	-70.39445998046281
531.3364284696206	-69.95306635387561
531.3919230416959	-69.54762238457994
531.4474176137712	-69.17159299109589
531.5351288072876	-68.62725544361469
531.622840000804	-68.13342615375075
531.7553913123123	-67.4634203058635
531.8879426238207	-66.86615044901811
532.020493935329	-66.32622289746371
532.1530452468373	-65.832289127504
532.2855965583457	-65.37583666882857
532.496762956882	-64.71058915310297
532.7079293554183	-64.10633635832679
533.0282982432199	-63.27868473530479
533.3486671310214	-62.53552111519964
533.669036018823	-61.862341476766716
533.9894049066246	-61.24483705152706
534.3097737944262	-60.67045099190106
534.6301426822278	-60.132268922117014
534.9505115700293	-59.62752835000334
535.2708804578309	-59.14882210419809
535.5912493456325	-58.69089436260207
535.9116182334341	-58.251075444140454
536.2319871212356	-57.83470932244747
536.5523560090372	-57.42539013206643
536.8727248968388	-57.01641885367042
537.1930937846404	-56.60388010941279
537.513462672442	-56.217552981080686
537.7510078870528	-55.94316791346597
537.9885531016636	-55.6437612196608
538.2260983162744	-55.32284205697169
538.4636435308852	-55.00441013753999
538.701188745496	-54.691351248212825
538.9387339601068	-54.34304653853787
539.1762791747176	-53.9371611694137
539.4138243893284	-53.49720243397321
539.6513696039392	-53.01555309423179
539.88891481855	-52.4446926271877
539.9483011222027	-52.277270584046505
540.0076874258554	-52.097803241461854
540.067073729508	-51.905498046275675
540.1264600331607	-51.69787551634675
540.1858463368134	-51.47163797416659
540.245232640466	-51.22439251364546
540.3046189441187	-50.94918982434113
540.3640052477714	-50.63754977000089
540.4233915514241	-50.28052750270833
540.4827778550767	-49.8653155169181
540.5421641587294	-49.36773510899299
540.6015504623821	-48.74758110678274
540.6609367660348	-47.94156516468076
540.7203230696874	-46.82476772050285
540.7607933641302	-45.75062591004731
540.801263658573	-44.188667083062626
540.8267067314595	-42.7595924031686
540.8521498043459	-40.693006883614515
540.8672675992726	-38.97712582448244
540.8780699231188	-37.42943753962132
540.888872246965	-35.55373742157987
540.8996745708112	-33.31884910986821
540.9104768946573	-30.724953383568394
540.9212792185035	-27.790282304706086
540.9292195099059	-25.4205427090435
540.9371598013083	-22.852780595674826
540.9451000927107	-20.056501691115113
540.9530403841131	-16.996417228002997
540.9609806755155	-13.640495250411691
540.968920966918	-9.967242570344546
540.9768612583204	-5.978581508377606
540.9848015497228	-1.7169598704389633
540.9927418411252	2.7198006558228585
541.0006821325276	7.1900734645333655
541.00862242393	11.534169937809098
541.0165627153324	15.601647583427875
541.0245030067348	19.27419935564108
541.0324432981372	22.484068324779322
541.0403835895396	25.217997942736936
541.048323880942	27.50307946698515
541.0562641723444	29.38591150689672
541.0642044637468	30.91844066949533
541.0721447551492	32.152372764438155
541.0800850465516	33.1367614620171
541.0921507826021	34.25065377506258
541.1042165186525	35.01210521577531
541.1162822547029	35.5147367720408
541.1283479907534	35.82674224671945
541.1404137268038	35.996560035231276
541.1524794628542	36.05644015946376
541.1645451989046	36.02663153623017
541.1766109349551	35.920585613608154
541.1886766710055	35.74846266806251
541.2007424070559	35.51807689452854
541.2128081431064	35.235302571070925
541.2248738791568	34.905211026327194
541.2369396152072	34.532959895652674
541.2490053512577	34.12353640913565
541.2610710873081	33.68107767751191
541.2731368233585	33.20875728886016
541.285202559409	32.70912495575041
541.2972682954594	32.18430497706146
541.3093340315098	31.635984717503753
541.3213997675603	31.065475988287464
541.3334655036107	30.473897909297694
541.3455312396611	29.862320033060495
541.3575969757115	29.23180702959855
541.369662711762	28.583422610086142
541.3817284478124	27.918220810831002
541.3937941838628	27.237224741355806
541.4058599199133	26.5414211642495
541.4243797796356	25.446858970811896
541.442899639358	24.323223421559526
541.4614194990803	23.17393778768486
541.4799393588027	22.002270503853435
541.498459218525	20.81125937442791
541.5169790782473	19.603665375934476
541.5354989379697	18.381953944814434
541.554018797692	17.148308832824824
541.5725386574144	15.904673440413115
541.5910585171367	14.652799350857972
541.6095783768591	13.39428176806747
541.6280982365814	12.13057834660789
541.6466180963038	10.863019568689435
541.6750207020423	8.914306675763086
541.7034233077808	6.963187788418719
541.7318259135193	5.012874708157752
541.7602285192578	3.0658978861277526
541.7886311249963	1.1240950258547715
541.8170337307348	-0.8113597549654241
541.8454363364733	-2.7398491215612664
541.8738389422118	-4.661090234609197
541.9022415479503	-6.574790315172221
541.9306441536888	-8.480382534748346
541.9590467594273	-10.37677154249142
541.9874493651658	-12.263308654740943
542.0158519709044	-14.134144604333347
542.0442545766429	-15.977000381450258
542.0726571823814	-17.792600290457237
542.1010597881199	-19.58438078673829
542.1294623938584	-21.354532293657453
542.1578649995969	-23.105306128357054
542.1862676053354	-24.843257175062867
542.2146702110739	-26.577139406229524
542.2582545486371	-29.245418856418546
542.3018388862002	-31.93383865548711
542.3454232237634	-34.64768129200845
542.3890075613266	-37.36880159977403
542.4325918988898	-40.054461256812026
542.476176236453	-42.65995161773071
542.5197605740161	-45.15452841096505
542.5633449115793	-47.50666166516213
542.6069292491425	-49.65286824661609
542.6505135867056	-51.53904287194649
542.6940979242688	-53.1389046990102
542.737682261832	-54.4595588861429
542.7812665993952	-55.529858011313095
542.8248509369583	-56.3875653060604
542.8684352745215	-57.07125307911259
542.9120196120847	-57.616237607388385
542.9556039496479	-58.0528811202188
542.999188287211	-58.40619830366772
543.0683020163675	-58.84215642162665
543.137415745524	-59.17572563385094
543.2065294746805	-59.445625335225095
543.3166219880034	-59.80231414397203
543.4267145013263	-60.11068461573413
543.5368070146492	-60.39187731485729
543.6468995279721	-60.65321495006134
543.756992041295	-60.89667483870543
543.8670845546179	-61.123595459560015
543.9771770679408	-61.33579559601363
544.1480305663345	-61.63907967568411
544.4104472283068	-62.034894859564304
544.6728638902791	-62.34503032002957
544.9352805522515	-62.61461490846522
545.1976972142238	-62.813341602573296
545.4601138761961	-62.922232222211825
545.7225305381685	-62.968293273934286
545.9849472001408	-62.983917252710896
546.2473638621132	-62.97484910019337
546.5097805240855	-62.93511820710319
546.7721971860578	-62.86633673874733
547.0346138480302	-62.77640438242363
547.2970305100025	-62.67080278662246
547.7026698860878	-62.47986207722193
548.1083092621732	-62.26301802805618
548.5139486382585	-62.028393247169426
548.9195880143438	-61.78170472639652
549.3252273904292	-61.5270853072161
549.7308667665145	-61.26781888143281
550.4084498577508	-60.831353720887996
551.0860329489872	-60.39918706774572
551.7636160402235	-59.977679892216855
552.4411991314598	-59.57060231898725
553.6575668034114	-58.88002043505837
554.8739344753631	-58.24392845984428
556.0903021473147	-57.64956257643931
557.3066698192663	-57.11020824654482
558.5230374912179	-56.58851111123839
559.7394051631695	-56.09593937133479
560.9557728351211	-55.593260351292585
561.259864753109	-55.47294452688938
561.5639566710969	-55.356890439448925
561.8680485890848	-55.242943937949825
562.1721405070726	-55.116344659985714
562.4762324250605	-54.9830681858007
562.7803243430484	-54.838740226939564
563.0844162610363	-54.7061244164012
563.3885081790241	-54.57835869781362
563.692600097012	-54.4367701418294
563.9966920149999	-54.28399583657387
564.3007839329878	-54.13099785724602
564.6048758509756	-53.97117596353987
564.9089677689635	-53.791785207766594
565.2130596869514	-53.596226586766164
565.5171516049393	-53.39101703162611
565.8212435229271	-53.16194178521118
566.125335440915	-52.88613180309496
566.4294273589029	-52.56581476805103
566.7335192768908	-52.16841212006052
567.0376111948787	-51.655541838751695
567.1136341743756	-51.49929227929824
567.1896571538726	-51.32516402012388
567.2656801333696	-51.13149217372661
567.3932529678303	-50.751220352660624
567.520825802291	-50.27635975113894
567.6483986367517	-49.647956256806694
567.7759714712124	-48.75647682987427
567.8078646798276	-48.471408779386344
567.8397578884428	-48.14498954911129
567.871651097058	-47.76855946766715
567.889141837768	-47.5366224454324
567.9066325784779	-47.282783367420784
567.9375474914169	-46.767742352786094
567.9684624043559	-46.1414832481145
567.999377317295	-45.357164057307024
568.0187539080274	-44.7547999039983
568.0381304987599	-44.03273265339759
568.0575070894923	-43.14469464763879
568.0768836802248	-42.018480060074964
568.0882583963722	-41.20667488979431
568.0996331125197	-40.24344280858183
568.1110078286671	-39.085271867033526
568.1223825448145	-37.679089514226
568.1290580029405	-36.71580112214312
568.1357334610665	-35.63643936556735
568.1424089191925	-34.43189450681931
568.1490843773184	-33.0964438781084
568.1557598354444	-31.628124430426688
568.1624352935704	-30.027913316663412
568.1691107516964	-28.297888105099023
568.1757862098224	-26.438480636360055
568.1824616679484	-24.44687141871228
568.1891371260743	-22.315727246796424
568.1958125842003	-20.033322394129083
568.2024880423263	-17.58500389921836
568.2135426177351	-13.133056596043511
568.224597193144	-8.166191258934152
568.2356517685528	-2.7247517805327957
568.2467063439616	3.0081103692435556
568.2577609193704	8.721571011529239
568.2688154947792	14.06603946390438
568.279870070188	18.770888207704054
568.2909246455969	22.706004567772467
568.3019792210057	25.8705872111514
568.3130337964145	28.34356044893381
568.3240883718233	30.23595766916004
568.3351429472322	31.66072157840812
568.346197522641	32.71826167473302
568.3572520980498	33.491607438075796
568.3683066734586	34.04651584719698
568.3793612488674	34.433501658136386
568.3904158242763	34.690040330823834
568.4014703996851	34.8430765916136
568.4125249750939	34.911491202886225
568.4235795505027	34.908340992109316
568.4346341259115	34.84266603290253
568.4456887013204	34.7213792009696
568.4567432767292	34.549865115960344
568.467797852138	34.33274510912051
568.4788524275468	34.074249656862584
568.4899070029556	33.77833833753571
568.5009615783645	33.44866522633058
568.5120161537733	33.08849275631748
568.5230707291821	32.7006166770741
568.5341253045909	32.287338951020125
568.5451798799998	31.850504583541596
568.5562344554086	31.391588909605417
568.5672890308174	30.911803978280528
568.5783436062262	30.412195040920366
568.589398181635	29.89371238362724
568.6004527570439	29.35725708191773
568.6115073324527	28.803705347484264
568.6225619078615	28.233918016061885
568.6336164832703	27.648742323594373
568.6504208520105	26.73158719831084
568.6672252207507	25.78367135128899
568.6840295894908	24.807819381664284
568.700833958231	23.806778887955957
568.7176383269712	22.7832081688915
568.7344426957113	21.739658096406448
568.7512470644515	20.678533193144876
568.7680514331917	19.60204513227277
568.7848558019318	18.512190734425467
568.801660170672	17.410764517906085
568.8184645394122	16.299388801070826
568.844426859318	14.566189371808445
568.8703891792238	12.817631758413695
568.8963514991297	11.057984417828779
568.9223138190355	9.291014797719683
568.9482761389413	7.520034268365738
568.9742384588471	5.747894923674326
569.000200778753	3.9769636137629156
569.0261630986588	2.209104974983612
569.0521254185646	0.44569229183457015
569.0780877384705	-1.3123632836534203
569.1040500583763	-3.064543587045275
569.1300123782821	-4.81061435227888
569.155974698188	-6.550387571955056
569.1819370180938	-8.283433620034083
569.2078993379996	-10.008992764876789
569.2338616579054	-11.726124825103694
569.2598239778113	-13.433959542622079
569.2857862977171	-15.119971840697911
569.3117486176229	-16.78222210934174
569.3377109375288	-18.42267275172348
569.3636732574346	-20.042272076271303
569.3896355773404	-21.64114830162529
569.4306586526184	-24.136375372992102
569.4716817278963	-26.609638232938337
569.5127048031743	-29.078452678586036
569.5537278784523	-31.557539360471132
569.5947509537302	-34.048563112258776
569.6357740290082	-36.540535590952345
569.6767971042862	-39.00676228907734
569.7178201795641	-41.411389964450905
569.7588432548421	-43.72066358976622
569.79986633012	-45.915905275537746
569.840889405398	-47.9694156125577
569.881912480676	-49.83676318496381
569.9229355559539	-51.482251698764074
569.9639586312319	-52.89457625597572
570.0049817065099	-54.08461420980941
570.0460047817878	-55.07554693471568
570.0870278570658	-55.895091486410905
570.1280509323437	-56.57117696312571
570.1690740076217	-57.12972709524956
570.2100970828997	-57.59357864865062
570.2759592408003	-58.18706549091784
570.3418213987009	-58.647287245275564
570.4076835566015	-59.0185394910703
570.473545714502	-59.33034949977404
570.5394078724026	-59.601977710286796
570.6052700303032	-59.845898945867766
570.6711321882038	-60.0701597289364
570.7769363012319	-60.40310089715134
570.88274041426	-60.71257581930929
571.0499381920854	-61.164162547591054
571.2171359699108	-61.5709238558236
571.3843337477363	-61.95308839365627
571.5515315255617	-62.295104403788095
571.7187293033871	-62.57139803762691
571.8859270812126	-62.794110463756674
572.053124859038	-62.996555292413554
572.2203226368634	-63.18640884041178
572.3875204146889	-63.34581190047105
572.5547181925143	-63.467109976161936
572.7219159703398	-63.56347141841559
572.8891137481652	-63.64711673391879
573.0563115259906	-63.71587415525623
573.2235093038161	-63.76377343011486
573.3907070816415	-63.792780614494504
573.5579048594669	-63.809380190190936
573.7251026372924	-63.816278986182695
573.8923004151178	-63.812178085397335
574.0594981929432	-63.79671299255738
574.2266959707687	-63.77193421811716
574.4791233335287	-63.719365772577255
574.7315506962888	-63.65221296158866
574.9839780590488	-63.57344747294377
575.2364054218089	-63.48461097155411
575.7073042116529	-63.29720379958153
576.1782030014969	-63.08863795788325
576.6491017913409	-62.86510436423417
577.1200005811849	-62.633365040829766
577.5908993710289	-62.39886182842664
578.3089567003473	-62.04265080987969
579.0270140296657	-61.69435192154734
579.7450713589841	-61.359306982998056
580.4631286883025	-61.040754856461156
581.1811860176209	-60.7398553391493
581.8992433469393	-60.45679618509611
583.1641220953863	-60.003060995755135
584.4290008438334	-59.603135949383045
585.6938795922804	-59.25502616306256
586.9587583407274	-58.94566623293212
588.2236370891744	-58.68382388346365
589.4885158376214	-58.45471172759733
590.7533945860685	-58.2669225477466
592.0182733345155	-58.09754961668429
593.2831520829625	-57.93829567403472
594.5480308314095	-57.80416122631804
595.8129095798565	-57.6798624224204
597.0777883283035	-57.593526071161634
598.3426670767506	-57.52374592969077
599.6075458251976	-57.47095794904087
600.8724245736446	-57.40723534868763
602.1373033220916	-57.36097008181777
603.4021820705386	-57.35097619772686
604.6670608189856	-57.34982625369726
605.9319395674327	-57.37896778534299
607.1968183158797	-57.374862991773455
608.0414042547758	-57.35795024004685
608.8859901936719	-57.35605341256058
609.730576132568	-57.3653061404055
610.5751620714641	-57.40049182102104
611.4197480103602	-57.422706190692956
612.2643339492563	-57.420827667717155
613.1089198881524	-57.42674046522686
613.9535058270485	-57.444895586842435
614.7980917659446	-57.47239439156214
615.6426777048407	-57.49360734946131
616.4872636437368	-57.501484640989325
617.3318495826329	-57.496760527618385
618.6223386054527	-57.516616118949806
619.9128276282725	-57.58793776577151
621.2033166510922	-57.68655947079064
622.493805673912	-57.706448577376435
623.327317949821	-57.68626946046726
624.16083022573	-57.692015571820505
624.994342501639	-57.706607085528915
625.827854777548	-57.743999399892154
626.4069777319194	-57.75707926337724
626.9861006862907	-57.754235784956116
627.565223640662	-57.7545038958869
628.1443465950333	-57.76419703220953
628.7234695494046	-57.77849449696846
629.3025925037759	-57.803035594943246
629.8817154581473	-57.817152275315614
630.4608384125186	-57.82051644686852
631.0399613668899	-57.81547187535109
631.6190843212612	-57.835244561015145
632.1982072756325	-57.85679198823462
632.7773302300038	-57.86194493359574
633.3564531843751	-57.86740013053548
633.9355761387465	-57.86241808245544
634.5146990931178	-57.8878338253611
635.0938220474891	-57.91138137624767
635.6729450018604	-57.91338090363122
636.2520679562317	-57.91852511515711
636.831190910603	-57.92872979786282
637.4103138649743	-57.94663577008228
637.9894368193457	-57.96097195069688
638.568559773717	-57.96537907254084
639.1476827280883	-57.95755965131597
639.7268056824596	-57.96146234946567
640.3059286368309	-57.97426647062902
640.8850515912022	-57.990474757690784
641.4641745455735	-57.98986462757295
642.0432974999449	-57.996221542726495
642.6224204543162	-57.99062435665353
643.2015434086875	-58.024471608563665
643.5881075461192	-58.04373257847908
643.9746716835509	-58.04025142057516
644.3612358209826	-58.033601956790775
644.7477999584144	-58.02147648526767
645.1343640958461	-58.03101315714769
645.5209282332778	-58.045606579588345
645.9074923707095	-58.062734591988836
646.2940565081412	-58.06044479574353
646.680620645573	-58.063801228598535
647.0671847830047	-58.07072952651529
647.4537489204364	-58.08600894260912
647.8403130578681	-58.09050546280303
648.2268771952998	-58.092323255213955
648.6134413327316	-58.07837510645661
649.0000054701633	-58.072129453845314
649.386569607595	-58.08064796147938
649.7731337450267	-58.08887639882323
650.1596978824584	-58.098920679328906
650.5462620198902	-58.09876269076204
650.9328261573219	-58.10723131177088
651.3193902947536	-58.11630693817678
651.7059544321853	-58.12646882835831
652.092518569617	-58.12746180968104
652.4790827070487	-58.131032515651476
652.8656468444805	-58.13551370750584
653.2522109819122	-58.143136848275574
653.6387751193439	-58.14618058180732
654.0253392567756	-58.14877504940327
654.4119033942073	-58.144381836773604
654.7984675316391	-58.15013859044112
655.1850316690708	-58.15809166180536
655.5715958065025	-58.16725467334739
655.9581599439342	-58.16664525037831
656.3447240813659	-58.16892979581
656.7312882187977	-58.16330377125348
657.1178523562294	-58.173384754253966
657.5044164936611	-58.18458346348203
657.8909806310928	-58.196526726072804
658.2775447685245	-58.19354409335436
658.6641089059563	-58.19563080877692
659.050673043388	-58.2004500366074
659.4372371808197	-58.21062042013192
659.8238013182514	-58.21266105122724
660.2103654556831	-58.21327547087529
660.5969295931149	-58.21426644301382
660.9834937305466	-58.221167053921874
661.3700578679783	-58.224882689194395
661.75662200541	-58.2256459529468
662.1431861428417	-58.21802820841897
662.5297502802734	-58.22186748435382
662.9163144177052	-58.22943912636007
663.3028785551369	-58.23722288576773
663.6894426925686	-58.23466616007863
664.0760068300003	-58.23548877126519
664.462570967432	-58.230761579127204
664.8491351048638	-58.24024986220649
665.2356992422955	-58.2327708867266
665.6222633797272	-58.2245226766209
666.0088275171589	-58.214082192619465
666.3953916545906	-58.22385644037316
666.7819557920224	-58.238536647317446
667.1685199294541	-58.24374198041451
667.5550840668858	-58.244204913121706
667.9416482043175	-58.23698827476437
668.3282123417492	-58.242669361484666
668.714776479181	-58.24486291769942
669.1013406166127	-58.25848687052166
669.4879047540444	-58.267933324194004
669.8744688914761	-58.267107887789656
670.2610330289078	-58.26691010545365
670.6475971663396	-58.26161408555329
671.0341613037713	-58.265983383210084
671.420725441203	-58.2644563778591
671.8072895786347	-58.27602497738548
672.1938537160664	-58.28542185708462
672.5804178534981	-58.29469295030368
672.9669819909299	-58.29092667694873
673.3535461283616	-58.29266600953744
673.7401102657933	-58.296522396708745
674.126674403225	-58.30450285346345
674.5132385406567	-58.306819206155275
674.8998026780885	-58.305604917323706
675.2863668155202	-58.299513895932634
675.6729309529519	-58.30226026172927
676.0594950903836	-58.30167082454954
676.4460592278153	-58.30059233271252
676.8326233652471	-58.29566626256584
677.2191875026788	-58.29823039725875
677.6057516401105	-58.300550088023144
677.9923157775422	-58.31078072884558
678.3788799149739	-58.305721615528505
678.7654440524057	-58.2994518614288
679.1520081898374	-58.294341642996216
679.5385723272691	-58.302898384993824
679.9251364647008	-58.304555705768095
680.3117006021325	-58.31469541240725
680.6982647395643	-58.305238556398436
681.084828876996	-58.297229708261916
681.4713930144277	-58.302781051370296
681.8579571518594	-58.310168837269885
682.2445212892911	-58.31388276195728
682.6310854267228	-58.31329278255819
683.0176495641546	-58.31104069236892
683.4042137015863	-58.31453919855589
683.790777839018	-58.32056376382707
684.1773419764497	-58.32662539160858
684.5639061138814	-58.325095343175526
684.9504702513132	-58.32692734674975
685.3370343887449	-58.32665164882031
685.7235985261766	-58.335033452942774
686.1101626636083	-58.34191991058911
686.49672680104	-58.34796062490576
686.8832909384718	-58.34650929198402
687.2698550759035	-58.34836313208838
687.6564192133352	-58.34217303163992
688.0429833507669	-58.3379413247763
688.4295474881986	-58.33476575591489
688.8161116256304	-58.34089148986239
689.2026757630621	-58.34204823228238
689.5892399004938	-58.35000453955953
689.9758040379255	-58.35636789658794
690.3623681753572	-58.364112407467516
690.748932312789	-58.362395721919576
691.1354964502207	-58.362997456513206
691.5220605876524	-58.36505155588953
691.9086247250841	-58.37180407724579
692.2951888625158	-58.373204585105256
692.6817529999475	-58.3727296003724
693.0683171373793	-58.36453938317995
693.454881274811	-58.36851561411643
693.8414454122427	-58.375351728443526
694.2280095496744	-58.38202119724706
694.6145736871061	-58.37824915592603
695.0011378245379	-58.3780279910238
695.3877019619696	-58.37177109473151
695.7742660994013	-58.37908495367801
696.160830236833	-58.37089588101899
696.5473943742647	-58.36251365010174
696.9339585116965	-58.35177909480486
697.3205226491282	-58.35919993107216
697.7070867865599	-58.37129444967235
698.0936509239916	-58.3752640232463
698.4802150614233	-58.37460206474218
698.866779198855	-58.36724843411837
699.2533433362868	-58.3710555854463
699.6399074737185	-58.372996848184336
700.0264716111502	-58.38350136968078
700.4130357485819	-58.37411231809058
700.7995998860137	-58.36521700120074
701.1861640234454	-58.358433266134746
701.5727281608771	-58.36824245022531
701.9592922983088	-58.36863071110347
702.3458564357405	-58.36598300618115
702.7324205731722	-58.360353275879426
703.118984710604	-58.36540182913277
703.5055488480357	-58.368264496363366
703.8921129854674	-58.37993861727204
704.2786771228991	-58.37401356958136
704.6652412603308	-58.36734759583489
705.0518053977626	-58.35889431197369
705.4383695351943	-58.35966271531201
705.824933672626	-58.36315589272378
706.2114978100577	-58.37463519031509
706.5980619474894	-58.37492111789531
706.9846260849212	-58.37204955785943
707.3711902223529	-58.367808565566015
707.7577543597846	-58.37372430116035
708.1443184972163	-58.37639402142647
708.530882634648	-58.385785938048514
708.9174467720798	-58.379930438132
709.3040109095115	-58.374121683658565
709.6905750469432	-58.3667726676885
710.0771391843749	-58.373843211333316
710.4637033218066	-58.3752811046731
710.8502674592384	-58.37498900177857
711.2368315966701	-58.368514655968475
711.6233957341018	-58.37118501643348
712.0099598715335	-58.37435365795282
712.3965240089652	-58.389395343225075
712.783088146397	-58.383622587892134
713.1696522838287	-58.37484903296632
713.5562164212604	-58.378170667367876
713.9427805586921	-58.386028257959715
714.3293446961238	-58.39819730621728
714.7159088335555	-58.39536823458594
715.1024729709873	-58.39665960350104
715.489037108419	-58.38883556137294
715.8756012458507	-58.4008755393826
716.2621653832824	-58.412364968702306
716.6487295207141	-58.411546675835375
717.0352936581459	-58.40937489577737
717.4218577955776	-58.4006253998518
717.8084219330093	-58.404281641396764
718.194986070441	-58.402167498831005
718.5815502078727	-58.413322042216116
718.9681143453045	-58.42131372194743
719.3546784827362	-58.43009286454526
719.7412426201679	-58.42560472080425
720.1278067575996	-58.42572972263623
720.5143708950313	-58.427338503131686
720.900935032463	-58.42575164685132
721.2874991698948	-58.42602889119329
721.6740633073265	-58.42014087341284
722.0606274447582	-58.420673922070854
722.4471915821899	-58.4173766552027
722.8337557196216	-58.4153031462244
723.2203198570534	-58.40976664839236
723.6068839944851	-58.41111545268257
723.9934481319168	-58.41193416068699
724.3800122693485	-58.42148727478643
724.7665764067802	-58.416673518718405
725.153140544212	-58.41026326527811
725.5397046816437	-58.40380078310858
725.9262688190754	-58.410309576217706
726.3128329565071	-58.41130800151339
726.6993970939388	-58.420312542270686
727.0859612313706	-58.41064372256826
727.4725253688023	-58.4020276945688
727.859089506234	-58.392192393573936
728.2456536436657	-58.40007158377476
728.6322177810974	-58.41164875491102
729.0187819185292	-58.4150584411816
729.4053460559609	-58.41414946095706
729.7919101933926	-58.40656426307475
730.1784743308243	-58.409749655947664
730.565038468256	-58.41149888213115
730.9516026056878	-58.42152565835478
731.3381667431195	-58.41231778656119
731.7247308805512	-58.40350386428041
732.1112950179829	-58.39692421699759
732.4978591554146	-58.405866896717924
732.8844232928463	-58.40589323902734
733.2709874302781	-58.4163671385601
733.6575515677098	-58.42451246074327
734.0441157051415	-58.43495760728317
734.4306798425732	-58.430671416221514
734.817243980005	-58.42977803018509
735.2038081174367	-58.431219742608384
735.5903722548684	-58.43993876634173
735.9769363923001	-58.440833452443485
736.3635005297318	-58.43564430410781
736.7500646671635	-58.425951199108134
737.1366288045953	-58.42626381239984
737.523192942027	-58.42835087594996
737.9097570794587	-58.43516307659213
738.2963212168904	-58.42709342041931
738.6828853543221	-58.41922325226034
739.0694494917539	-58.41490161078422
739.4560136291856	-58.42138347804077
739.8425777666173	-58.42073339942568
740.229141904049	-58.42647006569375
740.6157060414807	-58.4193316399255
741.0022701789125	-58.42843949979624
741.3888343163442	-58.438015347252396
741.7753984537759	-58.436470939637
742.1619625912076	-58.43392781640108
742.5485267286393	-58.42360360587811
742.935090866071	-58.42606203665736
743.3216550035028	-58.42251818635918
743.7082191409345	-58.419152277557885
744.0947832783662	-58.4211934046168
744.4813474157979	-58.42297907493657
744.8679115532296	-58.43016500183225
745.2544756906614	-58.42901509001567
745.6410398280931	-58.43053512644279
746.0276039655248	-58.43220802219014
746.4141681029565	-58.43840213688493
746.8007322403882	-58.43843813099375
747.18729637782	-58.437206786703506
747.5738605152517	-58.427617834844916
747.9604246526834	-58.431059881111366
748.3469887901151	-58.437128205652286
748.7335529275468	-58.44275501806621
749.1201170649786	-58.43738562504554
749.5066812024103	-58.436070516050485
749.893245339842	-58.429150440654766
750.2798094772737	-58.43556888742222
750.6663736147054	-58.426441083435364
751.0529377521372	-58.41738802328873
751.4395018895689	-58.406697031045375
751.8260660270006	-58.406387347732185
752.2126301644323	-58.4086219045654
752.599194301864	-58.4181276393179
752.9857584392958	-58.416499916862406
753.3723225767275	-58.41279498934508
753.7588867141592	-58.40735800539041
754.1454508515909	-58.4112213149829
754.5320149890226	-58.41228390706912
754.9185791264543	-58.421165428862764
755.3051432638861	-58.414657391747646
755.6917074013178	-58.407441803831766
756.0782715387495	-58.39944733533889
756.4648356761812	-58.40602999138108
756.8513998136129	-58.406695074282545
757.2379639510447	-58.41823816911933
757.6245280884764	-58.426519983306655
758.0110922259081	-58.43552510425978
758.3976563633398	-58.43096875786171
758.7842205007715	-58.430391796068854
759.1707846382033	-58.43194112148247
759.557348775635	-58.430555607608596
759.9439129130667	-58.43047264114073
760.3304770504984	-58.4238836329673
760.7170411879301	-58.424211559371464
761.1036053253619	-58.42735172262301
761.4901694627936	-58.43353673107016
761.8767336002253	-58.431815918112456
762.263297737657	-58.430255866511175
762.6498618750887	-58.4228947637126
763.0364260125205	-58.428006430181306
763.4229901499522	-58.42353781422746
763.8095542873839	-58.43078664366372
764.1961184248156	-58.43692799180159
764.5826825622473	-58.44750002143775
764.969246699679	-58.44372607267222
765.3558108371108	-58.44160420786096
765.7423749745425	-58.440788529370266
766.1289391119742	-58.44819919448397
766.5155032494059	-58.44928506604592
766.9020673868376	-58.446344199696114
767.2886315242694	-58.44235114579318
767.6751956617011	-58.44593588993684
768.0617597991328	-58.44814641317938
768.4483239365645	-58.445841789319296
768.8348880739962	-58.434615081087045
769.221452211428	-58.434405709675545
769.6080163488597	-58.43869536994741
769.9945804862914	-58.44195609883634
770.3811446237231	-58.436298926589124
770.7677087611548	-58.43426180304057
771.1542728985866	-58.43097361433889
771.5408370360183	-58.4363072483565
771.92740117345	-58.429037334084626
772.3139653108817	-58.43282386850662
772.7005294483134	-58.421497937045984
773.0870935857452	-58.433504533789424
773.3551795973543	-58.44401961488902
773.6232656089635	-58.44156272410893
773.8913516205727	-58.4353283236349
774.1594376321818	-58.42609154146854
774.427523643791	-58.425205173028026
774.6956096554002	-58.426600559417544
774.9636956670093	-58.431803904685516
775.2317816786185	-58.4294840066772
775.4998676902277	-58.42883811207507
775.7679537018369	-58.42538159893256
776.036039713446	-58.42853299798836
776.3041257250552	-58.426535028924334
776.5722117366644	-58.42830139636206
776.8402977482735	-58.4242617057166
777.1083837598827	-58.427204836530805
777.3764697714919	-58.42406255411226
777.644555783101	-58.42706787178299
777.9126417947102	-58.422127659585534
778.1807278063194	-58.42555864732613
778.4488138179286	-58.42099403321204
778.7168998295377	-58.41634130999984
778.9849858411469	-58.41128923672559
779.2530718527561	-58.4130340529462
779.5211578643653	-58.41521741821819
779.7892438759744	-58.42036059874081
780.0573298875836	-58.4194158490553
780.3254158991928	-58.42010072114905
780.5935019108019	-58.417474479882934
780.8615879224111	-58.420353582934126
781.1296739340203	-58.41882895573596
781.3977599456294	-58.4212173233229
781.6658459572386	-58.41798561682012
781.9339319688478	-58.41485730885051
782.202017980457	-58.41214731101226
782.4701039920661	-58.413540650150736
782.7381900036753	-58.41489348491701
783.0062760152845	-58.41795693744171
783.2743620268936	-58.41771228926862
783.5424480385028	-58.41849222942446
783.810534050112	-58.41700856337697
784.0786200617212	-58.415853957108645
784.3467060733303	-58.414950400196766
784.6147920849395	-58.415786490888344
785.0918390747798	-58.41686052549891
785.5688860646202	-58.417524922739574
786.0459330544605	-58.41843428844998
787.0808774506786	-58.41952597763422
788.1158218468967	-58.41307279660213
789.1507662431147	-58.41528467887308
790.1857106393328	-58.41885745627426
791.2206550355509	-58.42543751002826
792.8501734921017	-58.42576612932457
794.4796919486525	-58.42321337096365
796.1092104052034	-58.420946341368555
797.7387288617542	-58.42143474785173
799.3682473183051	-58.422053389547344
802.866749751068	-58.42543772138679
806.365252183831	-58.42508108011881
809.863754616594	-58.425088056363066
818.2750128834934	-58.42635590843166
832.1307974713874	-58.42934879680641
845.9865820592813	-58.43398209950691
859.8423666471753	-58.436465331188444
873.6981512350692	-58.43987358702613
887.5539358229631	-58.44168342718215
901.4097204108571	-58.44511866465424
915.265504998751	-58.446284795096986
929.1212895866449	-58.44929690284614
930.9999999999793	-58.44912506660738
931.0000000000103	-58.44912506660738
931.0008682486779	-58.48577697035341
931.0017364973454	-58.520656060971014
931.0030989928923	-58.57241542901976
931.0044614884392	-58.621907806686664
931.0068855014079	-58.70613338292228
931.0108075090992	-58.83338913028852
931.0178277088232	-59.03954568292779
931.0248479085473	-59.223435426073614
931.0318681082713	-59.39024215565477
931.0388883079953	-59.543517289491575
931.0505424321696	-59.775606471606025
931.0621965563438	-59.98454505828278
931.073850680518	-60.175424057373405
931.0936455702667	-60.468395527794435
931.1134404600155	-60.7313262066506
931.1471144453973	-61.130256141587864
931.1807884307791	-61.48850475719055
931.2144624161609	-61.81840357589267
931.2481364015428	-62.125607699207634
931.2818103869246	-62.41340126794003
931.3377385813268	-62.8548275574345
931.393666775729	-63.25868854375665
931.4495949701312	-63.631586243136624
931.5383165358238	-64.1699516466799
931.6270381015164	-64.6543685450802
931.7607561238381	-65.30334712474878
931.8944741461597	-65.87542646706524
932.0281921684814	-66.38742931287715
932.161910190803	-66.8517089278982
932.2956282131247	-67.27740766442254
932.5054963470237	-67.8837418280197
932.7153644809227	-68.42987128250086
933.0330522282954	-69.16930863215651
933.3507399756681	-69.82666707001897
933.6684277230408	-70.41688118465946
933.9861154704136	-70.95128073291536
934.3038032177863	-71.44121873014191
934.621490965159	-71.89549296075657
934.9391787125317	-72.31807489338627
935.48113990575	-72.97423911427695
936.0231010989683	-73.55662557465186
936.5650622921866	-74.07871222916242
937.1070234854049	-74.55020852683037
937.6489846786232	-74.97955985087177
938.4780924654915	-75.56373810954301
939.3072002523598	-76.07142322848557
940.1363080392282	-76.51585983159767
940.9654158260965	-76.90582706806477
941.7945236129649	-77.24706612756194
943.074810332243	-77.69211852045248
944.3550970515212	-78.05174884456905
945.6353837707993	-78.33770802403015
946.9156704900774	-78.55959633422792
948.1959572093556	-78.72540783873615
950.1637425849052	-78.8868756469529
952.1315279604548	-78.95366407864164
954.0993133360045	-78.94294067962258
956.0670987115541	-78.86946013346872
958.0348840871037	-78.74637419933248
961.127584842577	-78.48007743651794
966.0125635928895	-77.95635011339004
970.897542343202	-77.39601487995164
975.7825210935144	-76.86584641577016
980.6674998438269	-76.395878372748
985.5524785941394	-76.00305311049948
990.4374573444519	-75.68914660829998
995.3224360947644	-75.43449721932993
998.4841683637189	-75.29890563746876
1001.6459006326735	-75.18739458010462
1004.807632901628	-75.0962203945668
1007.9693651705826	-75.02067876814334
1011.1310974395371	-74.95690250607042
1014.2928297084917	-74.9019732353935
1017.4545619774462	-74.85549458392858
1020.6162942464008	-74.81641814495686
1023.7780265153554	-74.78265630392934
1025.985434473099	-74.76206813816228
1028.1928424308428	-74.74368895856556
1030.4002503885865	-74.72706758958434
1032.6076583463303	-74.71179988943712
1034.815066304074	-74.69754681136706
1038.1424637050136	-74.67803487319065
1041.4698611059532	-74.66073222364439
1044.7972585068928	-74.64515245975377
1048.1246559078324	-74.63072953489606
1051.452053308772	-74.61732200435902
1054.7794507097117	-74.60472924298394
1058.1068481106513	-74.59276876121133
1061.434245511591	-74.58154692130472
1064.7616429125305	-74.57093461658762
1068.0890403134702	-74.56078178366523
1071.4164377144098	-74.55117421249982
1074.7438351153494	-74.54198280855704
1078.071232516289	-74.53315368136916
1081.3986299172286	-74.5247971966832
1084.7260273181682	-74.5167631133014
1088.0534247191079	-74.50907551910291
1091.3808221200475	-74.50183900233849
1094.708219520987	-74.49482283209777
1098.0356169219267	-74.48815145159327
1101.3630143228663	-74.48194271413645
1104.690411723806	-74.4759574492293
1108.0178091247456	-74.47032719743694
1111.3452065256852	-74.46497344854815
1114.6726039266248	-74.45980435392364
1118.0000013275644	-74.45492496229416
1121.327398728504	-74.45024613970318
1124.6547961294436	-74.44565783836157
1127.9821935303833	-74.44139668486582
1130.999999999975	-74.43774043569483
1131.0000000000127	-74.43774043569483
