t	v
0.0	-80.0
7.274241735607149e-05	-79.99943121357069
0.0010885719742489452	-79.99165288722314
0.0034907539469347555	-79.97372486693047
0.005892935919620566	-79.95608991410863
0.010200954959392387	-79.92490388271929
0.01720870718477252	-79.87511215346406
0.030373726443892045	-79.78373206550188
0.04353874570301157	-79.69445088702538
0.056703764962131094	-79.60663605458636
0.06986878422125062	-79.51992873784829
0.08965970326209947	-79.39119719401953
0.10945062230294833	-79.26418573427554
0.12924154134379717	-79.1386992046561
0.16222132710531648	-78.93266679137653
0.19520111286683578	-78.73022695460091
0.258823521958698	-78.34914055139879
0.32244593105056024	-77.97965697594802
0.3860683401424225	-77.62110958571458
0.4496907492342847	-77.27301363540867
0.513313158326147	-76.93493375823424
0.6368547136425602	-76.3056373311626
0.7603962689589734	-75.71013827711103
0.8839378242753866	-75.14634008480832
1.0074793795917998	-74.61250270787284
1.131020934908213	-74.10711028146878
1.2545624902246262	-73.62878355004489
1.451961793579374	-72.91755274012428
1.649361096934122	-72.26734145290105
1.8467604002888698	-71.67367172404062
2.144475480741022	-70.87626242511227
2.4421905611931742	-70.18522662679588
2.7399056416453265	-69.58887462650183
3.228418191860192	-68.78833667593327
3.716930742075058	-68.17457944742308
4.205443292289924	-67.7140230936749
4.693955842504789	-67.37866283239376
5.182468392719655	-67.14525505627203
5.670980942934521	-66.99459559622406
6.434348071957829	-66.88782649551781
7.197715200981137	-66.89760192985113
7.961082330004445	-66.9898528986925
8.724449459027753	-67.13916126995632
9.48781658805106	-67.32677111687418
10.251183717074369	-67.53904403387962
11.014550846097677	-67.76608193482853
11.777917975120985	-68.00088723012544
12.979460289818256	-68.3744944898776
14.181002604515527	-68.74266154602034
15.382544919212798	-69.09926432704502
16.58408723391007	-69.44034219696941
17.78562954860734	-69.76408017917176
20.13054588103822	-70.34313182191146
22.4754622134691	-70.85521081641386
24.82037854589998	-71.30824694507874
27.16529487833086	-71.70530011544766
29.510211210761742	-72.05207477516204
31.855127543192623	-72.3549477806579
34.2000438756235	-72.61552349143285
36.54496020805438	-72.84008834383461
38.889876540485254	-73.03535454573247
43.207529650345684	-73.32165033200029
47.525182760206114	-73.53470906130697
51.842835870066544	-73.69344494128634
56.160488979926974	-73.81163594590163
60.478142089787404	-73.89799506213431
64.79579519964784	-73.95979513701663
69.11344830950827	-74.00534892668183
73.4311014193687	-74.03898371861789
77.74875452922913	-74.06263869640146
82.06640763908956	-74.08113748788298
86.38406074894999	-74.09615571009665
90.70171385881042	-74.10576579850431
95.01936696867085	-74.11334917292308
99.33702007853128	-74.12125107661463
103.65467318839171	-74.12541551025622
107.97232629825214	-74.12785463220017
112.28997940811257	-74.133026851988
116.607632517973	-74.13574971334054
120.92528562783343	-74.13732389314107
125.24293873769386	-74.1402678601572
129.5605918475543	-74.14167898187017
133.87824495741472	-74.14256471467021
138.19589806727515	-74.14422226159779
145.80784206851496	-74.14484969413958
153.41978606975476	-74.14613824619867
161.03173007099457	-74.14863676820647
174.23475693628782	-74.148316748822
187.43778380158108	-74.15330961665053
200.64081066687433	-74.1508988310063
213.84383753216758	-74.14453702555352
220.51621865137835	-74.15180584464689
227.18859977058912	-74.15276836496767
233.8609808897999	-74.15426021893606
236.81780489403587	-74.15529571288569
239.77462889827183	-74.15554418870582
242.73145290250778	-74.15559164473002
250.43707943473902	-74.15551117050221
268.674933314057	-74.1553652054479
283.181877757832	-74.15633097856154
297.688822201607	-74.15605516212031
312.19576664538204	-74.155365515469
339.4869504957372	-74.1581536663472
346.30974645832595	-74.1563818598126
353.1325424209147	-74.15640019273782
359.9553383835035	-74.15727292389788
366.77813434609226	-74.1571615287429
373.60093030868103	-74.15657815230506
384.57565303600967	-74.1571880795018
395.5503757633383	-74.1571059304553
406.52509849066695	-74.15656252251507
424.619343835529	-74.15759152392671
442.713589180391	-74.15727348929077
460.80783452525304	-74.15580712226094
496.39972127325257	-74.15942751371489
505.0497909549365	-74.15735747232121
513.6998606366204	-74.1566772553284
522.3499303183044	-74.15950676217155
530.9999999999882	-74.15761141934765
531.0000000000059	-74.15761141934765
531.000006198049	-74.15671804844794
531.0000321616619	-74.15299466318078
531.0002754094994	-74.11942047310751
531.0005186573369	-74.08692013271646
531.0010360859399	-74.02033011543999
531.0015535145428	-73.95647279676102
531.0027718096403	-73.81394501505137
531.0039901047378	-73.67976303376189
531.0052083998353	-73.55138293650539
531.0064266949328	-73.42736101598352
531.0076449900303	-73.30687549945628
531.0098378030353	-73.09710655137087
531.0120306160404	-72.89539457237346
531.0156041225969	-72.580895916615
531.0191776291533	-72.28112114227986
531.0254106321488	-71.78634903512798
531.0316436351443	-71.31948405492787
531.0378766381398	-70.87458938760328
531.0441096411353	-70.44786082891406
531.0503426441308	-70.03652860727382
531.0600881001966	-69.41958450939592
531.0698335562624	-68.8291387749042
531.0795790123283	-68.26080288294388
531.0944188899207	-67.43141741897732
531.1092587675131	-66.63896642516616
531.1240986451055	-65.87815417284929
531.1509695087104	-64.56848092249348
531.1778403723154	-63.33334750945454
531.2047112359203	-62.162048517990456
531.2315820995252	-61.045833425500426
531.2584529631301	-59.97754919075887
531.2853238267351	-58.95184820744102
531.3299116713188	-57.33285474838648
531.3744995159025	-55.8047055557907
531.4190873604862	-54.354705490992735
531.4636752050699	-52.97062541695779
531.5082630496536	-51.63999490445261
531.5769474998953	-49.662352779613194
531.6456319501369	-47.715427585310664
531.7143164003786	-45.70578916369648
531.7830008506203	-43.481022402674796
531.851685300862	-40.757478444844494
531.8950745069478	-38.54636973659519
531.9384637130337	-35.62974926179505
531.9679619466367	-32.98983436313525
531.9974601802397	-29.488549390943785
532.0269584138427	-24.64729188442136
532.0564566474458	-17.784345890145207
532.0737233835947	-12.56573373857567
532.0909901197437	-6.434716035724895
532.1025112502957	-1.9196550256417486
532.1140323808478	2.7791343827137585
532.1255535113999	7.473816410416708
532.1370746419519	11.97663019538998
532.148595772504	16.123248610077926
532.1601169030561	19.80615489427802
532.1716380336081	22.983362798818124
532.1831591641602	25.66102602003106
532.1946802947123	27.874115406507784
532.2062014252643	29.671124202881256
532.2177225558164	31.10307726095482
532.2292436863685	32.21698038113806
532.2407648169205	33.05342174008538
532.2522859474726	33.64687030779147
532.2638070780247	34.0270211750047
532.2753282085768	34.22000543720968
532.2868493391288	34.24921044605781
532.2983704696809	34.13578805936267
532.309891600233	33.898934600084594
532.321412730785	33.55601575995777
532.3329338613371	33.12261924736094
532.3444549918892	32.612545886262836
532.3559761224412	32.03788288157054
532.3674972529933	31.409076400176986
532.3790183835454	30.73512048678781
532.3905395140974	30.023753930176483
532.398528374528	29.512063067421952
532.4065172349586	28.987560647419567
532.4145060953892	28.452006777764925
532.4224949558198	27.906973741863947
532.4304838162504	27.353861531111967
532.438472676681	26.793912336139435
532.4464615371116	26.22822283576881
532.4544503975422	25.657755713838487
532.4671181502108	24.745413329187315
532.4797859028794	23.82595695670958
532.4924536555479	22.90161001501918
532.5051214082165	21.97414543399417
532.5177891608851	21.044987442541256
532.5304569135536	20.115286840676113
532.5431246662222	19.18598059176084
532.5557924188907	18.257839253303693
532.5684601715593	17.33150262195745
532.5811279242279	16.407507412483103
532.5937956768964	15.486309127497991
532.606463429565	14.568298823479612
532.6191311822336	13.653815823311284
532.6317989349021	12.743157598562332
532.6444666875707	11.836587364161025
532.6571344402392	10.934339370612904
532.6698021929078	10.036622187904424
532.6824699455764	9.14362089158855
532.6951376982449	8.255499061557336
532.7161983074307	6.790145995812975
532.7372589166164	5.339231799498675
532.7583195258021	3.9031753644738356
532.7793801349878	2.4822629560516867
532.8004407441736	1.0766160814991523
532.8215013533593	-0.3138275869183877
532.842561962545	-1.6893175875386046
532.8636225717307	-3.050282181228177
532.8846831809165	-4.397309190580182
532.9057437901022	-5.731119692315903
532.9268043992879	-7.052543443830266
532.9478650084736	-8.362501802860248
532.9689256176594	-9.661878405771974
532.9899862268451	-10.951353308323558
533.0110468360308	-12.230946780572625
533.0321074452165	-13.497271269212296
533.0531680544022	-14.746201804309639
533.074228663588	-15.976714989922181
533.0952892727737	-17.188346266244256
533.1163498819594	-18.379967182011786
533.1374104911451	-19.55096903964986
533.1584711003309	-20.70223007231837
533.1795317095166	-21.835336919468457
533.2005923187023	-22.951930054237295
533.221652927888	-24.05347158809212
533.2427135370738	-25.1413840116687
533.2637741462595	-26.217141812822806
533.2848347554452	-27.282192146157
533.3058953646309	-28.337800032812915
533.3269559738167	-29.384935246668427
533.3480165830024	-30.424211344476532
533.3690771921881	-31.455836750266847
533.3901378013738	-32.47955864157789
533.4111984105596	-33.494613777329
533.4322590197453	-34.499705245491036
533.464876499824	-36.03226898490861
533.4974939799026	-37.52761226597472
533.5301114599813	-38.97483839829005
533.56272894006	-40.362377109555226
533.5953464201386	-41.68024230302721
533.6279639002173	-42.92198431791721
533.660581380296	-44.08862889355261
533.6931988603747	-45.18023321408282
533.7258163404533	-46.193469484207135
533.758433820532	-47.126552991949545
533.7910513006107	-47.981082524229066
533.8236687806893	-48.75968443331901
533.856286260768	-49.464798047966376
533.8889037408467	-50.09960421748148
533.9215212209253	-50.66877083379327
533.954138701004	-51.17800777593635
533.9867561810827	-51.63320985802535
534.0193736611614	-52.03996391780102
534.05199114124	-52.40345789765121
534.0846086213187	-52.72850613735645
534.1172261013974	-53.019529425008365
534.149843581476	-53.28050669545932
534.1824610615547	-53.51495720501149
534.2150785416334	-53.725965998689404
534.247696021712	-53.916228569748725
534.2803135017907	-54.08809500754117
534.3129309818694	-54.24360399088332
534.345548461948	-54.384523521822935
534.3952435218797	-54.57458420540482
534.4449385818114	-54.73879881291645
534.494633641743	-54.88073753703003
534.5443287016747	-55.00326815437676
534.5940237616063	-55.10871017399667
534.643718821538	-55.198947388545726
534.6934138814696	-55.275503196263855
534.7431089414013	-55.33964175980503
534.7928040013329	-55.392427358706
534.8424990612646	-55.434761550435525
534.8921941211962	-55.467419993481066
534.9418891811279	-55.49108391896883
534.9915842410595	-55.50636025338782
535.0412793009912	-55.513793998048456
535.0909743609228	-55.5138783628182
535.1406694208545	-55.50706400585649
535.1903644807861	-55.493765917585186
535.2400595407178	-55.47436382867972
535.2897546006494	-55.44920900255016
535.3394496605811	-55.418627220965796
535.3891447205127	-55.382919691856195
535.4388397804444	-55.342363612743306
535.488534840376	-55.2972165814499
535.5382299003077	-55.24771586030483
535.5879249602393	-55.19407922493309
535.6691703288025	-55.09798620892354
535.7504156973656	-54.99214607311518
535.8316610659288	-54.87726409784796
535.9129064344919	-54.75395978523156
536.0355513746518	-54.55302747010486
536.1581963148118	-54.335747422113016
536.2808412549717	-54.10352520982186
536.4034861951317	-53.85754394168604
536.5261311352916	-53.59880009215274
536.6487760754516	-53.328120270142655
536.8405150793811	-52.88247803487431
537.0322540833107	-52.410937369426016
537.3245234303172	-51.64332143828775
537.6167927773237	-50.81381197640839
537.9090621243301	-49.91190747382647
538.2013314713366	-48.910301314860874
538.4936008183431	-47.76038844889584
538.7858701653496	-46.3514357978509
539.0781395123561	-44.43595732455324
539.1512068491077	-43.82416835499891
539.2242741858593	-43.108864181294244
539.2973415226109	-42.26253504120908
539.3704088593624	-41.24613367423169
539.443476196114	-39.98909360931113
539.5165435328656	-38.36511542172803
539.5896108696172	-36.15700986880523
539.6626782063688	-32.97380434425855
539.707192018645	-30.27418658974001
539.7517058309211	-26.686762314543053
539.7962196431972	-21.9020819205589
539.8260654097651	-17.889933401322484
539.8559111763329	-13.250858259322953
539.8764428503521	-9.784061295519558
539.8969745243712	-6.223453188335267
539.9175061983904	-2.6992276135156157
539.9380378724095	0.6611516960072299
539.9585695464286	3.754750225243197
539.9791012204478	6.518374719574395
539.9996328944669	8.925042472208467
540.020164568486	10.971115040349453
540.0406962425052	12.666299173190415
540.0612279165243	14.028942816149028
540.0817595905435	15.08319347007971
540.1022912645626	15.85614238597505
540.1157998378509	16.225026734185313
540.1293084111392	16.492090197455084
540.1428169844274	16.66483045395314
540.1563255577157	16.75073417425102
540.169834131004	16.75712124124791
540.1833427042923	16.69086089148568
540.1968512775805	16.558177794752034
540.2103598508688	16.36463454215673
540.2238684241571	16.115232999569347
540.232638492759	15.925573471043943
540.2414085613608	15.715460625309753
540.2501786299626	15.485997513723214
540.2589486985645	15.238218550857868
540.2677187671663	14.973092511133476
540.2764888357682	14.691527456106707
540.28525890437	14.394375467870407
540.2940289729719	14.082437580452183
540.3027990415737	13.756469706121912
540.3167673080958	13.21009321803246
540.3307355746178	12.632684149274994
540.3447038411399	12.026830637152045
540.358672107662	11.395011557888646
540.372640374184	10.7396198582283
540.3866086407061	10.062962453762587
540.4005769072281	9.367250935511976
540.4145451737502	8.65459170853353
540.4285134402722	7.926978472729337
540.4424817067943	7.186286715694275
540.4564499733164	6.434269384299637
540.4704182398384	5.672554197118025
540.4843865063605	4.902643515395931
540.4983547728825	4.125916756692598
540.5123230394046	3.343634838334355
540.5262913059266	2.556946516426949
540.5402595724487	1.7668966378123587
540.5542278389707	0.9744363307270242
540.5681961054928	0.18043405718189823
540.5821643720149	-0.6143144328072866
540.6032761860426	-1.8153142479534716
540.6243880000704	-3.014081828353148
540.6454998140982	-4.208600061544119
540.666611628126	-5.397077905373379
540.6877234421538	-6.577942687802449
540.7088352561816	-7.749857363534706
540.7299470702094	-8.911739412004277
540.7510588842372	-10.062720048969355
540.772170698265	-11.202051225306212
540.7932825122928	-12.328944074364257
540.8143943263206	-13.44140349989532
540.8355061403483	-14.537580327570183
540.8566179543761	-15.61691285073854
540.8777297684039	-16.67874099211129
540.8988415824317	-17.72182924322474
540.9199533964595	-18.745660201783874
540.9410652104873	-19.750907027483528
540.9621770245151	-20.738355070918146
540.9832888385429	-21.708123091447963
541.0044006525707	-22.660116402699128
541.0255124665985	-23.59467110299503
541.0466242806262	-24.512448950021447
541.067736094654	-25.413958073747057
541.0888479086818	-26.29941915144387
541.1099597227096	-27.168989993064464
541.1310715367374	-28.022917270177366
541.1521833507652	-28.861456169895778
541.173295164793	-29.684750124859974
541.1944069788208	-30.49282599652789
541.2155187928486	-31.28564528225511
541.2366306068764	-32.06312012733262
541.2577424209042	-32.82509361757288
541.2788542349319	-33.5713271692852
541.2999660489597	-34.30151184313691
541.3210778629875	-35.01528790481622
541.3421896770153	-35.71226071520432
541.3633014910431	-36.39201400818991
541.3844133050709	-37.054124767331736
541.4055251190987	-37.698182350212214
541.4266369331265	-38.32381324726775
541.4477487471543	-38.93070471251515
541.468860561182	-39.518624608176665
541.4899723752098	-40.0874458425984
541.5110841892376	-40.6371801945201
541.5321960032654	-41.16802947884002
541.5533078172932	-41.68037862186374
541.574419631321	-42.17470491824114
541.5955314453488	-42.65159787214128
541.6166432593766	-43.11170981269473
541.6377550734044	-43.55559630221889
541.6588668874322	-43.98375579851639
541.67997870146	-44.39666822347846
541.7125256279714	-45.004260603290156
541.7450725544829	-45.57777683776392
541.7776194809944	-46.118618852108156
541.8101664075059	-46.62813934542463
541.8427133340174	-47.10764474875844
541.8752602605289	-47.55851597586769
541.9078071870404	-47.98222011005931
541.9403541135518	-48.380247945516274
541.9729010400633	-48.75407591294058
542.0054479665748	-49.10515818652135
542.0379948930863	-49.43491555899781
542.0705418195978	-49.74471351565987
542.1030887461093	-50.03584337802863
542.1356356726208	-50.309515194754766
542.1681825991323	-50.566859499927986
542.2007295256437	-50.80893191410344
542.2332764521552	-51.03671691896574
542.2658233786667	-51.25112990465574
542.2983703051782	-51.45301883159881
542.3309172316897	-51.64316732083415
542.3634641582012	-51.82229903481219
542.3960110847127	-51.991081579285755
542.4285580112241	-52.15012920516261
542.4611049377356	-52.30000552896115
542.4936518642471	-52.44122748798684
542.5261987907586	-52.574270181672425
542.5587457172701	-52.69957140888122
542.5912926437816	-52.817535315971135
542.6238395702931	-52.92853544808964
542.6563864968045	-53.03291764199862
542.688933423316	-53.131002813565246
542.744406389121	-53.284507971773145
542.7998793549259	-53.4219261677985
542.8553523207308	-53.544453330341106
542.9108252865358	-53.65316000739525
542.9662982523407	-53.74901024826308
543.0217712181457	-53.83287585265802
543.0772441839506	-53.90554818265446
543.1327171497555	-53.96774820703271
543.1881901155605	-54.02013523295157
543.2436630813654	-54.06331485317913
543.2991360471704	-54.0978462106066
543.3546090129753	-54.12424809891616
543.4100819787802	-54.14300342736426
543.4655549445852	-54.15456221356362
543.5210279103901	-54.159343803376856
543.576500876195	-54.15773891925661
543.631973842	-54.150111664243255
543.6874468078049	-54.13680133395769
543.7429197736099	-54.118123981088495
543.7983927394148	-54.094373851467836
543.889659594099	-54.04497754154518
543.9809264487833	-53.9836970761914
544.0721933034675	-53.91151744900357
544.1634601581518	-53.82931379127057
544.310578559777	-53.67765421432606
544.4576969614022	-53.5047714941161
544.6048153630275	-53.3129865992445
544.7519337646527	-53.10423721261252
544.8990521662779	-52.88013842206272
545.1352161314504	-52.49155380980393
545.3713800966229	-52.07082224311974
545.6075440617955	-51.62039145275881
545.843708026968	-51.141168769786134
546.0798719921405	-50.632381721951475
546.4514063587109	-49.76424961201275
546.8229407252812	-48.78974953855976
547.1944750918516	-47.65139472656465
547.566009458422	-46.21967412463484
547.8061923422604	-45.00236441122996
548.0463752260988	-43.309346461317595
548.1064209470584	-42.76431513978379
548.166466668018	-42.14037619224546
548.2265123889775	-41.416587934358375
548.2865581099371	-40.5665274854034
548.3865225161616	-38.737822936867005
548.4546886929901	-37.04314389253831
548.5228548698186	-34.757688427918715
548.5910210466471	-31.52967861199921
548.6349068680286	-28.69397696395748
548.67879268941	-24.98095764684502
548.7226785107914	-20.17740209713034
548.7522841503339	-16.270193283949396
548.7818897898765	-11.906784725560243
548.811495429419	-7.289871973949567
548.8318714205627	-4.117892373619251
548.8522474117065	-1.06582255016043
548.8726234028502	1.783473494267017
548.8929993939939	4.3707204703042555
548.9133753851377	6.660053754916318
548.9337513762814	8.639230955416213
548.9541273674251	10.310511732753758
548.9745033585689	11.685036793467845
548.9948793497126	12.780258916770872
549.0152553408564	13.618112802742262
549.0356313320001	14.22286042647393
549.0560073231438	14.618966170812625
549.0702140252796	14.784254914869784
549.0844207274154	14.866718230154294
549.0986274295511	14.872901405427145
549.1128341316869	14.808739357669449
549.1270408338227	14.679560198265593
549.1412475359584	14.490145956349634
549.1554542380942	14.244836102056466
549.16966094023	13.947631408407771
549.1838676423657	13.602271266071574
549.1980743445015	13.2122790047301
549.2067178516285	12.954588163923892
549.2153613587554	12.682327036532213
549.2240048658824	12.396183259851318
549.2326483730094	12.09681551274947
549.2412918801364	11.784854432269347
549.2499353872633	11.460904499083494
549.2585788943903	11.125546925029177
549.2672224015173	10.779343295559448
549.2758659086443	10.422839236061401
549.2897481836178	9.830041064040921
549.3036304585913	9.214193357382674
549.3175127335649	8.577379633689722
549.3313950085384	7.921623850554798
549.3452772835119	7.248882131934387
549.3591595584854	6.561027402020574
549.373041833459	5.859834879869986
549.3869241084325	5.146972293076015
549.400806383406	4.423994656781881
549.4146886583795	3.6923421900008155
549.4285709333531	2.9533410232298536
549.4424532083266	2.208207242148269
549.4563354833001	1.458054255208671
549.4702177582736	0.7039028528347065
549.4841000332472	-0.053307680913863745
549.4979823082207	-0.812709557857657
549.5190002553642	-1.964845974784126
549.5400182025077	-3.1176243178737106
549.5610361496512	-4.268753600359266
549.5820540967946	-5.416166295375886
549.6030720439381	-6.558012543923153
549.6240899910816	-7.692681803171208
549.6451079382251	-8.818828974880741
549.6661258853686	-9.935364083651478
549.6871438325121	-11.041363215292742
549.7081617796556	-12.135985448835738
549.7291797267991	-13.217699230601806
549.7501976739426	-14.284685472188402
549.7712156210861	-15.336155726542684
549.7922335682296	-16.371582033179187
549.813251515373	-17.38996965708787
549.8342694625165	-18.39065452135931
549.85528740966	-19.373946248285858
549.8763053568035	-20.340489031240665
549.897323303947	-21.2904842096581
549.9183412510905	-22.22383707490627
549.939359198234	-23.140697703433496
549.9603771453775	-24.041523864511
549.981395092521	-24.926736917950915
550.0024130396645	-25.796539263481556
550.023430986808	-26.65103913541156
550.0444489339515	-27.490396659839483
550.065466881095	-28.314807607009143
550.0864848282384	-29.124416487803952
550.1075027753819	-29.919287535099002
550.1285207225254	-30.699430919276715
550.1495386696689	-31.46482204697529
550.1705566168124	-32.21539296656782
550.1915745639559	-32.951015974775885
550.2125925110994	-33.67150211214135
550.2336104582429	-34.37661533820417
550.2546284053864	-35.066088810151655
550.2756463525299	-35.739632689310895
550.2966642996734	-36.39693852890831
550.3176822468168	-37.037691643123864
550.3387001939603	-37.661594092867496
550.3597181411038	-38.268384203650704
550.3807360882473	-38.85784527060631
550.4017540353908	-39.429814977660016
550.4227719825343	-39.98421235479628
550.4437899296778	-40.52106734912213
550.4648078768213	-41.04053969926447
550.4858258239648	-41.54294902918834
550.5068437711083	-42.028735747631735
550.5278617182518	-42.49841494164382
550.5488796653952	-42.952582303786045
550.5807264539947	-43.612321898927284
550.6125732425941	-44.23921941786177
550.6444200311935	-44.834811862093474
550.6762668197929	-45.40047495348728
550.7081136083923	-45.9372929223133
550.7399603969917	-46.44621626319746
550.7718071855911	-46.92827521322596
550.8036539741905	-47.38461042809684
550.8355007627899	-47.8164006235892
550.8673475513893	-48.224822242670164
550.8991943399888	-48.611051315821975
550.9310411285882	-48.97626432287924
550.9628879171876	-49.32162294874617
550.994734705787	-49.64825359984401
551.0265814943864	-49.95723282924617
551.0584282829858	-50.249581755685924
551.0902750715852	-50.52626693065557
551.1221218601846	-50.78820318400439
551.153968648784	-51.03625492249137
551.1858154373834	-51.271235223104455
551.2176622259828	-51.493904838152055
551.2495090145823	-51.704973245742785
551.2813558031817	-51.905101345411
551.3132025917811	-52.09490385269167
551.3450493803805	-52.27495075960023
551.3768961689799	-52.445769108676814
551.4087429575793	-52.607846145819295
551.4405897461787	-52.761633325550214
551.4724365347781	-52.90754994867937
551.520431783193	-53.11344257076762
551.5684270316078	-53.30356277587315
551.6164222800227	-53.479011823959716
551.6644175284375	-53.64078887435094
551.7124127768524	-53.78980445790211
551.7604080252672	-53.92689013692786
551.8084032736821	-54.052806432881006
551.8563985220969	-54.16825046474566
551.9302276588162	-54.32685240290521
552.0040567955355	-54.46428908737766
552.0778859322547	-54.582430712525614
552.151715068974	-54.68294179603011
552.2255442056933	-54.767316297027776
552.2993733424125	-54.83690470912788
552.3732024791318	-54.8929334681359
552.4470316158511	-54.9365174148344
552.5208607525703	-54.968667583250465
552.5946898892896	-54.99029758547752
552.6685190260089	-55.00223092534285
552.7423481627281	-55.00520919493002
552.8161772994474	-54.999899924670125
552.8900064361667	-54.986903672127454
553.0018547634221	-54.95376593498471
553.1137030906775	-54.90587597764989
553.2255514179329	-54.844657406289556
553.3373997451883	-54.77135243215536
553.4492480724438	-54.68705843798939
553.5610963996992	-54.59275098015513
553.7337044489361	-54.429559185877174
553.9063124981731	-54.24735856219343
554.07892054741	-54.048493246392226
554.251528596647	-53.83496013362699
554.4241366458839	-53.60843765279411
554.5967446951208	-53.3703029753163
554.8867433722763	-52.94700645320536
555.1767420494318	-52.497605412995235
555.4667407265873	-52.023917002433116
555.7567394037428	-51.52595807601105
556.0467380808983	-51.001668643519835
556.3367367580538	-50.44638991017402
556.8225200173545	-49.42173477046251
557.3083032766551	-48.2043052146151
557.7940865359558	-46.59133024584375
557.915532350781	-46.07565885422245
558.0369781656061	-45.4757546771638
558.1584239804313	-44.76078219283062
558.2798697952564	-43.88324907253243
558.4013156100816	-42.76032932584027
558.5227614249068	-41.22289303418715
558.6442072397319	-38.92281178981418
558.6745686934382	-38.159738391628494
558.7049301471445	-37.28137793245041
558.7352916008508	-36.261418646124035
558.7656530545571	-35.06745538748141
558.8159074878872	-32.57274311412464
558.8661619212173	-29.14854937990717
558.9164163545474	-24.32093324019312
558.9478099315634	-20.373691691228224
558.9792035085793	-15.610242106955537
558.9984209869518	-12.330910862032217
559.0176384653244	-8.874061904646238
559.0368559436969	-5.344425719211323
559.0560734220694	-1.8560525360916065
559.0752909004419	1.4765629222873933
559.0945083788145	4.557426718375061
559.113725857187	7.3215697562760695
559.1329433355595	9.735604015035268
559.152160813932	11.791294159386243
559.1713782923046	13.498054793342076
559.1905957706771	14.876435909294639
559.2098132490496	15.952986152096178
559.2290307274221	16.756676332120612
559.2482482057947	17.316732302232747
559.2674656841672	17.66132317179898
559.2866831625397	17.81655157745968
559.3059006409122	17.805610341997742
559.3251181192848	17.64836738566317
559.3443355976573	17.361586667481916
559.3635530760298	16.959610269968042
559.3827705544023	16.45508044669197
559.4019880327749	15.859403122659918
559.4212055111474	15.182980596423393
559.4328199034426	14.739056217774886
559.4444342957378	14.271082754286617
559.456048688033	13.780923799788004
559.4676630803282	13.270358466170846
559.4792774726234	12.741087515796046
559.4908918649186	12.194728567160563
559.5025062572138	11.632803795119408
559.514120649509	11.056730311936718
559.5257350418042	10.467819657692335
559.5373494340994	9.867286713033424
559.5489638263946	9.2562639461877
559.5605782186898	8.635815435399385
559.572192610985	8.00694646306631
559.5838070032802	7.370607643353891
559.5954213955754	6.72769553410422
559.6070357878706	6.079052587347461
559.6186501801658	5.425468017221114
559.630264572461	4.767679482861336
559.6418789647562	4.106374983529751
559.6619558855118	2.9567919904383464
559.6820328062674	1.8015999624606047
559.7021097270231	0.6434443514585567
559.7221866477787	-0.5153274928710665
559.7422635685343	-1.6726149084071704
559.76234048929	-2.8265353215312983
559.7824174100456	-3.97542126428918
559.8024943308012	-5.117832889181985
559.8225712515568	-6.252573740655964
559.8426481723125	-7.378702429347183
559.8627250930681	-8.495534879334157
559.8828020138237	-9.602631479432876
559.9028789345793	-10.699681707443425
559.922955855335	-11.786416314756995
559.9430327760906	-12.862278789446457
559.9631096968462	-13.92546569072057
559.9831866176019	-14.975003204760664
560.0032635383575	-16.01046586987939
560.0233404591131	-17.031286900820533
560.0434173798687	-18.03687918678437
560.0634943006244	-19.02700935730054
560.08357122138	-20.001813847898088
560.1036481421356	-20.96156671296358
560.1237250628913	-21.90652356173242
560.1438019836469	-22.83692298418853
560.1638789044025	-23.753037428856395
560.1839558251581	-24.655187217823478
560.2040327459138	-25.543717836235114
560.2241096666694	-26.418972042991463
560.244186587425	-27.281271565973597
560.2642635081806	-28.13090447973204
560.2843404289363	-28.96811346222627
560.3044173496919	-29.793080995686108
560.3244942704475	-30.605915194976692
560.3445711912032	-31.406639226653265
560.3646481119588	-32.19518540257756
560.3847250327144	-32.971393958341615
560.40480195347	-33.73501580822219
560.4248788742257	-34.4857192686733
560.4449557949813	-35.22310179392415
560.4650327157369	-35.94670615116284
560.4968311908858	-37.063370758540266
560.5286296660347	-38.14221104831323
560.5604281411836	-39.181217538734984
560.5922266163325	-40.178655499344565
560.6240250914814	-41.133292486261105
560.6558235666303	-42.04476085522472
560.6876220417792	-42.913789684090446
560.719420516928	-43.742060204089114
560.7512189920769	-44.53052927154869
560.7830174672258	-45.279681896773816
560.8148159423747	-45.990371550726884
560.8466144175236	-46.66371085636165
560.8784128926725	-47.30064797713604
560.9102113678214	-47.90203494048723
560.9420098429703	-48.46894655938736
560.9738083181192	-49.00278381137578
561.005606793268	-49.505145174026275
561.0374052684169	-49.97768709567756
561.0692037435658	-50.42207362589783
561.1010022187147	-50.839968090875175
561.1328006938636	-51.23301288831396
561.1645991690125	-51.60279704250079
561.1963976441614	-51.95083150558131
561.2281961193103	-52.27854036639854
561.2599945944592	-52.5872624688587
561.291793069608	-52.878254282970005
561.3235915447569	-53.152689568883666
561.3553900199058	-53.411658065999454
561.3871884950547	-53.656167290311885
561.4189869702036	-53.88714659640676
561.4507854453525	-54.105452998387285
561.4825839205014	-54.31187416803188
561.5143823956503	-54.50713148014611
561.5461808707992	-54.69188506061465
561.577979345948	-54.866740330393974
561.6097778210969	-55.03225426722623
561.6415762962458	-55.18894042842674
561.6733747713947	-55.33727310745388
561.7218908953947	-55.54848122104887
561.7704070193947	-55.74268119947477
561.8189231433947	-55.921147127687014
561.8674392673947	-56.08502853649353
561.9159553913947	-56.23536835939858
561.9644715153947	-56.373113402653665
562.0129876393947	-56.4991249579859
562.0615037633947	-56.61418922760458
562.1361608732876	-56.77151293781957
562.2108179831805	-56.906970929898996
562.2854750930734	-57.022650543885895
562.3601322029663	-57.12039812062273
562.4347893128592	-57.20186220169471
562.509446422752	-57.268525460151
562.5841035326449	-57.32172464650564
562.6587606425378	-57.36266290113721
562.7334177524307	-57.392419262384
562.8080748623236	-57.411958634147275
562.8827319722164	-57.42214308273243
562.9573890821093	-57.42374325549685
563.0320461920022	-57.417448566658024
563.1067033018951	-57.40387615945856
563.181360411788	-57.383579495432116
563.2560175216809	-57.357056888791256
563.3306746315737	-57.3247594317259
563.4505698582243	-57.261804874908066
563.5704650848749	-57.18650557126676
563.6903603115254	-57.10020718686418
563.8767215234403	-56.946867331308745
564.0630827353552	-56.773531229107604
564.2494439472702	-56.58344960258923
564.4358051591851	-56.37931153200736
564.6221663711	-56.163395532882184
564.9139304206986	-55.80616244745336
565.2056944702973	-55.430723304070405
565.497458519896	-55.041536035983505
565.7892225694947	-54.64177627064945
566.2900605463378	-53.936937751258846
566.790898523181	-53.212478933352635
567.2917365000242	-52.46725716977476
567.7925744768673	-51.690456113709054
568.2934124537105	-50.86779830498152
568.7942504305537	-49.953871958288076
569.2950884073969	-48.884871349241195
569.4202979016077	-48.575918428478985
569.5455073958185	-48.24222321524361
569.6707168900293	-47.87704724190973
569.7959263842401	-47.47154993773931
569.921135878451	-47.01216845675152
570.1097174445832	-46.183209656357114
570.2982990107155	-45.080336435196536
570.4868805768477	-43.45102626540836
570.5340259683808	-42.91041021437007
570.5811713599138	-42.28245343690539
570.667530267415	-40.82027373308028
570.7538891749163	-38.721228189651015
570.8078995013606	-36.87331799107445
570.8619098278049	-34.32503499987999
570.9159201542492	-30.631949650765304
570.9498357152513	-27.40922450144056
570.9837512762534	-23.143506882734584
571.0068633171045	-19.49990572640916
571.0299753579555	-15.20731513017851
571.0530873988066	-10.335545715671488
571.0761994396577	-5.103956198950341
571.0993114805087	0.17087797659942724
571.1151466759628	3.624889048505835
571.1309818714169	6.8329757502645085
571.146817066871	9.72875058760997
571.1626522623251	12.279215472977793
571.1784874577792	14.478000556786615
571.1943226532333	16.336334588230333
571.2101578486873	17.875232925962447
571.2259930441414	19.120172876600613
571.2418282395955	20.09810627218149
571.2576634350496	20.83590962711318
571.2734986305037	21.3595093538182
571.2893338259578	21.69335510483835
571.3051690214119	21.860077631225142
571.321004216866	21.88018301481042
571.33683941232	21.771778281060396
571.3526746077741	21.550493862929127
571.3685098032282	21.229717166490882
571.3843449986823	20.821030137353304
571.4001801941364	20.334624452437332
571.4160153895905	19.779563494983098
571.4318505850446	19.16392737784308
571.4476857804987	18.494906701522567
571.4635209759527	17.778930953944847
571.4793561714068	17.021783263501398
571.4951913668609	16.228698691821013
571.511026562315	15.404432090794108
571.522050123316	14.814526129354585
571.5330736843171	14.212970018026509
571.5440972453181	13.601035001612674
571.5551208063191	12.979903183678342
571.5661443673201	12.350664041856415
571.5771679283212	11.71431107313169
571.5881914893222	11.071740924382896
571.5992150503232	10.423757905654911
571.6102386113242	9.771084508645522
571.6212621723253	9.1143754113292
571.6322857333263	8.454230985600045
571.6433092943273	7.791207440749038
571.6543328553283	7.1258231626750685
571.6653564163294	6.458562574047263
571.6820604525161	5.444890399501174
571.6987644887029	4.429400540921028
571.7154685248896	3.413412016316009
571.7321725610764	2.3981218980089616
571.7488765972631	1.3846129504094138
571.7655806334499	0.3738572773417866
571.7822846696366	-0.6332814265909166
571.7989887058234	-1.636047621474848
571.8156927420101	-2.633798247497965
571.8323967781969	-3.6260103705962137
571.8491008143836	-4.61228568091548
571.8658048505704	-5.592346654833682
571.8825088867571	-6.566025720474868
571.8992129229439	-7.533252826741978
571.9159169591306	-8.49404511214299
571.9326209953174	-9.448489528805979
571.9493250315041	-10.39669178800959
571.9660290676909	-11.338728948936394
571.9827331038776	-12.274665835617478
571.9994371400644	-13.203559429322715
572.0161411762512	-14.124368278551863
572.0328452124379	-15.036598308225669
572.0495492486247	-15.939819721095542
572.0662532848114	-16.83346603151649
572.0829573209982	-17.717096372511634
572.0996613571849	-18.590573476931457
572.1163653933717	-19.4539711208241
572.1330694295584	-20.307420935480852
572.1497734657452	-21.151063839691314
572.1750297017591	-22.40844869215773
572.200285937773	-23.644744234481717
572.2255421737868	-24.861051931802585
572.2507984098007	-26.05858474287631
572.2760546458146	-27.238538544425744
572.3013108818285	-28.401983118741008
572.3265671178424	-29.549772715716518
572.3518233538563	-30.682470901903535
572.3770795898702	-31.800289261000906
572.402335825884	-32.903043070302864
572.4275920618979	-33.99012682818993
572.4528482979118	-35.060515809913575
572.4781045339257	-36.11280428437289
572.5033607699396	-37.14528077657608
572.5286170059535	-38.156026106721306
572.5538732419674	-39.14301141158416
572.5791294779813	-40.10420803635705
572.6043857139952	-41.03772300092969
572.629641950009	-41.942017981396845
572.6548981860229	-42.81624360271817
572.6801544220368	-43.660464969355694
572.7054106580507	-44.47487430878209
572.7306668940646	-45.259036760838406
572.7559231300785	-46.012397280019584
572.7811793660924	-46.73464351013805
572.8064356021063	-47.42556724021398
572.8316918381202	-48.084982665137055
572.856948074134	-48.712892331241434
572.8822043101479	-49.30964155317272
572.9074605461618	-49.87590602927212
572.9327167821757	-50.41259089902257
572.9579730181896	-50.920752364947134
572.9832292542035	-51.401562752470376
573.0084854902174	-51.856285419962994
573.0337417262313	-52.28623892434102
573.0589979622451	-52.692757648349094
573.0975795976605	-53.27148677746345
573.1361612330758	-53.80312595276899
573.1747428684911	-54.291952205015605
573.2133245039064	-54.74189373210738
573.2519061393217	-55.15652102122523
573.290487774737	-55.53907185150043
573.3290694101523	-55.892469744983856
573.3676510455676	-56.21933448527776
573.406232680983	-56.52200056259996
573.4448143163983	-56.80254561684641
573.4833959518136	-57.062818268664536
573.5219775872289	-57.304460524379216
573.5605592226442	-57.52892952996927
573.5991408580595	-57.73752230443433
573.6377224934748	-57.93140038113475
573.6763041288901	-58.11160981060315
573.7148857643054	-58.279096047175685
573.7534673997208	-58.43471622068758
573.7920490351361	-58.57925040349123
573.8306306705514	-58.713411521348284
573.8692123059667	-58.837853271476824
573.9285191282282	-59.01155860369039
573.9878259504898	-59.165677123332316
574.0471327727513	-59.301953998735186
574.1064395950128	-59.42194196668677
574.1657464172744	-59.52703409219895
574.2250532395359	-59.61848720456164
574.2843600617974	-59.69743757120663
574.343666884059	-59.76491385521309
574.4029737063205	-59.8218498030578
574.462280528582	-59.86909574480904
574.5215873508436	-59.907427335237536
574.5808941731051	-59.93755154769974
574.6402009953666	-59.960111353958666
574.6995078176282	-59.97569041006997
574.7588146398897	-59.98481804121236
574.8181214621512	-59.98797416450261
574.8774282844128	-59.98559390102344
574.9367351066743	-59.97807195483004
574.9960419289358	-59.965766870618
575.0959215124124	-59.93510477678218
575.1958010958889	-59.893158396651735
575.2956806793654	-59.84114371011715
575.395560262842	-59.78011245852673
575.4954398463185	-59.7109836256751
575.6507472871396	-59.58924382502724
575.8060547279606	-59.45251929469871
575.9613621687816	-59.303118569484624
576.1166696096027	-59.14300421871973
576.2719770504237	-58.97386612932872
576.5092168421781	-58.701318900178315
576.7464566339326	-58.41549367325899
576.983696425687	-58.1199579050928
577.3737901194941	-57.62021846039173
577.7638838133012	-57.111330572949555
578.1539775071083	-56.5997328743173
578.5440712009154	-56.089647440220084
578.9341648947225	-55.58418737636337
579.3242585885296	-55.08483745274264
579.7143522823367	-54.59219364924938
580.3288378881813	-53.827253898818675
580.9433234940259	-53.07222807840578
581.5578090998705	-52.316092090811104
582.1722947057151	-51.545603492392715
582.7867803115597	-50.720201427814054
583.4012659174043	-49.79690787109595
583.5548873188654	-49.53658162264064
583.7085087203266	-49.25635007618216
583.8621301217877	-48.954513283612094
584.0157515232488	-48.62889657521338
584.1693729247099	-48.26649219391441
584.322994326171	-47.862500153864936
584.4766157276322	-47.385649951493775
584.6302371290933	-46.816799362612656
584.7838585305544	-46.11425920681107
584.9374799320155	-45.213507591124596
585.0911013334767	-43.94786163330195
585.1947937443169	-42.716945792813334
585.2984861551572	-40.945091090663745
585.3620010088347	-39.39895901482329
585.4255158625122	-37.23051403679259
585.4693355804345	-35.15617418994114
585.5131552983569	-32.32061765569552
585.5569750162792	-28.28795706984948
585.6007947342016	-22.39580669396516
585.6268029216677	-17.715351782035068
585.6528111091338	-12.080707970531954
585.6700430972862	-7.899964243274445
585.6872750854386	-3.5276529252489284
585.704507073591	0.8387382052694059
585.7217390617434	4.9920457172005674
585.7389710498958	8.776066223231778
585.7562030380482	12.104457169165418
585.7734350262006	14.941613899564267
585.790667014353	17.29413709934019
585.8078990025053	19.19467619250716
585.8251309906577	20.686928475019
585.8423629788101	21.81646333765215
585.8595949669625	22.626588877463647
585.8768269551149	23.158897223938496
585.8940589432673	23.452226734326093
585.9112909314197	23.54104522096471
585.9285229195721	23.455054044834398
585.9457549077244	23.21954689038198
585.9629868958768	22.85586010084775
585.9802188840292	22.38195650859074
585.9974508721816	21.813156904777532
586.014682860334	21.16274760949788
586.0319148484864	20.442241614279585
586.0491468366388	19.66158303970721
586.0663788247912	18.829323667707108
586.0836108129436	17.952919909118386
586.100842801096	17.038971118312798
586.1180747892483	16.09335097830349
586.129304629904	15.462563346194548
586.1405344705597	14.821859133258739
586.1517643112154	14.172445578981586
586.1629941518711	13.515439355864784
586.1742239925268	12.8518715592447
586.1854538331825	12.182684727813713
586.1966836738382	11.508728423446698
586.2079135144938	10.830757444290514
586.2191433551495	10.149436087278856
586.2303731958052	9.465348489059878
586.2416030364609	8.779012840585068
586.2528328771166	8.0908963948674
586.2640627177723	7.401428350890137
586.2814207892545	6.333978415737729
586.2987788607368	5.265618927208154
586.316136932219	4.197598208701038
586.3334950037013	3.1310638359517897
586.3508530751835	2.0670589910335844
586.3682111466658	1.0065092069059076
586.385569218148	-0.049790969862589345
586.4029272896303	-1.1011856691118262
586.4202853611125	-2.1471585331731293
586.4376434325948	-3.1873292211519897
586.455001504077	-4.2214465669712435
586.4723595755593	-5.249377216259128
586.4897176470415	-6.271091006644682
586.5070757185238	-7.286647326511735
586.524433790006	-8.296184825008849
586.5417918614883	-9.299896729747685
586.5591499329705	-10.297986886549545
586.5765080044528	-11.290604975437066
586.593866075935	-12.277872570385114
586.6112241474173	-13.25866034776944
586.6285822188995	-14.231608558096232
586.6459402903818	-15.196061529447888
586.663298361864	-16.151489696965804
586.6806564333463	-17.09719542611085
586.6980145048285	-18.032629178937864
586.7153725763108	-18.95764014899165
586.732730647793	-19.872375970572893
586.7500887192753	-20.777079380144592
586.7674467907575	-21.672011129128563
586.7848048622398	-22.55748147520086
586.802162933722	-23.43388152072092
586.8195210052043	-24.301670311099898
586.8368790766865	-25.161339332621694
586.8542371481687	-26.01338205479266
586.871595219651	-26.858275050046842
586.8889532911332	-27.696464230911324
586.9154845834686	-28.965541081781677
586.9420158758039	-30.220988353435278
586.9685471681393	-31.463478192882718
586.9950784604746	-32.693098120212326
587.0216097528099	-33.90927187840826
587.0481410451453	-35.110743638898754
587.0746723374806	-36.29561753795405
587.1012036298159	-37.461450977615584
587.1277349221513	-38.60538622746868
587.1542662144866	-39.724304905121286
587.1807975068219	-40.81502398620845
587.2073287991573	-41.87455838525644
587.2338600914926	-42.900653204285334
587.2603913838279	-43.89276591868489
587.2869226761633	-44.850212912947924
587.3134539684986	-45.77142066396646
587.3399852608339	-46.65482853984712
587.3665165531693	-47.499412004271285
587.3930478455046	-48.3044148832955
587.41957913784	-49.0692037205461
587.4461104301753	-49.79351765399325
587.4726417225106	-50.477713778897744
587.499173014846	-51.122738149761915
587.5397644860717	-52.03684235687753
587.5803559572975	-52.86828310136028
587.6209474285232	-53.623806404848935
587.661538899749	-54.310308481278945
587.7021303709747	-54.93447207723394
587.7427218422005	-55.50255755251042
587.7833133134262	-56.02029434856421
587.823904784652	-56.49285826339394
587.8644962558777	-56.92488867363127
587.9050877271035	-57.320509409632045
587.9456791983292	-57.68335546551514
587.986270669555	-58.01661808546919
588.0268621407807	-58.32310028066208
588.0674536120065	-58.60526512176281
588.1080450832322	-58.86527368641274
588.148636554458	-59.10502218177063
588.1892280256837	-59.326182288626256
588.2298194969095	-59.53023862457264
588.2704109681353	-59.718517471650266
588.311002439361	-59.892207920336894
588.3515939105868	-60.05237970103132
588.3921853818125	-60.199999493589395
588.4327768530383	-60.335944896165635
588.473368324264	-60.461015501628175
588.5139597954898	-60.57594188261906
588.5759452483311	-60.73337397932341
588.6379307011724	-60.87085414155993
588.6999161540137	-60.99027869097397
588.7619016068551	-61.0933340550962
588.8238870596964	-61.181531824741704
588.8858725125377	-61.25623174034982
588.9478579653791	-61.318658198500025
589.0098434182204	-61.369913887332615
589.0718288710617	-61.41099139060709
589.133814323903	-61.44278308155566
589.1957997767444	-61.4660901005624
589.2577852295857	-61.48163100544141
589.319770682427	-61.490050077682646
589.3817561352683	-61.49192510571314
589.4437415881097	-61.48777468378424
589.505727040951	-61.47806513012404
589.6055327121198	-61.45177238546008
589.7053383832887	-61.413671048499985
589.8051440544575	-61.365110276845414
589.9049497256264	-61.30724881528309
590.0047553967952	-61.241092307143724
590.1600609843046	-61.12364631353443
590.3153665718139	-60.99109492522852
590.4706721593233	-60.84591540088868
590.6259777468326	-60.69019369659438
590.781283334342	-60.525710110729165
591.0190932496089	-60.26026506794178
591.2569031648758	-59.98242409912948
591.4947130801427	-59.695903900261136
591.880558816676	-59.21995896774563
592.2664045532092	-58.73834013860847
592.6522502897425	-58.257591622557406
593.0380960262758	-57.78230288346485
593.423941762809	-57.315942406093136
593.8097874993423	-56.86067253534755
594.1956332358756	-56.41776353957934
594.8063601069348	-55.74324199332022
595.417086977994	-55.10167232792389
596.0278138490532	-54.491729451920435
596.6385407201125	-53.909458673587544
597.2492675911717	-53.35199602471021
597.8599944622309	-52.81153286848926
598.4707213332902	-52.2905237808892
599.0814482043494	-51.776314770775954
599.6921750754086	-51.260772383818036
600.3029019464678	-50.720575127873154
600.9136288175271	-50.1509507572704
601.0663105352919	-49.997894148870614
601.2189922530567	-49.83736244858306
601.3716739708216	-49.6709193776473
601.606949539283	-49.40262645237817
601.8422251077445	-49.11226389910087
602.077500676206	-48.78870317721339
602.3127762446675	-48.42633050397673
602.548051813129	-48.00106624530877
602.7833273815904	-47.48249048127127
603.0186029500519	-46.824951252989884
603.2538785185134	-45.91474187981102
603.3785040982632	-45.25740038140234
603.503129678013	-44.392940181764395
603.6277552577628	-43.18361803102366
603.6938080174151	-42.323132153534125
603.7598607770674	-41.21960869407743
603.8259135367197	-39.743504306206304
603.8649990774479	-38.615067578910065
603.9040846181762	-37.20986433725874
603.9431701589044	-35.41090733694917
603.9822556996327	-33.039725197822065
604.0050925213797	-31.291279042718326
604.0279293431266	-29.18078223145371
604.0507661648736	-26.611579487998522
604.0736029866206	-23.472580861909314
604.0964398083676	-19.645171271809538
604.1192766301145	-15.074236709876985
604.1317498065796	-12.28583459669906
604.1442229830446	-9.33568012927985
604.1566961595097	-6.269172425895688
604.1691693359747	-3.148775072782861
604.1816425124398	-0.04894103321217374
604.1941156889048	2.9562080501050847
604.2065888653699	5.805976540369522
604.219062041835	8.448589815658869
604.2315352183	10.853526861804529
604.244008394765	13.006861833590785
604.2564815712301	14.906772760781307
604.2689547476951	16.559838557213993
604.2814279241602	17.978191591026217
604.2939011006252	19.177268939930137
604.3063742770903	20.17410758980545
604.3188474535553	20.98616031460015
604.3313206300204	21.630546054495483
604.3437938064855	22.123607178150074
604.3562669829505	22.48065877351758
604.3687401594156	22.71584937372815
604.3812133358806	22.842020781546463
604.3936865123457	22.870878163213156
604.4061596888107	22.812807239855292
604.4186328652758	22.67697875894784
604.4311060417408	22.471444720036008
604.4435792182059	22.20337200754824
604.4560523946709	21.879098687860342
604.468525571136	21.504294916547423
604.480998747601	21.084063450175215
604.4934719240661	20.623005610058428
604.5059451005311	20.125268615496466
604.5184182769962	19.594586912221583
604.5308914534612	19.034326044454716
604.5433646299263	18.447530352056287
604.5558378063913	17.836969581721696
604.5683109828564	17.205178306519006
604.5807841593214	16.554485161981667
604.5932573357865	15.887032985922088
604.6057305122515	15.204793277182176
604.6182036887166	14.50957647041666
604.6259955072534	14.069457924628589
604.6337873257902	13.625310598064768
604.641579144327	13.177490230832724
604.6493709628638	12.72633575930948
604.6571627814006	12.272167940596576
604.6649545999375	11.815288280640269
604.6727464184743	11.355978318199943
604.6805382370111	10.894499193618206
604.6883300555479	10.431091601291023
604.6961218740847	9.965976293950671
604.7039136926215	9.49935523637111
604.7117055111584	9.031413365545081
604.7194973296952	8.562320779441045
604.7314989006992	7.837895109815234
604.7435004717032	7.111642720291077
604.7555020427072	6.384055032644653
604.7675036137113	5.655589147032766
604.7795051847153	4.926677421627342
604.7915067557193	4.197731590585846
604.8035083267233	3.469141616699138
604.8230463315169	2.2847217217685296
604.8425843363106	1.103608574090126
604.8621223411042	-0.0730072184148044
604.8816603458978	-1.2441777791371258
604.9011983506914	-2.409198553552016
604.920736355485	-3.567587201503739
604.9402743602786	-4.7190549120788425
604.9598123650723	-5.863480101778302
604.9793503698659	-7.000884964587676
604.9988883746595	-8.13141247465534
605.0184263794531	-9.255281423087347
605.0379643842467	-10.372720116026017
605.0575023890403	-11.483877827434739
605.077040393834	-12.588875965313639
605.0965783986276	-13.685622596965153
605.1161164034212	-14.772468681819978
605.1356544082148	-15.848716499379677
605.1551924130084	-16.91364156683436
605.174730417802	-17.966332620975695
605.1942684225957	-19.006235582535602
605.2138064273893	-20.03339426819971
605.2333444321829	-21.048212964709954
605.2528824369765	-22.051174683236617
605.2724204417701	-23.042763664659844
605.2919584465637	-24.02353711729345
605.3114964513574	-24.99413664319709
605.331034456151	-25.955248927769468
605.3505724609446	-26.907551821600865
605.3701104657382	-27.85167402643719
605.3896484705318	-28.788167177881146
605.4091864753254	-29.71748076658373
605.4287244801191	-30.639935669105693
605.4482624849127	-31.5556988361354
605.4785632554145	-32.96259814119117
605.5088640259164	-34.35239084916981
605.5391647964183	-35.72303143529629
605.5694655669201	-37.07145822806784
605.599766337422	-38.39372587761875
605.6300671079239	-39.68534510526537
605.6603678784257	-40.941638267384064
605.6906686489276	-42.158154446294304
605.7209694194295	-43.33172705387209
605.7512701899313	-44.461461781400686
605.7815709604332	-45.54572603698521
605.8118717309351	-46.5817822683834
605.842172501437	-47.567283334466275
605.8724732719388	-48.500919444724204
605.9027740424407	-49.382032095916095
605.9330748129426	-50.2104463199541
605.9633755834444	-50.986734087737815
605.9936763539463	-51.712377719008465
606.0239771244482	-52.3895981492224
606.05427789495	-53.02103577971821
606.0845786654519	-53.609500789886894
606.1148794359538	-54.15784066351248
606.1451802064556	-54.66887158060535
606.1754809769575	-55.14532594159506
606.2057817474594	-55.58980567681753
606.2360825179612	-56.00475069854788
606.2663832884631	-56.392425670195955
606.296684058965	-56.7549249289869
606.3269848294668	-57.094177634214326
606.3572855999687	-57.41195289855006
606.3875863704706	-57.70986671236533
606.4178871409724	-57.989391293364974
606.4481879114743	-58.25186549083695
606.4784886819762	-58.498505097078194
606.508789452478	-58.730413305289105
606.5543426111835	-59.05351690923805
606.599895769889	-59.348601016879165
606.6454489285945	-59.6182926207311
606.6910020873	-59.86489105017988
606.7365552460055	-60.090423382952565
606.782108404711	-60.296684623767625
606.8276615634165	-60.48527115023741
606.873214722122	-60.65760951903087
606.9187678808275	-60.814980508205
606.964321039533	-60.958539107751655
607.0098741982385	-61.08933126025294
607.055427356944	-61.208307748165694
607.1009805156496	-61.31633561088085
607.146533674355	-61.414207706341664
607.2207679313149	-61.55380739802963
607.2950021882747	-61.67118074770194
607.3692364452345	-61.768790118165654
607.4434707021943	-61.84879273717766
607.5177049591541	-61.91308361496178
607.5919392161139	-61.96333408164222
607.6661734730737	-62.00100198123711
607.7404077300336	-62.02735587762076
607.8146419869934	-62.043502924430186
607.8888762439532	-62.05041366020237
607.963110500913	-62.048942556296275
608.0373447578728	-62.03984527533971
608.1115790148326	-62.02379345769294
608.1858132717924	-62.00138730600296
608.3086956732325	-61.951718669560684
608.4315780746725	-61.8882138456607
608.5544604761126	-61.812735675336235
608.6773428775526	-61.72687629600296
608.8002252789927	-61.632010059948435
608.9847604443231	-61.47514576360793
609.1692956096535	-61.3040873290482
609.353830774984	-61.12176565810273
609.6503013486943	-60.81108461348818
609.9467719224045	-60.48540203462173
610.2432424961148	-60.15084340037959
610.5397130698251	-59.811899360390164
610.9979697425221	-59.287361639203276
611.456226415219	-58.769748939876095
611.914483087916	-58.26473596903986
612.372739760613	-57.77644572447346
612.8309964333099	-57.30728050811133
613.2892531060069	-56.8585644984936
613.7475097787038	-56.43051825034143
614.4710617400635	-55.79759409154696
615.1946137014232	-55.21455968891792
615.9181656627829	-54.67718900413689
616.6417176241426	-54.180839809393284
617.3652695855023	-53.723926026789016
618.088821546862	-53.30767257783765
618.8123735082218	-52.92991637345803
619.5359254695815	-52.57415252842132
620.2594774309412	-52.23480756713445
620.9830293923009	-51.90251426039259
621.7065813536606	-51.630899716182356
621.8874693440005	-51.57113813869234
622.0683573343404	-51.50354194306259
622.2492453246803	-51.435825050496135
622.4301333150202	-51.38138331781744
622.61102130536	-51.32110201035648
622.7919092957	-51.25675943110986
622.9727972860398	-51.19039758397085
623.1536852763797	-51.13848339946178
623.3345732667196	-51.0811527554989
623.5154612570595	-51.02237787140579
623.6963492473994	-50.97764116260741
623.8772372377393	-50.92559914078548
624.0581252280792	-50.86881166489465
624.2390132184191	-50.82018966941675
624.419901208759	-50.787993687324665
624.6007891990989	-50.74407360052675
624.7816771894388	-50.692475048991824
624.9625651797787	-50.65211776784363
625.1434531701186	-50.63151179883986
625.3243411604585	-50.59349689767534
625.5052291507984	-50.54493190777018
625.6861171411383	-50.511099796918394
625.8670051314782	-50.48695407340202
626.0478931218181	-50.467113124102234
626.228781112158	-50.418148695952716
626.3618619980734	-50.377817820853465
626.4949428839889	-50.36352424613197
626.6280237699043	-50.35662498992969
626.7611046558197	-50.3494377185315
626.8941855417352	-50.321652470967855
627.0272664276506	-50.31272716664387
627.1253103105174	-50.31965739479002
627.2233541933842	-50.30935677857093
627.3213980762511	-50.29209929538686
627.4194419591179	-50.274356382924516
627.5174858419847	-50.270126213401355
627.6155297248515	-50.26296784042828
627.7135736077183	-50.26271900936323
627.8116174905851	-50.252659797048615
627.909661373452	-50.251879934405295
628.0077052563188	-50.2360833184249
628.1057491391856	-50.21653008356694
628.2037930220524	-50.203927606888946
628.3018369049192	-50.21085598437991
628.3998807877861	-50.21360128711063
628.4979246706529	-50.21782469129985
628.5959685535197	-50.210318432002595
628.6940124363865	-50.21457671539851
628.7920563192533	-50.205326480904404
628.8901002021202	-50.19133028943089
628.988144084987	-50.18338547468816
629.0861879678538	-50.18880012186402
629.1842318507206	-50.19489950737288
629.2822757335874	-50.20158948669245
629.3803196164542	-50.20436127114239
629.4783634993211	-50.211974845521
629.5764073821879	-50.22153777938309
629.6744512650547	-50.22838190229726
629.7724951479215	-50.23153260011013
629.8705390307883	-50.237018271100695
629.9685829136552	-50.242118828349184
630.066626796522	-50.24713808325687
630.1646706793888	-50.25095682469371
630.2627145622556	-50.261260573917234
630.3607584451224	-50.271309058424414
630.4588023279892	-50.280855009341174
630.5568462108561	-50.28372864863097
630.6548900937229	-50.29379874453202
630.7529339765897	-50.30427426429683
630.8509778594565	-50.319777247337
630.9490217423233	-50.323922053170385
631.0470656251902	-50.32452811988237
631.145109508057	-50.3357226719657
631.2431533909238	-50.351768505762585
631.3411972737906	-50.36780608645501
631.4392411566574	-50.3775470578386
631.5372850395242	-50.389856015783344
631.6353289223911	-50.40113617810295
631.7333728052579	-50.41632954872151
631.8314166881247	-50.42699930217258
631.9294605709915	-50.443234361118726
632.0275044538583	-50.45545263320544
632.1255483367252	-50.47294918390123
632.223592219592	-50.48150563264536
632.3216361024588	-50.498409879418
632.4196799853256	-50.508972958169075
632.5177238681924	-50.53057988290651
632.6157677510593	-50.53782852723639
632.7138116339261	-50.55641754465399
632.7863660866041	-50.58120387449739
632.858920539282	-50.5923607553477
632.93147499196	-50.59426789125433
633.004029444638	-50.59601149713532
633.076583897316	-50.60698130412506
633.149138349994	-50.622277663065034
633.221692802672	-50.63785193576336
633.29424725535	-50.648662704639946
633.366801708028	-50.657744391593845
633.439356160706	-50.666988348174925
633.511910613384	-50.67919662346883
633.584465066062	-50.69181000835088
633.65701951874	-50.70378406414838
633.729573971418	-50.7139724606875
633.8021284240959	-50.72453472493587
633.8746828767739	-50.7356438292214
633.9472373294519	-50.7473946498494
634.057727067865	-50.7626901307348
634.1682168062781	-50.7774828060391
634.2787065446912	-50.792153560199
634.3891962831043	-50.80920118377057
634.4996860215174	-50.826206115222405
634.6101757599305	-50.84351197429389
634.7206654983436	-50.85921089359239
634.8962073530394	-50.88414423693514
635.0717492077351	-50.909794041593905
635.2472910624309	-50.93355023815064
635.4228329171267	-50.95743959951627
635.7129114191792	-50.9949334240186
636.0029899212318	-51.029869588449706
636.510998393995	-51.08761416511501
637.0190068667582	-51.140923861845216
637.9712487463793	-51.22707964930879
638.9234906260003	-51.29329558547307
639.8757325056214	-51.34698621009796
640.8279743852424	-51.3905499710566
641.7802162648635	-51.421977958359335
642.7324581444846	-51.45166293834805
643.6847000241056	-51.46818697866861
644.6369419037267	-51.49176274993695
645.5891837833477	-51.508306116171205
646.5414256629688	-51.52596747560259
647.4936675425898	-51.537782179721546
648.4459094222109	-51.55077207201172
649.398151301832	-51.56508575187282
650.8760592360683	-51.585754077850524
652.3539671703046	-51.610477327247764
653.8318751045409	-51.62901982393842
655.3097830387773	-51.65428243931688
656.7876909730136	-51.67320119952559
658.2655989072499	-51.69682837323183
659.7435068414862	-51.71620005326924
661.2214147757226	-51.73808145914166
662.6993227099589	-51.75407821114791
664.1772306441952	-51.775515534754724
665.6551385784315	-51.79198890561538
667.1330465126679	-51.811373747302945
668.6109544469042	-51.82938512287621
670.0888623811405	-51.8436856380067
671.5667703153769	-51.85769902667026
673.0446782496132	-51.87329459492382
674.5225861838495	-51.88767400330428
676.0004941180858	-51.899083244289855
677.4784020523222	-51.910641364921084
678.9563099865585	-51.9239709358691
680.4342179207948	-51.93602367035095
681.9121258550311	-51.945238730595385
683.3900337892675	-51.954488523944974
684.8679417235038	-51.96524880307604
686.3458496577401	-51.97498518369084
687.8237575919765	-51.9823749195883
690.060393212994	-51.99285393457404
692.2970288340115	-52.003704774142875
695.876722307569	-52.015193221027005
699.4564157811266	-52.031506426769454
700.351339149516	-52.0332982754984
701.2462625179054	-52.035199918717254
702.1411858862948	-52.03737978332549
703.9032958707555	-52.04153961085899
705.6654058552162	-52.04478490061067
708.3959108333701	-52.05155577138146
711.1264158115239	-52.059365008663924
716.7314253385426	-52.06946085789711
722.3364348655614	-52.06998589211556
727.9414443925801	-52.06410623294817
733.5464539195989	-52.042888814539275
734.9477063013536	-52.0410668270105
736.3489586831083	-52.03901616640147
737.750211064863	-52.041099720086976
739.1514634466178	-52.04105400586597
740.5527158283725	-52.03815873374707
741.9539682101272	-52.037672325981056
743.3552205918819	-52.03450310261901
744.7564729736366	-52.02879538363667
747.3914606309346	-52.02150128523797
750.0264482882326	-52.0108751112812
752.6614359455306	-52.00305745253591
755.2964236028286	-51.99210710729823
757.9314112601265	-51.98385602816197
760.5663989174245	-51.972429810721245
763.2013865747225	-51.9636764986972
765.8363742320205	-51.951721307298904
768.4713618893185	-51.94251818512223
771.1063495466165	-51.93012733198616
773.7413372039144	-51.92066342819728
776.3763248612124	-51.908004024372104
779.0113125185104	-51.89848471732399
781.6463001758084	-51.88570389821629
784.2812878331064	-51.87631298576678
786.9162754904044	-51.863531874871214
789.5512631477023	-51.85443303827624
792.1862508050003	-51.84174180104397
794.8212384622983	-51.833073652385025
797.4562261195963	-51.8205266669336
800.0912137768943	-51.81240360488966
802.7262014341923	-51.80001926693129
805.3611890914902	-51.7925349794072
807.9961767487882	-51.78029609625503
810.6311644060862	-51.773528719107624
813.2661520633842	-51.76138414859513
815.9011397206822	-51.755403824136025
818.5361273779802	-51.743270849944565
821.1711150352781	-51.738148930003575
821.8298619496027	-51.73388314203193
822.4886088639272	-51.7309172549522
823.1473557782517	-51.72932335548498
824.4097633724917	-51.724235352743364
825.6721709667318	-51.721825832748245
826.9345785609718	-51.71517684849193
828.1969861552118	-51.71368990631743
829.4593937494518	-51.708752199948705
830.7218013436918	-51.70950161781183
831.9842089379318	-51.70351421236823
833.2466165321719	-51.701498962762756
834.5090241264119	-51.69591158586623
835.7714317206519	-51.695537888501455
837.0338393148919	-51.68924883704197
838.2962469091319	-51.68706101462347
839.5586545033719	-51.681594824529334
840.821062097612	-51.68116917092878
842.083469691852	-51.675085307340346
843.345877286092	-51.672941127653665
844.608284880332	-51.66766811515475
845.870692474572	-51.667284397836774
847.133100068812	-51.661442066238735
848.3955076630521	-51.65942739674439
849.6579152572921	-51.654364846199705
850.9203228515321	-51.65407599588679
852.1827304457721	-51.64844491347101
853.4451380400121	-51.64656877717935
854.7075456342521	-51.64168553879888
855.9699532284922	-51.64151328611713
857.2323608227322	-51.63605354514528
858.4947684169722	-51.63431948888998
859.7571760112122	-51.62958754909927
861.0195836054522	-51.629556882819216
862.2819911996922	-51.62423826111443
863.5443987939323	-51.62265728921606
864.8068063881723	-51.61805794472167
866.0692139824123	-51.61820012101956
867.3316215766523	-51.613000426370824
868.5940291708923	-51.61158888049337
869.8564367651323	-51.60710870785153
871.1188443593724	-51.607457984296396
872.3812519536124	-51.602358466482656
873.6436595478524	-51.601134891844545
874.9060671420924	-51.596762269205165
876.1684747363324	-51.59735406025902
877.4308823305724	-51.592336688910834
878.6932899248125	-51.591320391425555
879.9556975190525	-51.58704373324015
881.2181051132925	-51.587914193689635
882.4805127075325	-51.58296029762917
883.7429203017725	-51.582170900789826
885.0053278960125	-51.577977734813594
886.2677354902526	-51.57916385437401
887.5301430844926	-51.57425324297434
888.7925506787326	-51.57371052728669
890.0549582729726	-51.5695868143309
891.3173658672126	-51.56603593779647
891.9826081334046	-51.56538275658417
892.6478503995966	-51.56421632238232
894.350707457871	-51.56079348781796
898.3372976137013	-51.55514829485899
902.3238877695316	-51.55035820174643
906.3104779253619	-51.54623287155478
910.2970680811922	-51.54293112430155
921.0194573382221	-51.53382503167254
930.9999999999793	-51.52723998587649
931.0000000000103	-51.52723998587649
931.0000061980936	-51.52813336068953
931.0000321621095	-51.53185661111076
931.0002754959	-51.565425471479216
931.0005188296906	-51.59790583253291
931.0010361216373	-51.664373096967964
931.001553413584	-51.72806041652418
931.0027723237233	-51.87010874360624
931.0039912338626	-52.00356007327974
931.0052101440019	-52.13098351281507
931.0064290541412	-52.25384228266154
931.0076479642805	-52.37297337026291
931.00984167808	-52.57985111251233
931.0120353918794	-52.77815218875674
931.0156084161895	-53.085932567512295
931.0191814404996	-53.37790049699276
931.0254019913349	-53.85597010104567
931.0316225421702	-54.303858050338285
931.0378430930056	-54.72786870123494
931.0440636438409	-55.13208118365498
931.0502841946762	-55.51947350228764
931.059993640971	-56.095540657618585
931.0697030872658	-56.64259739385965
931.0794125335606	-57.16538318676265
931.0942029108767	-57.92204802350811
931.1089932881928	-58.63790696283002
931.1237836655089	-59.31864153391917
931.1506359058634	-60.47812906889293
931.1774881462179	-61.552650086942776
931.2043403865724	-62.55325450434839
931.2311926269269	-63.48905665830279
931.2580448672815	-64.36773540336462
931.2983650808649	-65.59250312724146
931.3386852944483	-66.71703876897818
931.3790055080317	-67.75345576376692
931.4193257216151	-68.71205824978057
931.4596459351985	-69.60173839496962
931.5261734593669	-70.93854109326344
931.5927009835352	-72.1349761272755
931.6592285077036	-73.21203224049243
931.7257560318719	-74.18658306660778
931.7922835560403	-75.07253555459391
931.8961059875919	-76.30492114838414
931.9999284191435	-77.38348520869611
932.1037508506952	-78.33391597584992
932.2628451488611	-79.58762706545221
932.421939447027	-80.643658537824
932.5810337451928	-81.541148586067
932.7401280433587	-82.30964467332464
932.8992223415246	-82.97275297265743
933.0583166396905	-83.54872121783046
933.2980854112567	-84.28154616594307
933.5378541828229	-84.88170526592494
933.7776229543891	-85.37467642970888
934.0173917259553	-85.78041186102716
934.2571604975216	-86.11461912995007
934.4969292690878	-86.38942057204355
934.8622941894597	-86.71494638238728
935.2276591098316	-86.94939312161115
935.5930240302035	-87.11092151056272
935.9583889505755	-87.21364214946195
936.3237538709474	-87.26874333046135
936.6891187913193	-87.28497888721446
937.2739517921663	-87.24699280861628
937.8587847930132	-87.14828261304255
938.4436177938602	-87.00423391471973
939.0284507947072	-86.82691214045263
939.6132837955541	-86.6258333340959
940.1981167964011	-86.40832544561276
941.1148572684268	-86.04740980027431
942.0315977404525	-85.67505590116328
942.9483382124782	-85.30112693554058
943.8650786845039	-84.93242605575102
944.7818191565297	-84.57340587432962
945.6985596285554	-84.22670001240621
946.6153001005811	-83.89366331025492
948.253571249347	-83.33399742597446
949.891842398113	-82.81881600131982
951.530113546879	-82.3444623988542
953.1683846956449	-81.90745474488152
954.8066558444109	-81.50425004447732
956.4449269931769	-81.13116531073395
959.5842767997261	-80.48974471331681
962.7236266062754	-79.92905366751022
965.8629764128247	-79.43465023449978
969.0023262193739	-78.99790791131977
972.1416760259232	-78.6092844990396
975.2810258324724	-78.2597834059324
978.4203756390217	-77.94759326212588
981.559725445571	-77.6670345580705
984.6990752521202	-77.41257244669418
989.5129957629516	-77.06919136387857
994.326916273783	-76.77014264992782
999.1408367846144	-76.50951740434328
1003.9547572954458	-76.28390734207483
1008.7686778062772	-76.08381237249064
1013.5825983171086	-75.90542144121203
1018.39651882794	-75.75089516064305
1023.2104393387714	-75.61197316311484
1028.024359849603	-75.48559324908574
1032.8382803604343	-75.37429453771416
1037.6522008712657	-75.27374111212254
1042.466121382097	-75.17959801288113
1047.2800418929285	-75.09741723904898
1052.0939624037599	-75.02465289837342
1056.9078829145913	-74.95253048375704
1061.7218034254226	-74.8891374911339
1066.535723936254	-74.83734088383801
1071.3496444470854	-74.7816030296901
1076.1635649579168	-74.72917416033364
1080.9774854687482	-74.69369283996062
1083.8609012149689	-74.67045939376486
1086.7443169611895	-74.64567677134892
1089.6277327074101	-74.62163814378069
1094.9315625771073	-74.58065683993077
1100.2353924468046	-74.54581918136606
1105.5392223165018	-74.51297430982915
1110.843052186199	-74.48303455538884
1116.1468820558962	-74.45924573185776
1121.4507119255934	-74.43481201338571
1126.7545417952906	-74.41163885764328
1130.999999999975	-74.3968278528911
1131.0000000000127	-74.3968278528911
