t	v
0.0	-80.0
7.274241735607149e-05	-79.99943121357069
0.0010885719742489452	-79.99165288722314
0.0034907539469347555	-79.97372486693047
0.005892935919620566	-79.95608991410863
0.010200954959392387	-79.92490388271929
0.01720870718477252	-79.87511215346406
0.030373726443892045	-79.78373206550188
0.04353874570301157	-79.69445088702538
0.056703764962131094	-79.60663605458636
0.06986878422125062	-79.51992873784829
0.08965970326209947	-79.39119719401953
0.10945062230294833	-79.26418573427554
0.12924154134379717	-79.1386992046561
0.16222132710531648	-78.93266679137653
0.19520111286683578	-78.73022695460091
0.258823521958698	-78.34914055139879
0.32244593105056024	-77.97965697594802
0.3860683401424225	-77.62110958571458
0.4496907492342847	-77.27301363540867
0.513313158326147	-76.93493375823424
0.6368547136425602	-76.3056373311626
0.7603962689589734	-75.71013827711103
0.8839378242753866	-75.14634008480832
1.0074793795917998	-74.61250270787284
1.131020934908213	-74.10711028146878
1.2545624902246262	-73.62878355004489
1.451961793579374	-72.91755274012428
1.649361096934122	-72.26734145290105
1.8467604002888698	-71.67367172404062
2.144475480741022	-70.87626242511227
2.4421905611931742	-70.18522662679588
2.7399056416453265	-69.58887462650183
3.228418191860192	-68.78833667593327
3.716930742075058	-68.17457944742308
4.205443292289924	-67.7140230936749
4.693955842504789	-67.37866283239376
5.182468392719655	-67.14525505627203
5.670980942934521	-66.99459559622406
6.434348071957829	-66.88782649551781
7.197715200981137	-66.89760192985113
7.961082330004445	-66.9898528986925
8.724449459027753	-67.13916126995632
9.48781658805106	-67.32677111687418
10.251183717074369	-67.53904403387962
11.014550846097677	-67.76608193482853
11.777917975120985	-68.00088723012544
12.979460289818256	-68.3744944898776
14.181002604515527	-68.74266154602034
15.382544919212798	-69.09926432704502
16.58408723391007	-69.44034219696941
17.78562954860734	-69.76408017917176
20.13054588103822	-70.34313182191146
22.4754622134691	-70.85521081641386
24.82037854589998	-71.30824694507874
27.16529487833086	-71.70530011544766
29.510211210761742	-72.05207477516204
31.855127543192623	-72.3549477806579
34.2000438756235	-72.61552349143285
36.54496020805438	-72.84008834383461
38.889876540485254	-73.03535454573247
43.207529650345684	-73.32165033200029
47.525182760206114	-73.53470906130697
51.842835870066544	-73.69344494128634
56.160488979926974	-73.81163594590163
60.478142089787404	-73.89799506213431
64.79579519964784	-73.95979513701663
69.11344830950827	-74.00534892668183
73.4311014193687	-74.03898371861789
77.74875452922913	-74.06263869640146
82.06640763908956	-74.08113748788298
86.38406074894999	-74.09615571009665
90.70171385881042	-74.10576579850431
95.01936696867085	-74.11334917292308
99.33702007853128	-74.12125107661463
103.65467318839171	-74.12541551025622
107.97232629825214	-74.12785463220017
112.28997940811257	-74.133026851988
116.607632517973	-74.13574971334054
120.92528562783343	-74.13732389314107
125.24293873769386	-74.1402678601572
129.5605918475543	-74.14167898187017
133.87824495741472	-74.14256471467021
138.19589806727515	-74.14422226159779
145.80784206851496	-74.14484969413958
153.41978606975476	-74.14613824619867
161.03173007099457	-74.14863676820647
174.23475693628782	-74.148316748822
187.43778380158108	-74.15330961665053
200.64081066687433	-74.1508988310063
213.84383753216758	-74.14453702555352
220.51621865137835	-74.15180584464689
227.18859977058912	-74.15276836496767
233.8609808897999	-74.15426021893606
236.81780489403587	-74.15529571288569
239.77462889827183	-74.15554418870582
242.73145290250778	-74.15559164473002
250.43707943473902	-74.15551117050221
268.674933314057	-74.1553652054479
283.181877757832	-74.15633097856154
297.688822201607	-74.15605516212031
312.19576664538204	-74.155365515469
339.4869504957372	-74.1581536663472
346.30974645832595	-74.1563818598126
353.1325424209147	-74.15640019273782
359.9553383835035	-74.15727292389788
366.77813434609226	-74.1571615287429
373.60093030868103	-74.15657815230506
384.57565303600967	-74.1571880795018
395.5503757633383	-74.1571059304553
406.52509849066695	-74.15656252251507
424.619343835529	-74.15759152392671
442.713589180391	-74.15727348929077
460.80783452525304	-74.15580712226094
496.39972127325257	-74.15942751371489
505.0497909549365	-74.15735747232121
513.6998606366204	-74.1566772553284
522.3499303183044	-74.15950676217155
530.9999999999882	-74.15761141934765
531.0000000000059	-74.15761141934765
531.0000107353485	-74.15709610975152
531.0000694657974	-74.15430759253044
531.0005822231468	-74.13154245199108
531.0010949804962	-74.10991248308873
531.0020067459642	-74.07318251923863
531.0029185114322	-74.03821124699263
531.0053154134088	-73.9518598793781
531.0077123153853	-73.87158267707947
531.0101092173619	-73.7954633543478
531.0125061193385	-73.72250370895097
531.0167535581829	-73.5990825641664
531.0210009970274	-73.48213548040205
531.0274714322951	-73.31349094549388
531.0339418675628	-73.1544028064668
531.0404123028305	-73.00295495579371
531.051051925911	-72.76702027162038
531.0616915489915	-72.54414467047957
531.0801135415097	-72.18179484428616
531.098535534028	-71.84184834260513
531.1169575265462	-71.51942015169433
531.1353795190645	-71.21188958351519
531.1538015115827	-70.91740549847289
531.1835016890467	-70.46645850667645
531.2132018665106	-70.04044766801611
531.2429020439746	-69.63560823013395
531.2726022214385	-69.24930196765649
531.3207914020325	-68.65731110322064
531.3689805826264	-68.10252133623062
531.4171697632203	-67.57986592295869
531.4917305338296	-66.82615227612774
531.5662913044389	-66.12996675363075
531.6408520750482	-65.48332833168492
531.7756156108795	-64.42077388431751
531.9103791467109	-63.47325170925499
532.0451426825422	-62.62206091514507
532.1799062183735	-61.85222190013631
532.3146697542048	-61.151480184075716
532.4494332900362	-60.51033901256219
532.6621327194011	-59.6019308115828
532.8748321487661	-58.80078758272099
533.0875315781311	-58.08904464402213
533.3002310074961	-57.45178417500406
533.5129304368611	-56.876854266677256
533.842020899652	-56.08809347448201
534.1711113624428	-55.39794946735215
534.5002018252337	-54.78445493082492
534.8292922880246	-54.22970842535836
535.1583827508155	-53.71938858234432
535.6636584381165	-52.99986603432512
536.1689341254175	-52.32660193689172
536.6742098127186	-51.66625258781486
537.1794855000196	-50.969345838407925
537.6847611873206	-50.173286577937226
538.1900368746217	-49.108226879498375
538.4769888820092	-48.217499089664116
538.7639408893967	-46.87405715043505
538.9131307977088	-45.798653426158054
539.062320706021	-44.12408462835112
539.099618183099	-43.55757189248311
539.136915660177	-42.89837608295056
539.174213137255	-42.12109618463729
539.2351444093906	-40.492673590816864
539.2960756815262	-38.169050633153965
539.3344719739017	-36.13078302323632
539.3728682662772	-33.36680082814233
539.4112645586528	-29.447425586535864
539.4370396510126	-25.832565767684024
539.4628147433724	-21.07451202549699
539.4885898357322	-14.904580778973303
539.5044201939527	-10.36736061459523
539.5202505521731	-5.354751703997869
539.5360809103936	-0.06708224026406243
539.551911268614	5.208305170401053
539.5677416268345	10.17431320514652
539.5781284947051	13.153755987356123
539.5885153625757	15.871096804007507
539.5989022304462	18.309342329787928
539.6092890983168	20.464945209222204
539.6196759661874	22.346764957616465
539.630062834058	23.972156649320127
539.6404497019286	25.3619488202331
539.6508365697991	26.537017263181262
539.6612234376697	27.516991195639484
539.6716103055403	28.320101105258225
539.6819971734109	28.96323592122208
539.6923840412815	29.461919816793348
539.702770909152	29.830284659643084
539.7131577770226	30.081120895064945
539.7235446448932	30.225993705086612
539.7339315127638	30.275373384928944
539.7443183806344	30.23875006822333
539.7547052485049	30.124731767055295
539.7650921163755	29.941134254603345
539.7754789842461	29.695065912992494
539.7858658521167	29.393003773041446
539.7962527199873	29.04085673089536
539.8066395878578	28.644007966813827
539.8170264557284	28.207344996088626
539.827413323599	27.735287097094346
539.8378001914696	27.23180765166024
539.8481870593401	26.70046131842045
539.8585739272107	26.144419164946072
539.8689607950813	25.56650934392054
539.8793476629519	24.969258676452537
539.8897345308225	24.354930828552835
539.900121398693	23.725558713353735
539.9105082665636	23.082971011446904
539.9261033276958	22.09693172724153
539.9416983888281	21.089685942064467
539.9572934499603	20.065409152894013
539.9728885110925	19.027690954457636
539.9884835722247	17.979623453407235
540.0040786333569	16.92386176589217
540.0196736944891	15.862679123517044
540.0352687556214	14.798018375788933
540.0508638167536	13.731535425616602
540.0664588778858	12.664633183894694
540.082053939018	11.598488395877085
540.0976490001502	10.534074651744845
540.1132440612824	9.472183967117335
540.1288391224147	8.41344837151399
540.1444341835469	7.358362145534284
540.1600292446791	6.307304091667427
540.1756243058113	5.260558035963126
540.1912193669435	4.218329807562788
540.2068144280757	3.180760262247179
540.222409489208	2.147935252257416
540.2380045503402	1.1198937604464676
540.2535996114724	0.09663484672348763
540.2691946726046	-0.9218761214785972
540.2847897337368	-1.9357014918141806
540.300384794869	-2.944926903740941
540.3159798560013	-3.949660426466569
540.3315749171335	-4.9500349060254
540.3471699782657	-5.946211181092632
540.3627650393979	-6.938380779640698
540.3783601005301	-7.926768432897194
540.4020321224369	-9.420426693088395
540.4257041443437	-10.907018697984514
540.4493761662505	-12.386969537994439
540.4730481881573	-13.85795845302885
540.4967202100642	-15.316028764177739
540.520392231971	-16.760379304886502
540.5440642538778	-18.190729722440885
540.5677362757846	-19.604780851642992
540.5914082976914	-21.001188080335083
540.6150803195982	-22.382509676426103
540.638752341505	-23.752877176731413
540.6624243634118	-25.11436149764556
540.6860963853186	-26.46732251780074
540.7097684072254	-27.813182727208346
540.7334404291322	-29.155014511321554
540.757112451039	-30.495564816571097
540.7807844729458	-31.835937468280616
540.8044564948526	-33.17627894128174
540.8281285167594	-34.516675814792364
540.8518005386662	-35.8568117141399
540.875472560573	-37.19518678737245
540.8991445824798	-38.52909711204982
540.9228166043866	-39.8551960103539
540.9464886262934	-41.16975904091304
540.9701606482002	-42.46860952008446
540.993832670107	-43.74804105504668
541.0175046920139	-45.005849451212875
541.0411767139207	-46.23884059640677
541.0648487358275	-47.44215239159595
541.0885207577343	-48.611338144861286
541.1121927796411	-49.74315377670326
541.1358648015479	-50.83427636518368
541.1595368234547	-51.88108013746899
541.1832088453615	-52.88109966081985
541.2068808672683	-53.83384449900648
541.2305528891751	-54.73999973548873
541.2542249110819	-55.600419551763
541.2778969329887	-56.41606934094537
541.3015689548955	-57.188452896357745
541.3252409768023	-57.91964592160468
541.3489129987091	-58.61189871454647
541.3725850206159	-59.26733993512708
541.3962570425227	-59.8880113252951
541.4199290644295	-60.475991810560444
541.4436010863363	-61.03337282197458
541.4672731082431	-61.562139140849645
541.49094513015	-62.064116243944376
541.5146171520568	-62.54100617527361
541.5382891739636	-62.99442227305313
541.5619611958704	-63.425878080236146
541.5856332177772	-63.836765646909285
541.609305239684	-64.22835849639922
541.6329772615908	-64.6018303239418
541.6566492834976	-64.95826721654115
541.6803213054044	-65.29867055647021
541.7039933273112	-65.62396012234345
541.7408871302637	-66.10278540617568
541.7777809332161	-66.54982656719321
541.8146747361686	-66.96763002250293
541.8515685391211	-67.35845682589311
541.8884623420736	-67.72432628570482
541.9253561450261	-68.06704876949372
541.9622499479785	-68.38825395029563
542.0246628812965	-68.88661506994882
542.0870758146145	-69.33375491769716
542.1494887479325	-69.73522210190563
542.2119016812505	-70.09581890318252
542.2743146145685	-70.41970993406098
542.3367275478865	-70.71054125713023
542.3991404812045	-70.97152361474258
542.4615534145225	-71.20551256571672
542.5239663478405	-71.41505684086907
542.5863792811585	-71.60242656878121
542.6487922144765	-71.7696426047257
542.7112051477945	-71.91850513606282
542.7736180811125	-72.05061932081543
542.8360310144305	-72.16741794398894
542.9361175542741	-72.3258139020589
543.0362040941177	-72.45261728604217
543.1362906339613	-72.55175489401584
543.2363771738048	-72.62649972151783
543.3364637136484	-72.67962710948734
543.436550253492	-72.71352482781731
543.5366367933356	-72.7302608777372
543.6970759902885	-72.72557046169663
543.8575151872413	-72.68759263523371
544.0179543841942	-72.62162096259229
544.1783935811471	-72.53199067680806
544.3388327781	-72.4223110027294
544.5877643177805	-72.21937396274649
544.836695857461	-71.98477868854022
545.0856273971415	-71.72603734176714
545.4617106477094	-71.30229603285838
545.8377938982774	-70.85273744363526
546.2138771488453	-70.38885771814006
546.5899603994133	-69.91973364073796
546.9660436499812	-69.45253275014812
547.3421269005491	-68.99272409759806
547.7182101511171	-68.54445272713632
548.308777237132	-67.87139583455605
548.8993443231468	-67.24277608124706
549.4899114091617	-66.66365652135119
550.0804784951765	-66.13607962416226
550.6710455811914	-65.6599104785769
551.2616126672062	-65.23402665048393
551.8521797532211	-64.85654799915147
552.7607448639029	-64.36440799253818
553.6693099745847	-63.968260776821964
554.5778750852666	-63.65640440981037
555.4864401959484	-63.4159267742693
556.3950053066302	-63.234540853203676
557.303570417312	-63.10192011609521
558.2121355279938	-63.0099086600436
559.6768727402725	-62.92776503938355
561.1416099525512	-62.904764654793915
562.6063471648299	-62.92055664198334
564.0710843771086	-62.96005301925416
565.5358215893873	-63.013046245472786
568.2508622139743	-63.12669443343026
570.9659028385613	-63.243534369985085
573.6809434631483	-63.35945865927129
576.3959840877353	-63.463157341319516
579.1110247123223	-63.55025797673086
581.8260653369093	-63.629058588616644
584.5411059614963	-63.69798247038764
587.2561465860833	-63.75472550189832
589.9711872106703	-63.80919968011838
592.6862278352573	-63.857808449543214
595.4012684598443	-63.893829461014626
598.1163090844314	-63.92904731718035
600.8313497090184	-63.96193439095965
603.5463903336054	-63.98282812528325
606.2614309581924	-64.00510176887231
608.9764715827794	-64.02679524683965
611.6915122073664	-64.04129058717534
614.4065528319534	-64.05483131837643
617.1215934565404	-64.06764453299844
619.8366340811274	-64.0732532996239
622.5516747057144	-64.07826935979443
625.2667153303014	-64.08343146122583
627.9817559548884	-64.08549902720372
630.6967965794754	-64.08921136730216
633.4118372040624	-64.09211186992081
636.1268778286494	-64.08986383941217
638.8419184532364	-64.08953119377331
641.5569590778234	-64.08944101235083
644.2719997024104	-64.08699560517802
646.9870403269974	-64.08477796132736
649.7020809515844	-64.08171478520742
652.4171215761714	-64.07656618136618
655.1321622007584	-64.07323717189537
657.8472028253454	-64.06972833605286
660.5622434499325	-64.06384279261447
663.2772840745195	-64.06020054495932
665.9923246991065	-64.05645654856345
668.7073653236935	-64.05002913564478
671.4224059482805	-64.04664473311233
674.1374465728675	-64.04314762026029
676.8524871974545	-64.03745827792531
679.5675278220415	-64.03200135981072
682.2825684466285	-64.0280919232499
684.9976090712155	-64.02390163863842
687.7126496958025	-64.0201330859775
690.4276903203895	-64.0168683044812
693.1427309449765	-64.0127539241566
695.8577715695635	-64.00876580083596
698.5728121941505	-64.00584658453784
701.2878528187375	-64.00242063465525
704.0028934433245	-63.9986363515969
706.7179340679115	-63.99602867406511
709.4329746924985	-63.99327228920199
712.1480153170855	-63.989699922468446
714.8630559416725	-63.98752445091107
717.5780965662595	-63.985602171918934
720.2931371908466	-63.982139029253354
723.0081778154336	-63.98027124662824
725.7232184400206	-63.97929150547782
728.4382590646076	-63.97590922780891
731.1532996891946	-63.973291192201444
733.8683403137816	-63.97210198995269
736.5833809383686	-63.97147023133478
739.2984215629556	-63.9707865481985
742.0134621875426	-63.969622228687605
744.7285028121296	-63.96835756997538
747.4435434367166	-63.96747649458164
750.1585840613036	-63.96667918897577
752.8736246858906	-63.966022618208754
755.5886653104776	-63.96561129276252
758.3037059350646	-63.965009841714725
761.0187465596516	-63.964669406032336
763.7337871842386	-63.96470308340852
766.4488278088256	-63.96438273798353
769.1638684334126	-63.96441015446631
771.8789090579996	-63.964814199279665
774.5939496825866	-63.965012060784225
777.3089903071736	-63.9652463021972
780.0240309317606	-63.965583754361376
782.7390715563477	-63.96569024587965
785.4541121809347	-63.966101934692205
788.1691528055217	-63.96664377518836
790.8841934301087	-63.96711992860339
793.5992340546957	-63.96805370671411
796.3142746792827	-63.96873021076086
799.0293153038697	-63.969089495579524
801.7443559284567	-63.969727137730985
804.4593965530437	-63.970455668807425
807.1744371776307	-63.97122213453591
809.8894778022177	-63.97229896595973
812.6045184268047	-63.97294228422785
815.3195590513917	-63.97359875291399
818.0345996759787	-63.97478973763663
820.7496403005657	-63.97525867876937
823.4646809251527	-63.97597774158154
826.1797215497397	-63.9774139004422
828.8947621743267	-63.977511691404665
831.6098027989137	-63.97827546399652
834.3248434235007	-63.98003557129108
837.0398840480877	-63.97960866066079
839.7549246726747	-63.97972671937122
842.4699652972618	-63.98105645824683
845.1850059218488	-63.98281783903746
847.9000465464358	-63.98402233365278
850.6150871710228	-63.98422478855219
853.3301277956098	-63.98455310695838
856.0451684201968	-63.98542128649133
858.7602090447838	-63.98570517578966
861.4752496693708	-63.98638505601028
864.1902902939578	-63.98760730707807
866.9053309185448	-63.98742135606887
869.6203715431318	-63.987916176367065
872.3354121677188	-63.98954071215073
875.0504527923058	-63.98897822529168
877.7654934168928	-63.989390129033374
880.4805340414798	-63.991082378140995
883.1955746660668	-63.99155568651148
885.9106152906538	-63.99207440262288
888.6256559152408	-63.99310175842159
891.3406965398278	-63.992455993691394
894.0557371644148	-63.99233069797687
896.7707777890018	-63.99276707035377
899.4858184135888	-63.99302003340973
902.2008590381758	-63.99383358659516
904.9158996627629	-63.99445484792112
907.6309402873499	-63.994382767540266
910.3459809119369	-63.99510796639963
913.0610215365239	-63.99543850606747
915.7760621611109	-63.99520222063341
918.4911027856979	-63.996205030013115
921.2061434102849	-63.9963484479648
923.9211840348719	-63.99592402672417
926.6362246594589	-63.997251971702354
929.3512652840459	-63.99704854261627
930.9999999999793	-63.99610809433867
931.0000000000103	-63.99610809433867
931.0000107353374	-63.99662340386597
931.0000694657894	-63.999411857186935
931.0005822302467	-64.02217223781054
931.001094994704	-64.04379338554433
931.0020066706619	-64.08049596365485
931.0029183466198	-64.1154306498045
931.0053144803867	-64.20162464653568
931.0077106141536	-64.28169067061457
931.0101067479204	-64.35754994285594
931.0125028816873	-64.43020494328422
931.0167495141912	-64.55300512109983
931.0209961466952	-64.66921535813029
931.0274617638272	-64.83645350809134
931.0339273809592	-64.99393335096758
931.0403929980912	-65.14359116394301
931.0510207642272	-65.37614536321912
931.0616485303633	-65.59525330895124
931.080082599603	-65.9508814081735
931.0985166688426	-66.28315155259888
931.1169507380823	-66.59708918201181
931.135384807322	-66.89541394342285
931.1538188765617	-67.1800558803252
931.1835290297619	-67.61382174114401
931.2132391829621	-68.02141691920664
931.2429493361623	-68.40679405412116
931.287519070677	-68.94908205975759
931.3320888051918	-69.45441163124951
931.4002315025602	-70.1667824300836
931.4683741999287	-70.81746962053575
931.5365168972971	-71.4157973103463
931.6046595946656	-71.96910245810837
931.672802292034	-72.48328821532021
931.7834863260215	-73.24692538596199
931.894170360009	-73.9348561467404
932.0048543939964	-74.55831717251439
932.1155384279839	-75.12625889039523
932.2262224619714	-75.64601887349157
932.4097792437378	-76.41739761732148
932.5933360255043	-77.09309573199194
932.7768928072708	-77.68814836077894
933.0532147218636	-78.45775241990859
933.3295366364564	-79.10238377639651
933.6058585510492	-79.64421129278341
933.882180465642	-80.10041288808728
934.1585023802348	-80.48502508657984
934.4348242948276	-80.80914258203397
934.8842263150046	-81.22861041544391
935.3336283351816	-81.53848598286552
935.7830303553586	-81.75982627272617
936.2324323755356	-81.90942121792665
936.6818343957126	-82.00078723578358
937.1312364158896	-82.04460158315304
937.8442723049077	-82.0370816003055
938.5573081939258	-81.95728636520298
939.2703440829439	-81.82458438439924
939.983379971962	-81.65407054834887
940.6964158609801	-81.45757135474703
941.4094517499982	-81.24411531825785
942.5540261861286	-80.8827043899392
943.6986006222589	-80.51449693665677
944.8431750583893	-80.1513037931781
945.9877494945197	-79.80085152955232
947.13232393065	-79.46762536563426
948.2768983667804	-79.15380144987937
949.4214728029108	-78.86010662166488
951.6738820219033	-78.33969087422663
953.9262912408958	-77.88932331561719
956.1787004598883	-77.49839969548547
958.4311096788808	-77.15916759883142
960.6835188978733	-76.86387222155248
962.9359281168659	-76.60461857933997
966.7459795440881	-76.23671422826948
970.5560309713103	-75.94582053780607
974.3660823985325	-75.70129951407432
976.9457498467575	-75.5556864793304
979.5254172949825	-75.42926060438718
982.1050847432075	-75.32073661184856
984.6847521914325	-75.22543452220499
987.2644196396575	-75.14127957186665
989.8440870878825	-75.06631787652249
992.4237545361075	-74.99786739604734
996.624897360188	-74.9023743099125
1000.8260401842685	-74.82193782034783
1008.3210318328471	-74.7067740496179
1015.8160234814256	-74.61817487760565
1023.3110151300042	-74.54500739625382
1030.8060067785827	-74.48794406991064
1042.1854921506956	-74.42128162796521
1053.5649775228085	-74.36939628179383
1064.9444628949213	-74.33250363958834
1071.4098228302028	-74.31154907359883
1077.8751827654842	-74.2952253678515
1084.3405427007656	-74.28231058341164
1090.805902636047	-74.26838839298578
1097.2712625713284	-74.25597193067506
1103.7366225066098	-74.24725543034552
1110.2019824418912	-74.23862695983654
1120.9450709838402	-74.22665912730758
1130.999999999975	-74.21512034833684
1131.0000000000127	-74.21512034833684
