t	v
0.0	-80.0
0.00015531739498057353	-79.99934670730218
0.0016735298765668473	-79.99317950949428
0.004056756774608376	-79.98379182714791
0.006439983672649904	-79.97459814310673
0.010968555746498333	-79.95745176166115
0.015497127820346762	-79.9406242572495
0.027553668017287935	-79.89675211663892
0.03961020821422911	-79.85380258663848
0.05166674841117028	-79.81138428193023
0.06372328860811145	-79.76933070701025
0.08227430648320087	-79.70519642921126
0.1008253243582903	-79.64172104459477
0.13039831116893072	-79.54177832906925
0.15997129797957113	-79.44327567900477
0.18954428479021154	-79.3461025770353
0.24571090729123943	-79.16487349950121
0.30187752979226734	-78.98768579527452
0.3580441522932952	-78.81425101901141
0.463710038774246	-78.49772018127784
0.5693759252551968	-78.19347947436965
0.6750418117361475	-77.9013481609822
0.7807076982170983	-77.6212443273191
0.886373584698049	-77.35300478261587
1.0612063762583486	-76.93423001391821
1.2360391678186482	-76.54560875026604
1.4108719593789478	-76.18571612876458
1.7266219976552497	-75.60332251079886
2.042372035931552	-75.10109355919973
2.358122074207854	-74.6702884331823
2.673872112484156	-74.30253678823478
3.154946741080898	-73.84710747473756
3.6360213696776396	-73.49790939175786
4.3839410866431034	-73.12256139430983
5.131860803608567	-72.9000929385893
5.87978052057403	-72.78749731521633
6.627700237539494	-72.75355120356811
7.375619954504957	-72.77566472147193
8.123539671470422	-72.83747652966571
8.871459388435886	-72.9261694947259
9.61937910540135	-73.0322872786432
11.0893208460373	-73.26817800278235
12.559262586673249	-73.51590250097138
14.029204327309198	-73.76147564865855
15.499146067945148	-73.99852425580268
16.969087808581097	-74.22178343921196
19.177418615521756	-74.52954070806895
21.385749422462414	-74.8032148859033
23.594080229403072	-75.0434721891186
25.80241103634373	-75.25267571611255
28.01074184328439	-75.43574545492575
30.219072650225048	-75.59595628878563
32.4274034571657	-75.7351694316365
34.63573426410636	-75.8562927421383
36.84406507104702	-75.96154680296898
40.31151251316561	-76.0983467121266
43.7789599552842	-76.20707476074669
49.21618301907505	-76.33276479303909
54.65340608286591	-76.42287457894247
60.09062914665676	-76.48082274527802
65.52785221044762	-76.52197855608586
70.96507527423847	-76.5527298086334
76.40229833802933	-76.57089399289745
81.83952140182018	-76.58478543431639
87.27674446561103	-76.60062640457778
92.71396752940188	-76.60475437318651
98.15119059319274	-76.60458298877846
103.58841365698359	-76.62115341453575
106.47413529684671	-76.6249423060983
109.35985693670983	-76.6245089257269
112.24557857657295	-76.62362731421449
115.13130021643607	-76.62300778590573
118.0170218562992	-76.6229426518998
124.06108774559523	-76.62594458325032
130.10515363489128	-76.6261641117388
136.14921952418732	-76.62743865510875
142.19328541348335	-76.62863602527158
148.2373513027794	-76.62716592178244
154.28141719207542	-76.62912016859065
160.32548308137146	-76.63354197317413
166.3695489706675	-76.62861858290951
170.15814740488463	-76.62799826561711
173.94674583910177	-76.62898945071528
177.7353442733189	-76.6299314465697
181.52394270753604	-76.63163021969737
185.31254114175317	-76.63291054189612
189.1011395759703	-76.63263116494596
195.6128161248369	-76.6337305045829
202.12449267370351	-76.63420813326404
208.63616922257012	-76.63303883937317
215.14784577143672	-76.63458765081197
221.65952232030332	-76.6361653261849
228.17119886916993	-76.6314833028949
234.68287541803653	-76.63331289340401
241.19455196690313	-76.63495961191218
247.70622851576974	-76.62698074930456
251.57353851799874	-76.62808768639813
255.44084852022775	-76.630848761211
259.3081585224567	-76.63330841452789
263.1754685246857	-76.63551177893216
267.0427785269147	-76.63594990876445
270.91008852914365	-76.63545563225249
274.7773985313726	-76.6363389490346
278.6447085336016	-76.63649484268633
282.5120185358306	-76.63530105141345
289.72431749555864	-76.63645734098138
296.9366164552867	-76.63521163262028
304.14891541501476	-76.63593788261589
311.3612143747428	-76.63770088465807
318.5735133344709	-76.63565920547022
325.78581229419893	-76.63428037654063
332.998111253927	-76.63811433017587
340.21041021365505	-76.6381429343865
347.4227091733831	-76.6328239976136
354.63500813311117	-76.63592167519043
361.84730709283923	-76.64194780853302
369.0596060525673	-76.63715676311689
372.7880703305777	-76.63672149058415
376.5165346085881	-76.63642867473129
380.24499888659847	-76.6359690682056
389.44728656353175	-76.63692095771064
398.64957424046503	-76.636476622908
407.8518619173983	-76.63582006064544
429.3115914117916	-76.63772970894428
450.7713209061849	-76.63490242200255
456.1362532797832	-76.63646798354785
461.5011856533815	-76.6367585530124
466.86611802697985	-76.63632849710535
472.23105040057817	-76.63639387744186
477.5959827741765	-76.63673667242816
488.2230134586944	-76.63649256107364
498.85004414321236	-76.6366158762886
516.6058671444947	-76.6371202949126
530.9999999999882	-76.63648845534391
531.0000000000059	-76.63648845534391
531.0000060327914	-76.63561897924292
531.0000316358788	-76.63194911732552
531.000266684872	-76.59959286880981
531.0005017338652	-76.5683257288798
531.0009864358847	-76.5062737844884
531.0014711379041	-76.44682742896813
531.0026252498615	-76.31287000979374
531.0037793618188	-76.1870307316959
531.0049334737762	-76.06682749511856
531.0060875857336	-75.95085332156766
531.0072416976909	-75.83830412369245
531.0093487218803	-75.6398026111786
531.0114557460697	-75.44921727353645
531.0149232093173	-75.14957333307436
531.0183906725649	-74.8642790848455
531.0241485370557	-74.4154659123444
531.0299064015464	-73.9907583141199
531.0356642660372	-73.58503244437175
531.041422130528	-73.19507953198395
531.0471799950187	-72.81858001543057
531.0562535064064	-72.24857913105322
531.0653270177941	-71.70238240759447
531.0744005291817	-71.17616394165192
531.0880904156771	-70.4144837042476
531.1017803021725	-69.68592504556807
531.1228322316716	-68.61978283616222
531.1438841611707	-67.60928926852411
531.1649360906698	-66.64623734576149
531.1859880201689	-65.72426511720717
531.207039949668	-64.83836217237142
531.2406630544807	-63.48888852815932
531.2742861592934	-62.21015323374421
531.3079092641061	-60.99382373662576
531.3415323689188	-59.833231920931944
531.3751554737315	-58.722814736249695
531.4311532198038	-56.9724260832034
531.4871509658761	-55.33066834629128
531.5431487119484	-53.78207177441121
531.6284505040626	-51.56481920101621
531.7137522961767	-49.45690257722814
531.7990540882909	-47.36012265721547
531.884355880405	-45.11707934110932
531.9696576725191	-42.41929594374817
532.02888750312	-39.95076398029958
532.0881173337209	-36.44169900914712
532.1029247913712	-35.295731870134446
532.1177322490214	-33.985070505214
532.1325397066717	-32.46981273032257
532.1473471643219	-30.699237125375564
532.1621546219721	-28.60481718479763
532.1769620796224	-26.096234062806154
532.1917695372726	-23.06323696621924
532.2065769949229	-19.385739215708867
532.2213844525731	-14.963806419278994
532.2361919102234	-9.769810451231509
532.245864144373	-6.005207034573228
532.2555363785225	-2.0313892303932435
532.265208612672	2.040527400582888
532.2748808468216	6.080031596806704
532.2813375742409	8.694186169210203
532.2877943016601	11.201531021303072
532.2942510290794	13.57160644706877
532.3007077564987	15.780403181240999
532.307164483918	17.812069485861347
532.3136212113372	19.658487559958786
532.3200779387565	21.317569858599306
532.3265346661758	22.791802930346364
532.3329913935951	24.087365323830475
532.3394481210144	25.213260983444336
532.3459048484336	26.18019605693908
532.3523615758529	26.999506110969126
532.3588183032722	27.682480675190188
532.3652750306915	28.240066042873078
532.3717317581107	28.6827001622964
532.3820286031654	29.17458423072594
532.39232544822	29.434182855044853
532.4026222932747	29.49237459469344
532.4129191383294	29.376157061562978
532.423215983384	29.10940988537938
532.4335128284387	28.71337810183378
532.4438096734933	28.20703781958592
532.454106518548	27.607392786348782
532.4644033636026	26.92966955475059
532.4747002086573	26.187419843449952
532.4849970537119	25.39258008960166
532.4952938987666	24.555531591103634
532.5055907438212	23.68517990586743
532.5158875888759	22.78905899772421
532.5261844339306	21.87346279843161
532.5364812789852	20.943601290776495
532.5467781240399	20.003768536255574
532.5570749690945	19.057505379179727
532.5673718141492	18.107740692887127
532.5776686592038	17.156902343350065
532.5879655042585	16.206999391717805
532.5982623493131	15.259682211190068
532.6085591943678	14.316288333677385
532.6188560394224	13.377880204609992
532.6291528844771	12.445278723062106
532.6394497295317	11.519095036918223
532.6497465745864	10.599762053174816
532.6653905600227	9.21674801373375
532.681034545459	7.850707262298178
532.6966785308954	6.501729050226233
532.7123225163317	5.169668220424419
532.727966501768	3.85427310399305
532.7436104872044	2.555236892370199
532.7592544726407	1.2722200490062936
532.774898458077	0.004873855590508739
532.7905424435133	-1.2471498468897673
532.8061864289497	-2.4842187585621316
532.821830414386	-3.7067535653969026
532.8374743998223	-4.915249562181609
532.8531183852587	-6.110286011042397
532.868762370695	-7.292525368606124
532.8844063561313	-8.46261759939621
532.9000503415676	-9.621082458299966
532.915694327004	-10.76827826454106
532.9313383124403	-11.90428250204495
532.9469822978766	-13.0275710371813
532.9626262833129	-14.134912201993973
532.9782702687493	-15.226024594695666
532.9939142541856	-16.301300575239058
533.0095582396219	-17.35941021302111
533.0252022250583	-18.39961379922699
533.0408462104946	-19.423598838408925
533.0564901959309	-20.433678917658664
533.0721341813672	-21.430834765286377
533.0877781668036	-22.4153308043701
533.1034221522399	-23.388174567405507
533.1190661376762	-24.351208377753935
533.1347101231125	-25.306193159160525
533.1503541085489	-26.2543472920649
533.1659980939852	-27.196652053243515
533.1816420794215	-28.134196602829626
533.1972860648578	-29.068077729610213
533.2129300502942	-29.999092219514228
533.2285740357305	-30.927617087985183
533.2442180211668	-31.853694575547824
533.2598620066032	-32.77707068822299
533.2755059920395	-33.697097313755165
533.2911499774758	-34.61264380611774
533.3067939629121	-35.522122490576514
533.3224379483485	-36.42355509244815
533.3380819337848	-37.314602241133095
533.3537259192211	-38.19260135880825
533.3693699046574	-39.0546945817071
533.3850138900938	-39.898139802023714
533.4006578755301	-40.72062753719357
533.4163018609664	-41.52051586908093
533.4319458464028	-42.296783457375824
533.4475898318391	-43.04980047441341
533.4632338172754	-43.780815867270206
533.4788778027117	-44.48939559483178
533.4945217881481	-45.174793314406166
533.5101657735844	-45.83724963310618
533.5258097590207	-46.47640992325773
533.541453744457	-47.090516667672674
533.5570977298934	-47.67793931601174
533.5727417153297	-48.23812758134664
533.588385700766	-48.770826738378354
533.6040296862024	-49.27539549356606
533.6196736716387	-49.751172632402245
533.635317657075	-50.19797129223666
533.6509616425113	-50.61601135590585
533.6666056279477	-51.00563931771665
533.682249613384	-51.367274672633165
533.6978935988203	-51.70151769746008
533.7135375842566	-52.00918314661113
533.7379420860786	-52.43831975253089
533.7623465879007	-52.80918019031012
533.7867510897227	-53.126287984943986
533.8111555915447	-53.39438108407441
533.8355600933667	-53.61824967660796
533.8599645951887	-53.80260239983814
533.8843690970107	-53.951962940872235
533.9087735988327	-54.07059383145197
533.9331781006547	-54.16244277376153
533.9575826024767	-54.23111088669914
533.9819871042987	-54.27984345351658
534.0063916061207	-54.31153800712316
534.0307961079427	-54.32876043368874
534.0552006097647	-54.3337634415299
534.0942551206414	-54.32115700522132
534.133309631518	-54.28887658667403
534.1723641423947	-54.24209726581609
534.2114186532714	-54.184826453215045
534.250473164148	-54.12014429128269
534.2895276750247	-54.05038852949076
534.3285821859014	-53.977308457820854
534.367636696778	-53.90219533848785
534.4066912076547	-53.82598760104984
534.4746107991365	-53.692773643779475
534.5425303906183	-53.56041585350461
534.6104499821	-53.429714039262926
534.6783695735818	-53.300766259961776
534.7462891650636	-53.1733694911455
534.8142087565453	-53.04735530692105
534.8821283480271	-52.92245843086762
534.9500479395089	-52.79833569140683
535.0179675309906	-52.67460206301189
535.0858871224724	-52.550875343276246
535.1538067139542	-52.42679742073163
535.2217263054359	-52.302034665001905
535.2896458969177	-52.176273653751444
535.3575654883995	-52.049222648656134
535.4254850798812	-51.92061822516171
535.493404671363	-51.79023053710079
535.6045593555526	-51.5725025124667
535.7157140397422	-51.3487971479877
535.8268687239319	-51.11850205359927
535.9380234081215	-50.88117099757373
536.0491780923111	-50.63640022569648
536.1603327765007	-50.38378017656652
536.3384217588035	-49.961446944057855
536.5165107411063	-49.51531847269149
536.6945997234092	-49.042042725976046
536.9929246076205	-48.1737182713185
537.2912494918318	-47.1739124830682
537.5895743760431	-45.96396171592301
537.8878992602544	-44.358074507349194
538.0641242330122	-43.06187675897495
538.24034920577	-41.237854358728306
538.2844054489595	-40.650912362915
538.3284616921491	-39.983267133643125
538.3725179353386	-39.21604869598045
538.4165741785281	-38.32581508273785
538.4606304217176	-37.27631885475051
538.5046866649071	-36.01612645474969
538.5487429080966	-34.47295012841333
538.5927991512862	-32.54366148045928
538.6368553944757	-30.07762953529537
538.6663951246408	-28.021204548834657
538.6959348548058	-25.55144046110904
538.7254745849709	-22.59196875907353
538.7431452608021	-20.563139701928847
538.7608159366332	-18.34061179430417
538.7731347661847	-16.684585494426877
538.7854535957363	-14.953213455804756
538.7938796495824	-13.733593877615336
538.8023057034286	-12.492421090750415
538.8107317572748	-11.23694019947944
538.8191578111209	-9.97478662291221
538.8275838649671	-8.713704820783958
538.8360099188133	-7.461862284110041
538.8444359726594	-6.227335012902424
538.8528620265056	-5.017562190994059
538.8612880803518	-3.839179215082004
538.8697141341979	-2.6980037518313256
538.8781401880441	-1.598963879022423
538.8865662418903	-0.5460325412697743
538.8949922957364	0.4577343529043887
538.9034183495826	1.4100791874972016
538.9118444034287	2.3094162001456326
538.92489042774	3.5950020923717485
538.9379364520513	4.749370088055619
538.9509824763626	5.772844322889849
538.9640285006739	6.666958523169284
538.9770745249851	7.43410449643888
538.9901205492964	8.077478304676866
539.0031665736077	8.601027977810922
539.016212597919	9.00935087234183
539.0292586222303	9.307598924280072
539.0423046465415	9.501413535186204
539.0553506708528	9.596866706348328
539.0683966951641	9.600379368386967
539.0814427194754	9.518604299223622
539.0944887437867	9.35828050545271
539.1075347680979	9.126076661121196
539.1205807924092	8.828441145356777
539.1336268167205	8.471470258390381
539.1466728410318	8.060804987801147
539.159718865343	7.601572182629501
539.1727648896543	7.098383120454599
539.1858109139656	6.555383325521012
539.1988569382769	5.976327215762062
539.2119029625882	5.364648539819519
539.2249489868994	4.723511539585006
539.2379950112107	4.055842481596872
539.251041035522	3.3643477519327116
539.2640870598333	2.6515253608828475
539.2771330841446	1.9196757150475277
539.2901791084558	1.1709162137482365
539.3032251327671	0.40720043040760456
539.3162711570784	-0.36966151523486446
539.3373653983591	-1.6493279374449021
539.3584596396398	-2.9524758138659504
539.3795538809205	-4.273277813657447
539.4006481222012	-5.606508185672624
539.4217423634819	-6.947487948412904
539.4428366047626	-8.292024577336303
539.4639308460434	-9.636264807511496
539.4850250873241	-10.976584041795777
539.5061193286048	-12.309397461849452
539.5272135698855	-13.629857675928799
539.5483078111662	-14.933344310256508
539.5694020524469	-16.216969421470655
539.5904962937276	-17.478478048762106
539.6115905350083	-18.71587591008996
539.632684776289	-19.927944467921996
539.6537790175697	-21.11441618930377
539.6748732588504	-22.275618306275287
539.6959675001311	-23.412084917456898
539.7170617414118	-24.524390638013255
539.7381559826925	-25.613115559071087
539.7592502239733	-26.678809304632644
539.780344465254	-27.721922776435555
539.8014387065347	-28.74273656718576
539.8225329478154	-29.741309100096927
539.8436271890961	-30.71744493384374
539.8647214303768	-31.670680490715192
539.8858156716575	-32.60029601071056
539.9069099129382	-33.50534025481187
539.9280041542189	-34.38468327933295
539.9490983954996	-35.237077490105534
539.9701926367803	-36.06122226624819
539.991286878061	-36.855832028158616
540.0123811193417	-37.61971308500962
540.0334753606224	-38.351852677929436
540.0545696019032	-39.0515194754456
540.0756638431839	-39.71842213786064
540.0967580844646	-40.35286553153412
540.1178523257453	-40.95571306811601
540.138946567026	-41.528208349701906
540.1600408083067	-42.071771282272394
540.1811350495874	-42.58803883162865
540.2022292908681	-43.07854100752588
540.2233235321488	-43.544327731610046
540.2444177734295	-43.98619985456921
540.2655120147102	-44.404929310318565
540.2866062559909	-44.80120092285733
540.3077004972716	-45.175598473220575
540.3287947385523	-45.528708139091606
540.3618584850357	-46.04099237581286
540.394922231519	-46.50551238833639
540.4279859780023	-46.92531696097844
540.4610497244856	-47.30353848643328
540.494113470969	-47.64327500430222
540.5271772174523	-47.94751251674859
540.5602409639356	-48.219111822062835
540.5933047104189	-48.460845307552376
540.6263684569022	-48.67546210412999
540.6594322033856	-48.86575103882164
540.6924959498689	-49.034559920075026
540.7255596963522	-49.18474339402011
540.7586234428355	-49.3190720890631
540.7916871893188	-49.440135719144074
540.8247509358022	-49.550275369646705
540.8578146822855	-49.651543227367796
540.8908784287688	-49.74568332348937
540.9239421752521	-49.83413455662232
540.9570059217355	-49.9180541227663
540.9900696682188	-49.99835132234274
541.0231334147021	-50.07572164149524
541.0561971611854	-50.150678149383694
541.0892609076687	-50.22358236802256
541.1223246541521	-50.294675721253654
541.1553884006354	-50.364109193794164
541.2084439576959	-50.47227518445456
541.2614995147563	-50.57652587300513
541.3145550718168	-50.6767738923886
541.3676106288773	-50.77277564539891
541.4206661859378	-50.86415153640972
541.4737217429982	-50.95043190560279
541.5267773000587	-51.03114703592333
541.5798328571192	-51.10590277750995
541.6328884141797	-51.17440935700707
541.6859439712401	-51.23648293042111
541.7389995283006	-51.29203514314398
541.7920550853611	-51.341061362350246
541.8451106424216	-51.38362911982148
541.898166199482	-51.41986681952346
541.9512217565425	-51.44995216841339
542.004277313603	-51.47409913697036
542.0573328706635	-51.49254369415385
542.1103884277239	-51.50553044330448
542.1634439847844	-51.51330211415712
542.2164995418449	-51.51609247105098
542.2964935499938	-51.51135628343159
542.3764875581427	-51.49648143480537
542.4564815662916	-51.47210945890457
542.5364755744405	-51.43882322808394
542.6164695825894	-51.39715392956846
542.6964635907383	-51.34759008812214
542.8186656238328	-51.25764131799177
542.9408676569273	-51.15179582383146
543.0630696900217	-51.03138229268527
543.295285811309	-50.7664909269156
543.5275019325962	-50.45961253184769
543.7597180538835	-50.115566369907086
543.9919341751707	-49.737242555011996
544.224150296458	-49.32598450569977
544.4563664177452	-48.88108021213038
544.6885825390325	-48.40005146844594
545.0488454903957	-47.567126111390486
545.4091084417589	-46.593260104486745
545.7693713931221	-45.38698748284922
546.1296343444853	-43.72785375942334
546.2197000823261	-43.191487650512634
546.3097658201668	-42.57259930844377
546.3998315580076	-41.84676087594655
546.4898972958483	-40.97801785538899
546.5799630336891	-39.90977592084602
546.6700287715298	-38.54836669704363
546.7600945093706	-36.73060273500931
546.8501602472113	-34.16371045716694
546.8726766816715	-33.35314904355875
546.8951931161316	-32.450611535301626
546.9177095505918	-31.441888383892714
546.9402259850519	-30.311245015008215
546.9627424195121	-29.039786711659723
546.9852588539723	-27.60559819650572
547.0077752884324	-25.98543121375666
547.0302917228926	-24.157159017136795
547.0528081573527	-22.10338503841612
547.0753245918129	-19.817017676606845
547.097841026273	-17.309493549480234
547.1203574607332	-14.617358492452922
547.1349755276066	-12.800065057649098
547.144821804363	-11.559222057779602
547.1546680811194	-10.314173252286084
547.1645143578759	-9.072774338903088
547.1743606346323	-7.843091599964199
547.1807240793011	-7.058413583933937
547.1870875239698	-6.28408288889089
547.1934509686386	-5.522097161650788
547.1998144133073	-4.7744299992484835
547.2061778579761	-4.042991915015088
547.2125413026448	-3.3295480157994493
547.2189047473136	-2.635662719235915
547.2252681919823	-1.9626871169482283
547.2316316366511	-1.3117671158972517
547.241860503359	-0.3140186486921256
547.252089370067	0.6212766618204633
547.262318236775	1.492100737424174
547.2725471034829	2.297234548406103
547.2827759701909	3.0360932123742725
547.2930048368988	3.708627720871805
547.3032337036068	4.315253333648966
547.3134625703148	4.8567821724076605
547.3236914370227	5.334361281786196
547.3407778435916	5.993464358575389
547.3578642501604	6.486338331954144
547.3749506567293	6.822776665895154
547.3920370632982	7.013715050040705
547.409123469867	7.070882202968951
547.4262098764359	7.006318684898506
547.4432962830048	6.831765263165618
547.4603826895736	6.5581004499705715
547.4774690961425	6.194990937698638
547.4945555027114	5.750836410854179
547.5116419092802	5.232976608970263
547.5287283158491	4.648010116053193
547.545814722418	4.002048710125632
547.5629011289868	3.3008320035789915
547.5799875355557	2.549749585986994
547.5970739421246	1.7538517501133273
547.6141603486934	0.9178842007405894
547.6312467552623	0.046334784356128304
547.6483331618311	-0.856531933044831
547.6654195684	-1.7866623194286861
547.6825059749689	-2.7402139307679585
547.6995923815377	-3.713559125329336
547.7166787881066	-4.703279979113366
547.7337651946755	-5.706161030626642
547.7508516012443	-6.719184968372585
547.7679380078132	-7.739533171682165
547.7850244143821	-8.764580498191863
547.8021108209509	-9.791873367508632
547.8191972275198	-10.819116827403917
547.8362836340887	-11.844147118710898
547.8533700406575	-12.864625199760537
547.8704564472264	-13.877873223012791
547.8875428537953	-14.88190297804896
547.9046292603641	-15.875154212787848
547.921715666933	-16.856189453900882
547.9388020735018	-17.823833117814175
547.9646422941853	-19.260227674090924
547.9904825148687	-20.663036679927693
548.0163227355522	-22.03175039480639
548.0421629562356	-23.36643299399783
548.0680031769191	-24.667376283331908
548.0938433976025	-25.934903615388567
548.119683618286	-27.169268990472265
548.1455238389694	-28.370548821578573
548.1713640596529	-29.538537604697694
548.1972042803363	-30.67271072904127
548.2230445010198	-31.772243350513577
548.2488847217032	-32.83602882622145
548.2747249423867	-33.86271028459083
548.3005651630701	-34.85079502510172
548.3264053837536	-35.79887136229178
548.352245604437	-36.705844242674274
548.3780858251205	-37.57109503285485
548.4039260458039	-38.39455890084834
548.4297662664874	-39.17675817977287
548.4556064871708	-39.91887461912313
548.4814467078543	-40.62276746638586
548.5072869285377	-41.29076698274167
548.5331271492212	-41.92509533534323
548.5589673699046	-42.52766357408305
548.5848075905881	-43.10016569841481
548.6106478112715	-43.64351121746361
548.636488031955	-44.15820484557609
548.6623282526384	-44.64490318294185
548.6881684733219	-45.10438956179323
548.7140086940053	-45.537446995926885
548.7398489146888	-45.94493290041082
548.7656891353722	-46.32787969399269
548.7915293560557	-46.6874809489279
548.8173695767391	-47.02500932543741
548.8432097974226	-47.341748234385705
548.869050018106	-47.638962511252956
548.8948902387895	-47.917891289747125
548.9207304594729	-48.17974280575928
548.9465706801564	-48.425684707486305
548.9724109008398	-48.656833631436946
548.9982511215233	-48.87424832436346
549.0374273657408	-49.17988862904959
549.0766036099583	-49.4594625253951
549.1157798541758	-49.71588431395568
549.1549560983933	-49.951767748340686
549.1941323426108	-50.16940214964724
549.2333085868283	-50.3707520677762
549.2724848310459	-50.557470851911056
549.3116610752634	-50.73093964704255
549.3508373194809	-50.892313770933654
549.3900135636984	-51.04256332472833
549.4291898079159	-51.182512971671514
549.4683660521334	-51.31288244931377
549.507542296351	-51.43431713187364
549.5467185405685	-51.54740233418144
549.585894784786	-51.65266867545071
549.6250710290035	-51.750598006004516
549.664247273221	-51.841630918309164
549.7034235174385	-51.926172084981914
549.742599761656	-52.00459265208676
549.7817760058736	-52.077232384630214
549.8209522500911	-52.144403428831126
549.8601284943086	-52.20639505002692
549.8993047385261	-52.26347791442176
549.9384809827436	-52.31590722784809
549.9776572269611	-52.363924756458594
550.0168334711786	-52.40775996101897
550.0782918885736	-52.46861037686642
550.1397503059686	-52.520473629849455
550.2012087233636	-52.56404968408006
550.2626671407586	-52.59998373775573
550.3241255581536	-52.62884385648354
550.3855839755486	-52.65112341995097
550.4470423929436	-52.667249849116494
550.5085008103385	-52.67759475659388
550.5699592277335	-52.68248381661682
550.6314176451285	-52.682206077445514
550.7245559505475	-52.67250417938749
550.8176942559664	-52.65234927971042
550.9108325613854	-52.62249157652682
551.0730670778573	-52.549329432911684
551.2353015943293	-52.4519940684158
551.3975361108012	-52.33340016139872
551.5597706272731	-52.19599556162557
551.722005143745	-52.04191574603492
551.884239660217	-51.87296288443661
552.139128172646	-51.580967163318476
552.394016685075	-51.26048096689144
552.6489051975041	-50.91475214344582
552.9037937099331	-50.5457673233032
553.1586822223621	-50.15370904985127
553.4135707347912	-49.73767570917824
553.8019857932184	-49.050617006777244
554.1904008516456	-48.28164092424806
554.5788159100728	-47.3957997548105
554.9672309685	-46.30480222081307
555.3556460269272	-44.80817122796906
555.452749791534	-44.33094563192934
555.5498535561408	-43.77732793115796
555.6469573207476	-43.12098766810022
555.7440610853544	-42.32790168581148
555.8411648499612	-41.34714393882314
555.938268614568	-40.08015084675719
556.0353723791748	-38.35287280598136
556.1324761437816	-35.8649616721989
556.1567520849333	-35.06211753139839
556.181028026085	-34.147757753325365
556.2053039672367	-33.10656412277473
556.2425975412389	-31.204510832452996
556.2798911152411	-28.836567281022802
556.3028657656457	-27.086877568115124
556.3258404160504	-25.065779488224774
556.348815066455	-22.73589569880755
556.3717897168597	-20.075039371237136
556.3947643672643	-17.083603895486142
556.4091422745281	-15.055250727442136
556.4235201817919	-12.930271996825136
556.4378980890557	-10.73846687386387
556.4522759963195	-8.515694904827457
556.4613088301005	-7.119134440136815
556.4703416638815	-5.733856250615244
556.4793744976625	-4.3695944852544635
556.4884073314436	-3.035477368466785
556.4974401652246	-1.739731332848867
556.5064729990056	-0.4894756454134779
556.5121968517801	0.2762919709757254
556.5179207045546	1.0199086603963674
556.5236445573291	1.7402321685122557
556.5293684101036	2.4362731750158497
556.5350922628782	3.107182692615438
556.5408161156527	3.752235535830457
556.5465399684272	4.370812913428524
556.5522638212017	4.962389451687847
556.5579876739762	5.526528892907075
556.5637115267507	6.062887854818185
556.5694353795252	6.571224093638743
556.5751592322997	7.051404579364196
556.5808830850742	7.503409674087329
556.5866069378487	7.927331526212204
556.5923307906232	8.323366746007416
556.6014743417484	8.89892380546694
556.6106178928735	9.405664337257742
556.6197614439986	9.845533806448724
556.6289049951238	10.220787015299413
556.6380485462489	10.533891570258179
556.647192097374	10.787455141689374
556.6563356484992	10.984182460078463
556.6719798611524	11.196903837012742
556.6876240738056	11.26542868713196
556.7032682864589	11.20375758430519
556.7189124991121	11.025332420525041
556.7345567117653	10.74260072582577
556.7502009244186	10.36670616698031
556.7658451370718	9.907413598813134
556.781489349725	9.373281469696279
556.7971335623782	8.771953440374023
556.8127777750315	8.110405324930932
556.8284219876847	7.395072463722692
556.8440662003379	6.631888008916387
556.8597104129911	5.826297289516082
556.8753546256444	4.983286756630326
556.8909988382976	4.107430704853577
556.9066430509508	3.202943432488811
556.9222872636041	2.273725190093119
556.9379314762573	1.3233965388173279
556.9535756889105	0.3553246095767756
556.9692199015637	-0.6273548610667268
556.984864114217	-1.6217212757706239
557.0005083268702	-2.6250594035630423
557.0161525395234	-3.634856333932202
557.0317967521767	-4.648800078061711
557.0474409648299	-5.6647830344492265
557.0630851774831	-6.68090809974301
557.0787293901363	-7.695495480937046
557.0943736027896	-8.70708347187839
557.1100178154428	-9.714389722809234
557.125662028096	-10.716270037140674
557.1413062407493	-11.711685313957862
557.1569504534025	-12.69947324467959
557.1725946660557	-13.677828168463076
557.188238878709	-14.645561415620271
557.2038830913622	-15.60186203754917
557.2280545147225	-17.055118360099097
557.2522259380829	-18.477038710882745
557.2763973614433	-19.86619370122178
557.3005687848037	-21.222629024912354
557.324740208164	-22.546952213472917
557.3489116315244	-23.839895754950707
557.3730830548848	-25.102124721887083
557.3972544782451	-26.334225565906394
557.4214259016055	-27.5366911174351
557.4455973249659	-28.709857940175645
557.4697687483263	-29.853826303461826
557.4939401716866	-30.968436564723014
557.518111595047	-32.05331417655747
557.5422830184074	-33.107922035288475
557.5664544417677	-34.131573345025686
557.5906258651281	-35.123430172375606
557.6147972884885	-36.08254417802264
557.6389687118489	-37.007950190635206
557.6631401352092	-37.89877553713388
557.6873115585696	-38.7543544518058
557.71148298193	-39.57440391113885
557.7356544052903	-40.359227795758315
557.7598258286507	-41.109825301241294
557.7839972520111	-41.82781529094243
557.8081686753715	-42.51508382338373
557.8323400987318	-43.1737120178359
557.8565115220922	-43.80472727693402
557.8806829454526	-44.408147790155546
557.904854368813	-44.98380351237976
557.9290257921733	-45.531473910216874
557.9531972155337	-46.05077824834006
557.9773686388941	-46.541376601944364
558.0015400622544	-47.00324725132277
558.0257114856148	-47.43675307629774
558.0498829089752	-47.842552612244916
558.0740543323355	-48.22151016374972
558.0982257556959	-48.57465387016563
558.1223971790563	-48.903155174804375
558.1465686024167	-49.208306468681634
558.170740025777	-49.4914958722287
558.1949114491374	-49.75418379824924
558.2190828724978	-49.99788211648271
558.2432542958582	-50.224133229008885
558.2674257192185	-50.434487109689066
558.2915971425789	-50.6304714233419
558.3157685659393	-50.81355979487373
558.3399399892996	-50.985144499450904
558.36411141266	-51.146516738086625
558.3882828360204	-51.29885400086204
558.4124542593808	-51.443213193068345
558.4366256827411	-51.58052908375643
558.4732097819677	-51.776752531034305
558.5097938811944	-51.96104566751067
558.546377980421	-52.135252880353924
558.5829620796476	-52.30079316254046
558.6195461788742	-52.458750250127515
558.6561302781008	-52.609957704759836
558.6927143773274	-52.75505837298201
558.729298476554	-52.8945469086449
558.7658825757807	-53.02880248835667
558.8024666750073	-53.1581134602019
558.8390507742339	-53.282692829643075
558.8756348734605	-53.40268563259907
558.9325733786487	-53.58050660099392
558.9895118838369	-53.74754867838302
559.0464503890252	-53.903824474388706
559.1033888942134	-54.04936094621353
559.1603273994016	-54.1842448188778
559.2172659045898	-54.30863368747856
559.274204409778	-54.4227616706964
559.3311429149662	-54.52694092199315
559.3880814201544	-54.62154573773279
559.4450199253426	-54.70698567390421
559.5019584305309	-54.78368540529939
559.5588969357191	-54.852075419452355
559.6158354409073	-54.912585031938896
559.6727739460955	-54.96563329204445
559.7297124512837	-55.01162134381664
559.8167256372083	-55.069121016425115
559.9037388231328	-55.112287217675
559.9907520090574	-55.14227916201902
560.0777651949819	-55.16015314963519
560.1647783809065	-55.16687877382253
560.3035670230013	-55.156741709011236
560.4423556650961	-55.12378469907116
560.6513116329069	-55.037278683206615
560.8602676007176	-54.9137800012128
561.0692235685284	-54.759887425932455
561.2781795363392	-54.5808399895741
561.4871355041499	-54.38088339135593
561.6960914719607	-54.16373680109095
561.9050474397715	-53.9324505305817
562.1140034075822	-53.68940817268832
562.322959375393	-53.43628462398094
562.5319153432038	-53.17448464960875
562.7408713110145	-52.905066771234
562.9498272788253	-52.62886035143636
563.1587832466361	-52.34608055870706
563.3677392144468	-52.056936724346215
563.6812813001866	-51.61006706249303
563.9948233859263	-51.1471345805237
564.3083654716661	-50.662748455876496
564.6219075574058	-50.15336400510447
564.9354496431456	-49.60671972564034
565.2489917288854	-49.00785676986091
565.5625338146251	-48.32750000103762
565.8760759003649	-47.52852751565262
566.1896179861046	-46.50938531733754
566.5031600718444	-45.03116333043057
566.5815455932793	-44.53860457094994
566.6599311147143	-43.960454108057064
566.7843196133729	-42.793636395357794
566.9087081120315	-41.130867046489186
566.9854210740523	-39.68395876176547
567.0621340360731	-37.66295321774888
567.1137300023978	-35.78491815174878
567.1653259687225	-33.22665171843031
567.2169219350473	-29.580159008113796
567.2490148334633	-26.484238736389997
567.2811077318794	-22.48250334187592
567.3027117825595	-19.17195367181286
567.3243158332397	-15.33248765379072
567.3390717990576	-12.428512068933989
567.3538277648755	-9.350461859450451
567.3685837306934	-6.169899780140917
567.3833396965114	-2.9730227717639743
567.3980956623293	0.14657147030735224
567.4128516281472	3.1029516068887615
567.4276075939651	5.829555847358446
567.4423635597831	8.282624853940876
567.457119525601	10.438925183423496
567.465752343625	11.55940523755911
567.474385161649	12.576393822602128
567.483017979673	13.492409682753587
567.491650797697	14.310697942452347
567.4976568380445	14.824152614797839
567.5036628783919	15.292979639891188
567.5096689187393	15.71825126495116
567.5156749590867	16.10110209083659
567.5216809994341	16.44270541730972
567.5276870397815	16.74425497952225
567.533693080129	17.006972398054295
567.5396991204764	17.23212392261477
567.5457051608238	17.42102670668138
567.5547827668813	17.6407626150972
567.5638603729388	17.7856005808537
567.5729379789964	17.86041286793799
567.5820155850539	17.870041600281287
567.5910931911114	17.819227789341046
567.600170797169	17.712556579279944
567.6092484032265	17.55441262888284
567.6229084213825	17.228469720010033
567.6365684395385	16.808281991441334
567.6502284576944	16.305436461553178
567.6638884758504	15.730137499757706
567.6775484940064	15.091383747442626
567.6912085121623	14.397188429132333
567.7048685303183	13.654751537388567
567.7185285484743	12.870554483319756
567.7321885666303	12.050403871669245
567.7458485847862	11.199463628469148
567.7595086029422	10.322297607832368
567.7731686210982	9.4229266512501
567.7868286392542	8.504895360963616
567.8004886574101	7.571340991346562
567.8141486755661	6.625056731054556
567.8278086937221	5.668544251742793
567.8414687118781	4.704054691576579
567.855128730034	3.733620432864429
567.86878874819	2.7590804724320948
567.882448766346	1.7821010330408396
567.896108784502	0.8041928262531527
567.9097688026579	-0.1732759871679741
567.9234288208139	-1.1490739073028382
567.9370888389699	-2.122106982432311
567.9507488571259	-3.091422285618629
567.9644088752818	-4.056210238999753
567.9780688934378	-5.0158052178720585
567.9917289115938	-5.969682300656113
568.0053889297498	-6.917448956741488
568.0190489479057	-7.858834256237195
568.0327089660617	-8.793664603027707
568.0463689842177	-9.721821475514556
568.0600290023737	-10.64319578351538
568.081372985522	-12.068883716329482
568.1027169686703	-13.475392225913845
568.1240609518186	-14.858971949907254
568.1454049349669	-16.218053851844683
568.1667489181152	-17.551901283674173
568.1880929012635	-18.859545465787296
568.2094368844118	-20.140442601946205
568.2307808675602	-21.395094754799224
568.2521248507085	-22.6246317720949
568.2734688338568	-23.83036786933854
568.2948128170051	-25.01359300346866
568.3161568001534	-26.1756037785386
568.3375007833017	-27.317761826587443
568.35884476645	-28.441448338815835
568.3801887495983	-29.547926043248317
568.4015327327467	-30.638170518670403
568.422876715895	-31.712736106530397
568.4442206990433	-32.7716872875631
568.4655646821916	-33.81458715085054
568.4869086653399	-34.840516093494166
568.5082526484882	-35.84811473592849
568.5295966316365	-36.83566340022724
568.5509406147848	-37.80120592952567
568.5722845979332	-38.74271182608643
568.5936285810815	-39.65827925459015
568.6149725642298	-40.5464821549497
568.6363165473781	-41.40666323019889
568.6576605305264	-42.23904850263017
568.6790045136747	-43.044917546404676
568.700348496823	-43.82571610333396
568.7216924799714	-44.58169651330365
568.7430364631197	-45.31258927153671
568.764380446268	-46.018119026218315
568.7857244294163	-46.69761828925847
568.8070684125646	-47.34985271458027
568.8284123957129	-47.97344736445964
568.8497563788612	-48.56734600400198
568.8711003620095	-49.13094763422531
568.8924443451579	-49.664051813334936
568.9137883283062	-50.166811639524774
568.9351323114545	-50.63972878607502
568.9564762946028	-51.08363708790885
568.988619272339	-51.69987162296162
569.0207622500751	-52.257393829106185
569.0529052278113	-52.761326548505146
569.0850482055474	-53.216925432054765
569.1171911832836	-53.62929717089225
569.1493341610197	-54.003233154850584
569.1814771387559	-54.34313703818413
569.213620116492	-54.652977003789424
569.2457630942282	-54.93626825804372
569.2779060719644	-55.196081640503294
569.3100490497005	-55.435071297577664
569.3421920274367	-55.65551887794534
569.3743350051728	-55.859387692857304
569.406477982909	-56.04837408145758
569.4386209606452	-56.22394752481673
569.4707639383813	-56.38738141995021
569.5218836755131	-56.624870519073546
569.5730034126449	-56.83803696638224
569.6241231497767	-57.030033240703254
569.6752428869084	-57.20326897860317
569.7263626240402	-57.35976774268861
569.777482361172	-57.50120764928293
569.8286020983038	-57.62899382137443
569.8797218354356	-57.74432753289627
569.9308415725674	-57.84825621551115
569.9819613096992	-57.94170550124924
570.033081046831	-58.02549939396854
570.0842007839627	-58.100374030103914
570.1353205210945	-58.166988217232515
570.213622665504	-58.25431625133152
570.2919248099134	-58.325470501155074
570.3702269543229	-58.38197783311733
570.4485290987324	-58.42522328527106
570.5268312431418	-58.456374510605194
570.6051333875513	-58.47642346589478
570.6834355319608	-58.48624195196197
570.7617376763702	-58.48661934220001
570.8400398207797	-58.478282686626635
570.9593078314839	-58.450308395477876
571.0785758421881	-58.405818069382924
571.2740393672613	-58.30218449203486
571.4695028923344	-58.16669808910046
571.6649664174075	-58.00557869580936
571.8604299424807	-57.823803254227506
572.1596819853445	-57.51456577672092
572.4589340282083	-57.177498072079224
572.7581860710721	-56.82102197324766
573.057438113936	-56.451349290702176
573.3566901567998	-56.0734633319571
573.8104697857157	-55.49232195811079
574.2642494146315	-54.90832823028421
574.7180290435474	-54.32528218950641
575.1718086724633	-53.74523428974285
575.6255883013791	-53.16653320309161
576.079367930295	-52.587508297514056
576.5331475592109	-51.99858342297499
576.9869271881267	-51.39354522374923
577.4407068170426	-50.75791504479001
577.8944864459585	-50.07615875800719
578.3482660748743	-49.30253168008259
578.8020457037902	-48.35554139002669
579.115924983944	-47.50413457434964
579.4298042640977	-46.31599474380554
579.6197132240565	-45.278101294637
579.8096221840152	-43.71840120781075
579.8570994240049	-43.19353554240322
579.9045766639946	-42.579525978880675
579.9520539039843	-41.85186661339138
579.999531143974	-40.97792215862686
580.0470083839637	-39.903313932600255
580.0944856239533	-38.54497649134534
580.141962863943	-36.77271638237721
580.1894401039327	-34.361803937327316
580.2369173439224	-30.919751477664608
580.2665935141287	-27.963751514410426
580.2962696843349	-24.0922290669421
580.3259458545411	-19.028315703404797
580.3450048485668	-15.044710000422754
580.3640638425924	-10.510796931832674
580.383122836618	-5.570736077285033
580.4021818306436	-0.4904340434727724
580.4141773988848	2.6274120961237095
580.426172967126	5.58990762867439
580.4381685353673	8.334982000522944
580.4501641036085	10.82139132436713
580.4621596718497	13.028578109050097
580.4741552400909	14.952557026137793
580.4861508083321	16.600433456621968
580.4981463765733	17.985821616906097
580.5059767960558	18.756833566259413
580.5138072155383	19.428438108228736
580.5216376350209	20.005905857349298
580.5294680545034	20.49455789881729
580.5372984739859	20.899542342863253
580.5451288934684	21.22573293618941
580.5529593129509	21.47771465221937
580.5607897324334	21.659847862849084
580.5686201519159	21.77635227360197
580.5764505713984	21.83137714545439
580.5842809908809	21.829034718051155
580.5921114103634	21.773388179615026
580.5999418298459	21.66840730239227
580.6077722493284	21.517918363919403
580.6156026688109	21.325567883883956
580.6278363132459	20.94937149645069
580.6400699576809	20.491427686992544
580.6523036021159	19.962504847424864
580.6645372465509	19.37206624678102
580.676770890986	18.728406074087218
580.689004535421	18.038834074111247
580.701238179856	17.309834657943945
580.713471824291	16.547169043050456
580.725705468726	15.755935820621035
580.737939113161	14.940617950717645
580.750172757596	14.105130994448116
580.762406402031	13.252875060483875
580.7746400464661	12.386790448203728
580.7868736909011	11.509417058533959
580.8064286360237	10.088943883650588
580.8259835811464	8.652763526162346
580.845538526269	7.206987103485912
580.8650934713917	5.756684660755443
580.8846484165143	4.306155354479775
580.904203361637	2.8590367149007703
580.9237583067596	1.4183670345308588
580.9433132518823	-0.013363129519486504
580.9628681970049	-1.4341795217974997
580.9824231421276	-2.8426159976111416
581.0019780872502	-4.237706728260523
581.0215330323729	-5.618951792378908
581.0410879774955	-6.986249355347957
581.0606429226182	-8.339814587900777
581.0801978677408	-9.679997608763491
581.0997528128635	-11.0070540218809
581.1193077579861	-12.320824275574694
581.1388627031088	-13.618607968188407
581.1584176482314	-14.897467191705049
581.1779725933541	-16.156535399977443
581.1975275384767	-17.395186670944163
581.2170824835994	-18.61241738274878
581.236637428722	-19.80783432240798
581.2561923738447	-20.982212095099264
581.2757473189673	-22.136923352693067
581.29530226409	-23.27351950961976
581.3148572092126	-24.393581867372358
581.3344121543353	-25.498755658071016
581.3539670994579	-26.59074984192099
581.3735220445806	-27.671241602368628
581.3930769897032	-28.741746383150936
581.4126319348259	-29.803505971978613
581.4321868799485	-30.857403745866645
581.4517418250712	-31.9038979584648
581.4712967701938	-32.942977699659764
581.4908517153165	-33.97414445323878
581.5104066604391	-34.99641552295671
581.5299616055618	-36.00834706386369
581.5495165506844	-37.00808518857899
581.5690714958071	-37.99345507332861
581.5886264409297	-38.962093944686075
581.6081813860524	-39.91164924781672
581.627736331175	-40.84012139480459
581.6472912762977	-41.746201778566444
581.6668462214203	-42.62932275568792
581.686401166543	-43.490216362289495
581.7059561116656	-44.329088340469475
581.7255110567883	-45.14502392293691
581.7450660019109	-45.936977420678126
581.7646209470336	-46.70396949319067
581.7841758921562	-47.44460186929991
581.8037308372789	-48.15704162916135
581.8232857824015	-48.839480144921566
581.8428407275242	-49.49048858879564
581.8623956726468	-50.1090956441387
581.8819506177695	-50.6947583824501
581.9015055628921	-51.24735281282583
581.9210605080148	-51.767178080223985
581.9406154531374	-52.254935859079886
581.9601703982601	-52.71167544842772
581.9797253433827	-53.138718503735795
582.0095483539371	-53.736241732495564
582.0393713644916	-54.274090765092076
582.069194375046	-54.75845242861302
582.0990173856004	-55.195381938346706
582.1288403961548	-55.59055879607947
582.1586634067093	-55.94916995929216
582.1884864172637	-56.27586375861205
582.2183094278181	-56.57473608799944
582.2481324383725	-56.84933801700288
582.277955448927	-57.1027096767651
582.3077784594814	-57.33743745192195
582.3376014700358	-57.555718923386976
582.3674244805902	-57.75942105803667
582.3972474911446	-57.95012812042917
582.442568395781	-58.21803470997248
582.4878893004174	-58.462834566222114
582.5332102050537	-58.68746926547098
582.5785311096901	-58.8942185149656
582.6238520143264	-59.08486650523543
582.6691729189628	-59.26082945969446
582.7144938235991	-59.42326036270779
582.7598147282355	-59.573092224778414
582.8051356328718	-59.71111843298733
582.8504565375082	-59.83804366857889
582.8957774421445	-59.95450895044874
582.9410983467809	-60.061091001256735
582.9864192514173	-60.158309741912014
583.0317401560536	-60.24665416758263
583.07706106069	-60.32660373791278
583.1223819653263	-60.398628594903
583.1677028699627	-60.46317817040668
583.213023774599	-60.520675115592354
583.2583446792354	-60.57151798856059
583.3306793657289	-60.63979405101508
583.4458297598405	-60.71887171317231
583.5609801539522	-60.76599094079032
583.6761305480638	-60.78537325475358
583.7912809421755	-60.78081221968106
583.9064313362871	-60.75549572056258
584.0215817303988	-60.71211850631516
584.1367321245104	-60.65301259044925
584.2518825186221	-60.5802183506631
584.3670329127337	-60.49552158501734
584.5605808051295	-60.33039285728214
584.7541286975252	-60.1420887660522
585.093712120715	-59.76989971521034
585.4332955439049	-59.36199588908781
585.7728789670948	-58.933330419140596
586.1124623902847	-58.49362865564217
586.4520458134746	-58.04943236059182
586.7916292366644	-57.60585035787803
587.1312126598543	-57.1665847584178
587.4707960830442	-56.734071061077024
588.0241029421837	-56.0476764756151
588.5774098013233	-55.3869921487745
589.1307166604628	-54.75309862840128
589.6840235196023	-54.14499171628652
590.2373303787418	-53.55690031285513
590.7906372378814	-52.985998447180634
591.3439440970209	-52.42141948890565
591.8972509561604	-51.87231326046428
592.4505578152999	-51.3078173070087
593.0038646744395	-50.72346097926663
593.557171533579	-50.08318060507882
594.1104783927185	-49.35855907697121
594.2488051075034	-49.15322969622757
594.3871318222882	-48.93177685839968
594.5254585370731	-48.69360531799669
594.6637852518579	-48.438158700071085
594.8021119666428	-48.15569579227556
594.9404386814276	-47.844460729952715
595.0787653962125	-47.4827383325284
595.2170921109973	-47.061484435397766
595.3554188257822	-46.55956436887173
595.493745540567	-45.949493907476615
595.6320722553519	-45.16173784119463
595.7703989701367	-44.07991141144107
595.9087256849216	-42.453361450382495
595.9433073636178	-41.91140520730059
595.977889042314	-41.28481418301513
596.0314749784511	-40.097162283947654
596.0850609145882	-38.54028253052314
596.1386468507253	-36.40944703793057
596.1922327868624	-33.32425279204855
596.2247280621324	-30.71317994360978
596.2572233374024	-27.230328655750515
596.2897186126723	-22.512342050448968
596.3222138879423	-16.119730907808222
596.3254019050765	-15.391237543346536
596.3285899222108	-14.652377843761748
596.331777939345	-13.898437962317022
596.3349659564792	-13.127474216932502
596.3381539736134	-12.34004691105044
596.3413419907477	-11.53758662406621
596.3445300078819	-10.721286588503048
596.3497640265531	-9.353046779931352
596.3549980452243	-7.954089660604112
596.3602320638955	-6.53007194574114
596.3682741251405	-4.308517238445016
596.3763161863855	-2.069498749621899
596.3843582476304	0.15888656099652593
596.3924003088754	2.3480804558942956
596.4004423701203	4.471122485689478
596.4084844313653	6.504905512642663
596.4165264926103	8.429685355153422
596.4245685538552	10.231267718681325
596.4326106151002	11.900617769873373
596.4406526763452	13.433139713918992
596.4486947375901	14.827825097728773
596.4567367988351	16.08641176709654
596.4647788600801	17.212621870003783
596.472820921325	18.211519933053957
596.48086298257	19.08901050370055
596.488905043815	19.85147108763297
596.4969471050599	20.50543113964015
596.5049891663049	21.0575551223701
596.5100119644611	21.35366719536939
596.5150347626173	21.614198943316516
596.5200575607736	21.84065717096945
596.5250803589298	22.03449579642017
596.530103157086	22.1971129276589
596.5351259552423	22.329848624018943
596.5401487533985	22.433986411326103
596.5451715515547	22.510758799769675
596.550194349711	22.561355539191005
596.5552171478672	22.5869326239893
596.5637831036552	22.576020977909863
596.5723490594431	22.501070266472727
596.5809150152311	22.367399828844746
596.589480971019	22.180099804399006
596.598046926807	21.944005139589223
596.606612882595	21.66365389525302
596.6151788383829	21.343252661106217
596.6237447941709	20.986663463156553
596.6323107499588	20.597412472249225
596.6408767057468	20.178713261708296
596.6494426615347	19.73349619970212
596.6623753669868	19.016903329646528
596.6753080724388	18.254189687099984
596.6882407778909	17.452620707397045
596.7011734833429	16.6184772650789
596.714106188795	15.757209604002636
596.727038894247	14.873542845602616
596.7399715996991	13.971538080234168
596.7529043051511	13.054656027231283
596.7658370106031	12.12584029684575
596.7787697160552	11.187607583795597
596.7917024215072	10.242127914810709
596.8046351269593	9.291288048143258
596.8175678324113	8.336739848506339
596.8305005378634	7.379937886863989
596.8434332433154	6.422169172439159
596.8563659487675	5.464576212529351
596.8692986542195	4.5081739079779455
596.8822313596716	3.553860969699635
596.8951640651236	2.602426986855022
596.9080967705756	1.6545579669353379
596.9210294760277	0.7108419616346923
596.9339621814797	-0.22822680075201937
596.9468948869318	-1.162246217046485
596.9598275923838	-2.090904612239773
596.9727602978359	-3.013976369314022
596.9856930032879	-3.9313151970235727
596.99862570874	-4.842846822390409
597.0198503168338	-6.326219524187549
597.0410749249276	-7.794191685789586
597.0622995330214	-9.247277611735544
597.0835241411152	-10.685954017575026
597.104748749209	-12.110222598565397
597.1259733573028	-13.517403889137544
597.1471979653966	-14.902919692054772
597.1684225734904	-16.265874592775294
597.1896471815842	-17.606171914429442
597.210871789678	-18.921560463228513
597.2320963977718	-20.210830946786484
597.2533210058656	-21.476628589753133
597.2745456139594	-22.7228460920457
597.2957702220532	-23.951436217367437
597.316994830147	-25.16322813074712
597.3382194382408	-26.36022887796019
597.3594440463346	-27.545562498362035
597.3806686544284	-28.72179485634713
597.4018932625222	-29.890290556684977
597.423117870616	-31.051852113275164
597.4443424787098	-32.20712022622081
597.4655670868036	-33.3562185456229
597.4867916948974	-34.49836230921687
597.5080163029912	-35.6319242700929
597.529240911085	-36.75466673700296
597.5504655191788	-37.8638466862504
597.5716901272726	-38.95630454678595
597.5929147353664	-40.02872196410752
597.6141393434602	-41.078126559893526
597.635363951554	-42.102493942429646
597.6565885596478	-43.10125341520082
597.6778131677416	-44.07501350907746
597.6990377758354	-45.022616663860084
597.7202623839293	-45.941732192753484
597.741486992023	-46.831072723861595
597.7627116001169	-47.68930046269435
597.7839362082107	-48.513219628425205
597.8051608163045	-49.29915929103451
597.8263854243983	-50.04516511126016
597.8476100324921	-50.75077644335369
597.8688346405859	-51.41564193626373
597.8900592486797	-52.039350447626916
597.9112838567735	-52.62223141313262
597.9325084648673	-53.16565121856334
597.9537330729611	-53.671535725060885
597.9749576810549	-54.141891941228565
597.9961822891487	-54.57877277304435
598.0174068972425	-54.98441970672023
598.0386315053363	-55.36123011942436
598.0598561134301	-55.711560514433266
598.0810807215239	-56.03760913445748
598.1023053296177	-56.34143588134828
598.1235299377115	-56.624996410984124
598.1447545458053	-56.89011781581895
598.1659791538991	-57.13846092494456
598.1872037619929	-57.37152024297957
598.2084283700867	-57.59064826297579
598.2296529781805	-57.79707078959749
598.2508775862743	-57.99189018112892
598.2721021943681	-58.17609169185404
598.2933268024619	-58.350556844155854
598.3145514105557	-58.51607628803699
598.3357760186495	-58.6733581116966
598.3682367004329	-58.89938624859111
598.4006973822163	-59.10956454385448
598.4331580639997	-59.3055377222056
598.4656187457831	-59.48868254837949
598.4980794275665	-59.66015061264167
598.5305401093499	-59.82091716466359
598.5630007911333	-59.97182389648911
598.5954614729167	-60.11359691728453
598.6279221547001	-60.24685195741104
598.6603828364834	-60.372115629899454
598.6928435182668	-60.48985868283381
598.7253042000502	-60.600507958860426
598.7577648818336	-60.70443674897332
598.790225563617	-60.801969957446076
598.8226862454004	-60.89341204402033
598.8551469271838	-60.97906169913374
598.8876076089672	-61.05919665223227
598.9200682907506	-61.13406067726922
598.952528972534	-61.20387870077551
598.9849896543174	-61.26887819045042
599.0174503361008	-61.329286492889665
599.0499110178841	-61.38531347387782
599.0823716996675	-61.437148535189024
599.1148323814509	-61.484974184607324
599.1472930632343	-61.52897367708806
599.1962893526559	-61.58852399851911
599.2452856420774	-61.64030706285565
599.294281931499	-61.684826684792554
599.3432782209205	-61.72254711481248
599.3922745103421	-61.75390418156253
599.4412707997636	-61.77930502651094
599.5158269129433	-61.80736336088926
599.590383026123	-61.82368661220105
599.6649391393028	-61.8293454666349
599.7394952524825	-61.82530598976579
599.8691971246213	-61.79774896692684
599.9988989967602	-61.74751010232369
600.1286008688991	-61.678017023438194
600.2583027410379	-61.59214555689889
600.3880046131768	-61.49234412084591
600.6134349924132	-61.29190838502038
600.8388653716496	-61.064755908467546
601.064295750886	-60.81776615137412
601.2897261301224	-60.55630270303902
601.5151565093588	-60.284630093625466
601.7405868885952	-60.00615605262701
602.1249531017924	-59.5232507422784
602.5093193149895	-59.038387139123486
602.8936855281867	-58.558219289075886
603.2780517413838	-58.08732357212902
603.662417954581	-57.62883100510256
604.0467841677781	-57.18474891285781
604.6357642975591	-56.53485471717047
605.2247444273402	-55.923094543955294
605.8137245571212	-55.34838616361875
606.4027046869022	-54.80932860029498
606.9916848166832	-54.30188790946513
607.5806649464643	-53.82607710006182
608.1696450762453	-53.373504055820696
608.7586252060263	-52.95364803234341
609.3476053358073	-52.553733198103984
609.9365854655883	-52.161486871188394
610.5255655953694	-51.78318853494424
611.1145457251504	-51.41882088718442
611.7035258549314	-51.06310134529902
612.2925059847124	-50.72219631199499
612.8814861144934	-50.38137529516511
613.4704662442745	-50.0291042022438
614.0594463740555	-49.62934901886983
614.2066914065007	-49.52980671974448
614.3539364389459	-49.43352676475473
614.5011814713911	-49.33429396167518
614.6484265038363	-49.22473663416288
614.7956715362815	-49.11302235888819
614.9429165687267	-48.99001014195012
615.0901616011719	-48.8633825846118
615.2374066336171	-48.73151404342123
615.3846516660623	-48.60030064250201
615.5318966985075	-48.45249619916768
615.6791417309527	-48.291347793674056
615.8263867633979	-48.11766051263062
615.9736317958431	-47.93330086333182
616.1208768282883	-47.72500688750619
616.2681218607335	-47.499107761444584
616.4153668931787	-47.23866921369117
616.5626119256239	-46.933138346529574
616.709856958069	-46.556607107825336
616.8571019905143	-46.09641927788612
617.0043470229595	-45.52595927929852
617.1515920554046	-44.76933579126244
617.2988370878498	-43.69981233705289
617.398095434654	-42.67304850492633
617.4973537814582	-41.217740078733904
617.564397508815	-39.834219461628535
617.6314412361718	-37.89387933775394
617.6782224447953	-36.01503695987547
617.7250036534189	-33.437052827462935
617.7717848620424	-29.73619687467778
617.8013115208721	-26.521362940136946
617.8308381797018	-22.323430241747843
617.8603648385315	-16.916389214689083
617.8785618827501	-12.93628655762756
617.8967589269687	-8.534685191427362
617.9149559711873	-3.8822006092797086
617.9331530154059	0.7810694244973801
617.9513500596245	5.190143053832481
617.9639338135138	7.964516980441473
617.9765175674031	10.461335250108194
617.9891013212924	12.661317150957682
618.0016850751817	14.563947948164678
618.014268829071	16.17801533624969
618.0268525829604	17.51894340685767
618.0352455963276	18.27115910062481
618.0436386096949	18.916797322804467
618.0520316230621	19.462176042020893
618.0604246364294	19.913628643433306
618.0688176497966	20.2773353592915
618.0745672864059	20.47891079560066
618.0803169230152	20.643844269004884
618.0860665596244	20.77380372566877
618.0918161962337	20.870390209163396
618.097565832843	20.93515844941955
618.1033154694522	20.969628460768376
618.1090651060615	20.975291351362053
618.1148147426708	20.95361159840989
618.1244428792706	20.85999769689876
618.1340710158705	20.700241729295808
618.1436991524704	20.480529869331946
618.1533272890703	20.2066342825793
618.1629554256701	19.88385864159646
618.17258356227	19.517031633338114
618.1822116988699	19.110540991038974
618.1918398354698	18.668382247252108
618.2014679720696	18.194202323750222
618.2110961086695	17.691333480071126
618.2207242452694	17.162821001433098
618.2303523818692	16.61144657356584
618.2451230399047	15.726880854496004
618.2598936979401	14.802546518938431
618.2746643559756	13.845381151839907
618.289435014011	12.861297386993726
618.3042056720465	11.855327882874166
618.3189763300819	10.831765089368417
618.3337469881174	9.794294017665147
618.3485176461528	8.74610416716431
618.3632883041882	7.689975640143647
618.3780589622237	6.628344792107272
618.3928296202591	5.563355078598192
618.4076002782946	4.496894795435928
618.42237093633	3.430622400394662
618.4371415943655	2.365982356690293
618.4519122524009	1.304217559947687
618.4666829104364	0.24638216343735234
618.4814535684718	-0.8066470873913333
618.4962242265073	-1.8541625352163402
618.5109948845427	-2.895616884595825
618.5257655425781	-3.930610248692121
618.5405362006136	-4.958873571039088
618.555306858649	-5.980251466708074
618.5700775166845	-6.994685185376965
618.5848481747199	-8.00219612039388
618.6071819241309	-9.51258415089851
618.629515673542	-11.00746254212483
618.651849422953	-12.485921814033704
618.674183172364	-13.944714677703585
618.696516921775	-15.379818772456039
618.718850671186	-16.78962254345224
618.741184420597	-18.173272132154008
618.7635181700081	-19.529735425461535
618.7858519194191	-20.85971160346226
618.8081856688301	-22.165129554949296
618.8305194182411	-23.448540652952154
618.8528531676521	-24.71255264892452
618.8751869170632	-25.959688660580497
618.8975206664742	-27.192344357585526
618.9198544158852	-28.412733406043458
618.9421881652962	-29.62276367495459
618.9645219147072	-30.823870800475422
618.9868556641183	-32.016846166106504
619.0091894135293	-33.20173338246869
619.0315231629403	-34.377802347502914
619.0538569123513	-35.543565888294346
619.0761906617623	-36.69681945719527
619.0985244111733	-37.83473738386925
619.1208581605844	-38.95404800642496
619.1431919099954	-40.05130035094529
619.1655256594064	-41.12343055515138
619.1878594088174	-42.1682786320605
619.2101931582284	-43.185282282504275
619.2325269076395	-44.17510873220804
619.2548606570505	-45.136834882279004
619.2771944064615	-46.068360900823734
619.2995281558725	-46.967729110216744
619.3218619052835	-47.833025678649584
619.3441956546945	-48.66187218426905
619.3665294041056	-49.451728605299415
619.3888631535166	-50.20059711404891
619.4111969029276	-50.907395301180436
619.4335306523386	-51.57191527739176
619.4558644017496	-52.19464673877876
619.4781981511607	-52.77664642077717
619.5005319005717	-53.31945830641628
619.5228656499827	-53.82502552260328
619.5451993993937	-54.29556749918192
619.5675331488047	-54.73344574093916
619.5898668982157	-55.1410545749093
619.6122006476268	-55.520747421820786
619.6345343970378	-55.87479179701884
619.6568681464488	-56.20533475502358
619.6792018958598	-56.51437849929591
619.7015356452708	-56.80376815395465
619.735875981192	-57.214224318519136
619.7702163171131	-57.58761013016653
619.8045566530342	-57.92860172816317
619.8388969889553	-58.24118471757021
619.8732373248764	-58.528737203547315
619.9075776607975	-58.79411205824981
619.9419179967186	-59.03971553123563
619.9762583326398	-59.26758185756536
620.0105986685609	-59.47944218930767
620.044939004482	-59.67677943953037
620.0792793404031	-59.86086550803715
620.1136196763242	-60.03278881202875
620.1479600122453	-60.19348584742813
620.1823003481665	-60.34377272206422
620.2166406840876	-60.48436740804828
620.2509810200087	-60.61590350292871
620.2853213559298	-60.73894320964099
620.3414938820831	-60.92316695049993
620.3976664082364	-61.087911578774495
620.4538389343898	-61.23499498780465
620.5100114605431	-61.36590643937128
620.5661839866964	-61.482035745490535
620.6223565128497	-61.58462755697728
620.678529039003	-61.67479266405724
620.7347015651563	-61.753528804185066
620.7908740913097	-61.82173539547141
620.847046617463	-61.88022403425231
620.9032191436163	-61.92972806074373
620.9878700563745	-61.98876442096649
621.0725209691327	-62.03089476069451
621.1571718818909	-62.057929001350864
621.2418227946491	-62.07144890458571
621.3264737074073	-62.07284627077233
621.4543010998638	-62.05460161800596
621.5821284923202	-62.01517063654453
621.784441014286	-61.916951363803484
621.9867535362519	-61.78374716708939
622.1890660582177	-61.62365569478367
622.3913785801835	-61.442822794026696
622.700636839892	-61.137187592946866
623.0098950996005	-60.807341718347516
623.319153359309	-60.46255021787334
623.6284116190175	-60.10987485672005
623.937669878726	-59.75473279448765
624.2469281384344	-59.40106360847222
624.7178487583337	-58.87170567218857
625.188769378233	-58.3592072653478
625.6596899981323	-57.86753869509631
626.3681454683099	-57.17195804972658
627.0766009384874	-56.53166617049427
627.785056408665	-55.94598554414658
628.4935118788426	-55.41355069920682
629.2019673490202	-54.9272274047828
629.9104228191977	-54.484973004834316
630.6188782893753	-54.07552769447997
631.3273337595529	-53.708182982859654
632.0357892297304	-53.39060223384392
632.744244699908	-53.102518653603425
633.4527001700856	-52.83936000135015
634.1611556402631	-52.60772597672053
634.8696111104407	-52.395784706383914
635.5780665806183	-52.212030641338664
636.2865220507958	-52.05080344971278
636.9949775209734	-51.90685064675895
637.703432991151	-51.78650006927429
638.4118884613285	-51.69706762388158
639.1203439315061	-51.64312522921084
639.8287994016837	-51.62433939803875
640.5372548718613	-51.593272007499046
641.2457103420388	-51.53357980024281
641.9541658122164	-51.50484395518235
642.4696327769757	-51.52606550674661
642.985099741735	-51.53799244279171
643.5005667064943	-51.52539712767742
644.0160336712536	-51.541866043463216
644.3794222445603	-51.576148176881894
644.7428108178669	-51.58864064754155
645.1061993911736	-51.582851344526496
645.4695879644803	-51.603119438924345
645.832976537787	-51.65492459475129
646.1963651110937	-51.67599733501541
646.5597536844003	-51.61625885608553
646.8289483564159	-51.582025483893695
647.019919266839	-51.602816944990266
647.2108901772621	-51.61890095630782
647.4018610876851	-51.61940808474812
647.5928319981082	-51.636949839253084
647.7838029085312	-51.677794065960995
647.9747738189543	-51.699928638425384
648.1657447293774	-51.67633253735089
648.3567156398004	-51.66359881312081
648.4915422769744	-51.6829849607692
648.6263689141484	-51.698858827686905
648.7611955513224	-51.697648688634416
648.8960221884964	-51.69704856614428
649.0308488256704	-51.71395498783262
649.1656754628444	-51.73516343666134
649.3005021000184	-51.73680679200071
649.4353287371924	-51.72773866538124
649.5701553743664	-51.73428871679494
649.7049820115404	-51.757840474149546
649.8398086487144	-51.76709817872506
649.9746352858884	-51.75668602712026
650.1094619230624	-51.75329524214763
650.2442885602364	-51.776634381263584
650.3791151974104	-51.79435902955341
650.5139418345844	-51.78716046017221
650.6487684717584	-51.77183874674676
650.7835951089324	-51.79010869320909
650.9184217461064	-51.81503580062653
651.0171207898929	-51.814499641213345
651.1158198336794	-51.81323694162454
651.2145188774659	-51.8219610828999
651.3132179212524	-51.83467953598136
651.4119169650389	-51.83662904104227
651.5106160088254	-51.83066129923124
651.6093150526119	-51.82978399026564
651.7080140963984	-51.83909437474913
651.8067131401849	-51.846508551204046
651.9054121839714	-51.845859365236635
652.0041112277579	-51.843722304612925
652.1028102715444	-51.8492417829853
652.2015093153309	-51.85669453927968
652.3002083591174	-51.85863535657977
652.3989074029039	-51.85671096983453
652.4976064466904	-51.86010872441821
652.5963054904769	-51.86723961935541
652.6950045342634	-51.871055681822575
652.7937035780499	-51.86955242218147
652.8924026218364	-51.870911311932815
652.9911016656229	-51.876067599587905
653.0898007094094	-51.87948408042844
653.1884997531959	-51.87909844811563
653.2871987969824	-51.88019044076135
653.3858978407688	-51.885116157335375
653.4845968845553	-51.89011607378264
653.5832959283418	-51.89139350035034
653.6819949721283	-51.89203039733449
653.7806940159148	-51.89552179652739
653.8793930597013	-51.90045976898118
653.9780921034878	-51.90267246327257
654.0767911472743	-51.903155111472564
654.1754901910608	-51.90542153197547
654.2741892348473	-51.90999083522417
654.3728882786338	-51.913066428444566
654.4715873224203	-51.91385870144914
654.5702863662068	-51.91514507839221
654.6689854099933	-51.91894329380257
654.7676844537798	-51.92254717993475
654.8663834975663	-51.92398876097402
654.9650825413528	-51.924753771302356
655.0637815851393	-51.927612958666565
655.1624806289258	-51.931287126799916
655.2611796727123	-51.9334293542445
655.3598787164988	-51.934128507260624
655.4585777602853	-51.93613698733928
655.5572768040718	-51.93950187498149
655.6559758478583	-51.942187255484164
655.7546748916448	-51.943146688507674
655.8533739354313	-51.944542190893884
655.9520729792177	-51.94736602933321
656.0507720230042	-51.95033321096139
656.1494710667907	-51.95172053377356
656.3023381021242	-51.953443850391594
656.4552051374576	-51.958227113229356
656.608072172791	-51.96426663696152
656.7609392081245	-51.968469132386254
656.9138062434579	-51.96951055605809
657.1536246729723	-51.9719869464224
657.3934431024868	-51.97698440265767
657.6332615320013	-51.9825079648031
657.8730799615157	-51.98712454151159
658.2777121821636	-51.99164945654947
658.6823444028114	-51.997222939145715
659.0869766234592	-52.00322523864226
659.9727303286809	-52.01715684134822
661.4962768050783	-52.038677708632434
663.0198232814757	-52.05878268085563
664.5433697578732	-52.07845676471993
666.0669162342706	-52.096160833775436
667.590462710668	-52.11406082587988
670.3002199140461	-52.142961620719824
673.0099771174242	-52.170419813381976
675.7197343208023	-52.19768698251403
678.4294915241804	-52.22179223667231
681.1392487275585	-52.2461524309142
683.8490059309366	-52.26644615454837
686.5587631343147	-52.285787794097445
689.2685203376928	-52.305352598316034
691.978277541071	-52.32286930794813
694.688034744449	-52.34092609287574
697.3977919478272	-52.35568031561216
700.1075491512053	-52.37220548313239
702.8173063545834	-52.3837868126064
705.5270635579615	-52.39969679494608
708.2368207613396	-52.40912604087645
710.9465779647177	-52.420976047139405
713.6563351680958	-52.43097714479456
716.3660923714739	-52.44280631046566
719.075849574852	-52.452105348882895
721.7856067782301	-52.4607758005632
724.4953639816082	-52.46957598535612
727.2051211849863	-52.47662236007063
729.9148783883644	-52.483595637894915
732.6246355917425	-52.490073827525684
735.3343927951206	-52.496347572771526
740.0317348596369	-52.505363695757474
744.7290769241532	-52.513506189835404
749.4264189886695	-52.521021035045294
754.1237610531858	-52.52790415535621
758.8211031177021	-52.53314702242229
763.5184451822184	-52.53771463877846
768.2157872467347	-52.54050123325186
772.913129311251	-52.54372764797872
777.6104713757674	-52.54516181538374
782.3078134402837	-52.54846766077411
787.0051555048	-52.548871996658725
791.7024975693163	-52.55291457035387
796.3998396338326	-52.55150960930476
801.0971816983489	-52.55450341467206
805.7945237628652	-52.55516259905068
810.4918658273815	-52.55794808950417
815.1892078918978	-52.55795365621702
819.8865499564141	-52.56148841020388
824.5838920209304	-52.561218276476986
829.2812340854467	-52.56422665314487
833.978576149963	-52.56443171209712
838.6759182144793	-52.56734534264176
843.3732602789956	-52.566944427975976
848.070602343512	-52.569627662924745
852.7679444080283	-52.56990714395071
857.4652864725446	-52.57196278421783
862.1626285370609	-52.57461739998533
866.8599706015772	-52.5759169435492
871.5573126660935	-52.578958352454435
876.2546547306098	-52.579592808481394
880.9519967951261	-52.58161291027231
885.6493388596424	-52.58421844601471
890.3466809241587	-52.58545206233169
895.044022988675	-52.588609495723624
899.7413650531913	-52.58935481993614
904.4387071177076	-52.591640260930426
909.1360491822239	-52.594463093349184
916.5156677103054	-52.597966348036806
923.8952862383868	-52.60094056359263
930.9999999999793	-52.604920658383755
931.0000000000103	-52.604920658383755
931.0000060327961	-52.60579011363069
931.0000316360018	-52.60945976234044
931.0002667396619	-52.641810164293105
931.000501843322	-52.67306077230071
931.0009863854067	-52.73501705026648
931.0014709274914	-52.79433566518746
931.002625318487	-52.927933284792964
931.0037797094827	-53.05323495486782
931.0049341004784	-53.17273936815409
931.0060884914741	-53.28786641444127
931.0072428824698	-53.39943019017897
931.009349320686	-53.59570751231055
931.0114557589023	-53.78368073975481
931.0149205699212	-54.07811549706272
931.01838538094	-54.35733708669028
931.0241583553463	-54.795809840649575
931.0299313297527	-55.20817867694735
931.035704304159	-55.59985774134095
931.0414772785654	-55.9742741096598
931.0472502529717	-56.33391950153998
931.0563437806835	-56.874783701053204
931.0654373083953	-57.389368357308655
931.0745308361071	-57.88183478222805
931.0882428939068	-58.588653418172605
931.1019549517065	-59.25866697939917
931.1230318840088	-60.22804865947636
931.1441088163111	-61.13487260395633
931.1651857486135	-61.98778423419399
931.1862626809158	-62.79343987988862
931.2073396132181	-63.55712855381187
931.2409578174351	-64.6984866688724
931.274576021652	-65.75640676429522
931.308194225869	-66.74065401748788
931.341812430086	-67.65941549506476
931.3754306343029	-68.51973664527874
931.4319672142369	-69.85085176370198
931.4885037941709	-71.05597581457826
931.5450403741049	-72.15276722546048
931.6309357975573	-73.64363356460338
931.7168312210097	-74.95711414501214
931.802726644462	-76.12279103825296
931.8886220679144	-77.164066903082
931.9745174913668	-78.10000928230916
932.0604129148192	-78.94569857192009
932.1927622921465	-80.09913430044695
932.3251116694739	-81.1004064668637
932.4574610468013	-81.97546017040412
932.5898104241287	-82.7448523229685
932.7221598014561	-83.4249842413959
932.8545091787835	-84.02887536690702
933.070596326701	-84.87790950888005
933.2866834746185	-85.58670600180984
933.502770622536	-86.18098580046832
933.7188577704535	-86.68077045923097
933.934944918371	-87.10202151884651
934.1510320662885	-87.45735189030913
934.4986958917901	-87.91548327928747
934.8463597172918	-88.2600709894604
935.1940235427934	-88.5137112355456
935.7326923996969	-88.76784650053901
936.2713612566005	-88.89394726304624
936.810030113504	-88.92393704682746
937.3486989704076	-88.88157172650283
937.8873678273111	-88.78603426084737
938.4260366842146	-88.65181146582331
938.9647055411182	-88.48891892410762
939.8777552080551	-88.1681401867558
940.790804874992	-87.81385289091664
941.7038545419289	-87.44434981606824
942.6169042088658	-87.07267694584378
943.5299538758027	-86.70719484324393
944.4430035427396	-86.35221908265895
945.3560532096765	-86.0100195103286
946.2691028766134	-85.68197042157718
947.1821525435503	-85.36874188333681
948.5884401181264	-84.91516690715387
950.7061368177851	-84.29415727059357
952.8238335174439	-83.73965436021794
954.9415302171026	-83.24179653390297
957.0592269167613	-82.791639485496
959.17692361642	-82.38359806718657
961.2946203160787	-82.01340866733665
963.4123170157375	-81.67583237166765
965.5300137153962	-81.3665538815488
967.6477104150549	-81.08260161974165
969.7654071147136	-80.82105218841261
973.269153205635	-80.43235986987331
976.7728992965564	-80.08973429455071
980.2766453874777	-79.78650206052322
983.7803914783991	-79.51831009924682
987.2841375693205	-79.27928284929536
990.7878836602418	-79.06496045599258
994.2916297511632	-78.87328710851841
997.7953758420846	-78.70052441609548
1001.299121933006	-78.54363109091481
1004.8028680239273	-78.40234583872606
1010.0967899747299	-78.21127119430638
1015.3907119255324	-78.04834895927021
1019.8073910167178	-77.9240086777146
1024.2240701079031	-77.81573948985984
1028.6407491990885	-77.71925547817096
1033.057428290274	-77.62962220930555
1037.4741073814594	-77.54917187022616
1041.8907864726448	-77.47780095703928
1046.3074655638302	-77.41201852885354
1050.7241446550156	-77.35161607218114
1058.9924729935835	-77.2525753508311
1067.2608013321515	-77.1713669425643
1075.5291296707194	-77.09702570559543
1083.7974580092873	-77.03683936497131
1092.0657863478552	-76.98634612432852
1100.3341146864232	-76.93994236600552
1108.602443024991	-76.90063320044183
1116.870771363559	-76.86934765402019
1129.480717635589	-76.8223092354773
1130.999999999975	-76.8181439828064
1131.0000000000127	-76.8181439828064
