t	v
0.0	-80.0
0.000775137956723	-79.9925137568
0.00223489358669	-79.9794599891
0.00500365463498	-79.9569532166
0.00777241568328	-79.9359923041
0.0127684997431	-79.9013463647
0.0177645838028	-79.8689421658
0.0266957742323	-79.8145494357
0.0356269646618	-79.7638863685
0.0567925322137	-79.6546877115
0.0779580997655	-79.5571669433
0.0991236673173	-79.4677177697
0.120289234869	-79.384164436
0.141454802421	-79.3052070805
0.17655846116	-79.1819816813
0.2116621199	-79.0670221856
0.266384924237	-78.9010163262
0.321107728575	-78.7480431254
0.421216773978	-78.4942731724
0.521325819382	-78.2657969663
0.621434864785	-78.0566575408
0.721543910188	-77.8634207483
0.821652955591	-77.6836473925
0.98244812877	-77.4185871802
1.14324330195	-77.1773172803
1.30403847513	-76.9553742476
1.56363814601	-76.6304990254
1.82323781689	-76.3389886553
2.08283748778	-76.074382732
2.57515348047	-75.6302318905
3.06746947317	-75.2450996419
3.55978546587	-74.9063150853
4.05210145857	-74.603766479
4.54441745126	-74.3297915527
5.03673344396	-74.0791794917
5.84168856108	-73.7107455368
6.64664367821	-73.3854029694
7.45159879533	-73.0967375981
8.25655391246	-72.8395642884
9.06150902958	-72.6096680411
10.3096179106	-72.3003129535
11.5577267915	-72.0415429804
12.8058356725	-71.827706365
14.0539445535	-71.6538339025
15.3020534344	-71.5152821782
17.4725806395	-71.3469116147
19.6431078445	-71.2558327189
21.8136350495	-71.2276140006
23.9841622545	-71.2499873152
26.1546894595	-71.3122476567
29.6871346765	-71.476250527
33.2195798936	-71.6915680319
36.7520251106	-71.935038346
40.2844703276	-72.1899665992
43.8169155446	-72.4437493956
47.3493607616	-72.687426926
50.8818059787	-72.9154813831
56.7656788082	-73.2498835858
62.6495516377	-73.5227911645
68.5334244673	-73.7348009004
74.4172972968	-73.8934258935
80.3011701264	-74.0080424501
86.1850429559	-74.081728604
92.0689157855	-74.1275026074
97.952788615	-74.157904291
103.836661445	-74.1644864078
109.720534274	-74.16405269
115.604407104	-74.162698052
121.488279933	-74.1499840901
127.372152763	-74.1485208727
133.256025592	-74.1522067995
139.139898422	-74.1276952508
142.944109661	-74.1183596597
146.748320901	-74.1196576063
150.55253214	-74.1275039383
154.35674338	-74.1335724874
158.160954619	-74.1317183247
161.965165859	-74.132631443
165.769377098	-74.1335807123
169.573588338	-74.129376082
173.377799577	-74.1335140883
177.182010817	-74.1343159922
180.986222056	-74.1277216217
184.790433296	-74.135592716
188.594644536	-74.1406199495
192.398855775	-74.140537379
196.203067015	-74.1379944161
200.007278254	-74.1350359407
203.811489494	-74.134042387
207.615700733	-74.1339515939
211.419911973	-74.133273368
215.224123212	-74.1338374727
219.028334452	-74.1340505268
222.832545691	-74.1342156589
226.636756931	-74.1350968811
230.44096817	-74.1349740829
234.24517941	-74.135089863
238.049390649	-74.1351941271
241.853601889	-74.1339819415
245.657813128	-74.1348479736
249.462024368	-74.1352837946
253.266235607	-74.1334763428
257.070446847	-74.1357170235
260.874658086	-74.1356183607
264.678869326	-74.1328356111
268.483080565	-74.1374701537
272.287291805	-74.1354522167
276.091503044	-74.1317842732
278.61084793	-74.1344229307
281.130192816	-74.13748774
283.649537701	-74.1413399691
286.168882587	-74.142395664
288.688227472	-74.139198462
291.207572358	-74.1386182386
293.726917243	-74.1385635497
296.246262129	-74.1368705299
298.765607015	-74.1381691802
301.2849519	-74.137928088
303.804296786	-74.1359329241
306.323641671	-74.1376387176
308.842986557	-74.1371084069
311.362331442	-74.1354680519
313.881676328	-74.137625352
316.401021214	-74.1364670253
318.920366099	-74.1351919476
321.439710985	-74.1377290699
323.95905587	-74.1359406257
326.478400756	-74.1352019269
328.997745642	-74.136095315
331.517090527	-74.1339766955
334.036435413	-74.1342902771
336.555780298	-74.1366429306
339.075125184	-74.1353204604
341.594470069	-74.136229479
344.113814955	-74.1378053618
346.633159841	-74.1371032554
349.152504726	-74.137719834
351.671849612	-74.138419183
354.191194497	-74.1372511821
356.710539383	-74.1380502591
359.229884268	-74.1383490806
361.749229154	-74.1369295842
364.26857404	-74.1380115994
366.787918925	-74.1380351653
369.307263811	-74.1366534328
371.826608696	-74.138060283
374.345953582	-74.1376578583
376.865298468	-74.1363750508
379.384643353	-74.1360887301
381.903988239	-74.1343026947
384.423333124	-74.1341241155
386.94267801	-74.1361178521
389.462022895	-74.1356402772
391.981367781	-74.13598297
394.500712667	-74.1373133863
397.020057552	-74.1359375027
399.539402438	-74.1365147642
402.058747323	-74.137752193
404.578092209	-74.1360938674
407.097437094	-74.1370400838
409.61678198	-74.1379019418
412.136126866	-74.1359937884
414.655471751	-74.137425746
417.174816637	-74.1378515812
419.694161522	-74.135842461
422.213506408	-74.1377670906
424.732851293	-74.1376248238
427.252196179	-74.1363531603
429.771541065	-74.1356762394
434.074598603	-74.1350336351
438.377656142	-74.135231805
442.68071368	-74.1347385613
446.983771219	-74.1347075783
451.286828757	-74.136125822
458.583229146	-74.1368818851
465.879629535	-74.1369629071
473.176029924	-74.1370034234
487.177101897	-74.1356622411
501.178173869	-74.1352905218
515.179245842	-74.1375217173
529.180317814	-74.1369855162
531.0	-74.1368980627
531.0	-74.1368980627
531.000432574	-74.1232269565
531.001098401	-74.103139798
531.002306007	-74.0688037255
531.003513614	-74.0360905978
531.00581093	-73.9768884058
531.008108246	-73.9209137144
531.014130514	-73.784893814
531.020152781	-73.660570999
531.026175049	-73.5442629222
531.032197316	-73.4339817976
531.042291193	-73.2592606036
531.052385069	-73.095290731
531.062478945	-72.9399352186
531.07933495	-72.695606192
531.096190954	-72.4664306604
531.124918619	-72.102551808
531.153646285	-71.7640662991
531.18237395	-71.4454745337
531.211101615	-71.1436987861
531.23982928	-70.8565301607
531.285475272	-70.4261345683
531.331121263	-70.0224965949
531.376767255	-69.6413637077
531.451670894	-69.0571852411
531.526574533	-68.5157962168
531.601478172	-68.010071785
531.736073741	-67.1747356612
531.87066931	-66.4169030122
532.005264879	-65.7228823327
532.139860448	-65.0818167593
532.274456017	-64.4849073484
532.482662451	-63.6338042022
532.690868885	-62.8557784383
532.89907532	-62.1383699297
533.107281754	-61.4713647618
533.315488188	-60.8460746518
533.667068786	-59.8652817155
534.018649385	-58.9555548311
534.370229983	-58.0936610469
534.721810582	-57.257498827
535.07339118	-56.4230791691
535.424971779	-55.5634376865
535.980655151	-54.0415100892
536.119575994	-53.6035796651
536.258496837	-53.1233037583
536.39741768	-52.5847304296
536.536338523	-51.963993509
536.675259366	-51.2208597354
536.814180209	-50.2708221905
536.84891042	-49.9855586463
536.883640631	-49.6732266415
536.949794302	-48.9791279412
536.991536769	-48.4500649787
537.033279235	-47.8167218394
537.043714852	-47.6371393343
537.054150469	-47.4469291752
537.073104779	-47.0694174615
537.09205909	-46.6405067
537.1110134	-46.1431982579
537.121285591	-45.8365376821
537.131557783	-45.4962147383
537.141829974	-45.1141548459
537.152102165	-44.6801382392
537.158855942	-44.3604703231
537.165609719	-44.0086606851
537.172363496	-43.6199307465
537.179117273	-43.1890069644
537.18587105	-42.7102018148
537.192624826	-42.1776326344
537.199378603	-41.5856293935
537.20613238	-40.9292996194
537.212886157	-40.2050662805
537.219639934	-39.4109549011
537.226393711	-38.5464567657
537.233147488	-37.6119445432
537.239901265	-36.6077705044
537.246655042	-35.5333315016
537.253408818	-34.3862715163
537.263557564	-32.5147785316
537.27370631	-30.439253813
537.283855056	-28.1140850329
537.294003801	-25.4748371899
537.304152547	-22.4379599966
537.314301293	-18.9045703531
537.324450038	-14.7735751556
537.334598784	-9.97184404592
537.34474753	-4.49918880865
537.354896275	1.51925412204
537.365045021	7.78335289848
537.375193767	13.8760733649
537.385342512	19.4027513742
537.395491258	24.115391121
537.405640004	27.9355206074
537.415788749	30.9137071254
537.425937495	33.1757682466
537.436086241	34.8705956964
537.446234987	36.1317332535
537.456383732	37.0614357846
537.466532478	37.7328364793
537.476681224	38.2012566255
537.486829969	38.5117058855
537.496978715	38.6986108648
537.507127461	38.7849817623
537.517276206	38.7861191338
537.527424952	38.7145795521
537.537573698	38.5818079812
537.547722443	38.3970037953
537.557871189	38.1666006258
537.568019935	37.8954755268
537.57816868	37.588265077
537.588317426	37.2494797212
537.603575599	36.6887379334
537.618833772	36.0751953816
537.634091944	35.4171142296
537.649350117	34.7213121954
537.66460829	33.9934803954
537.679866463	33.2382833063
537.695124635	32.4593631258
537.710382808	31.6595142867
537.725640981	30.8410165611
537.740899154	30.0058718816
537.756157326	29.1558374408
537.771415499	28.2923791422
537.786673672	27.4166865253
537.801931845	26.5297556481
537.817190017	25.6324635563
537.83244819	24.7255918536
537.847706363	23.8098235109
537.862964535	22.8857537487
537.878222708	21.9539240105
537.893480881	21.0148568101
537.908739054	20.0690698221
537.932073528	18.6108171794
537.955408003	17.1397904842
537.978742477	15.6577113322
538.002076952	14.1662450531
538.025411426	12.6669999271
538.048745901	11.1615157938
538.072080375	9.65123997878
538.09541485	8.13750394474
538.118749324	6.62151648937
538.153878696	4.33738666477
538.189008068	2.05380260007
538.22413744	-0.226559818311
538.259266812	-2.5015803363
538.294396184	-4.76934079158
538.329525555	-7.02815547834
538.364654927	-9.2771188936
538.399784299	-11.5172314765
538.434913671	-13.7495835832
538.470043043	-15.9423581438
538.505172415	-18.0917863548
538.540301786	-20.2046440828
538.575431158	-22.2909593039
538.61056053	-24.3512420162
538.645689902	-26.3922723227
538.680819274	-28.4248913203
538.715948646	-30.463005274
538.751078018	-32.5111701605
538.786207389	-34.5669591626
538.821336761	-36.6197099379
538.856466133	-38.6555551631
538.891595505	-40.6556411462
538.926724877	-42.5973436532
538.961854249	-44.4651846849
538.99698362	-46.2521764445
539.032112992	-47.9409836521
539.067242364	-49.5080211349
539.102371736	-50.9387103389
539.137501108	-52.2319072903
539.17263048	-53.39239857
539.207759852	-54.4265478723
539.242889223	-55.3432512542
539.278018595	-56.1544753551
539.313147967	-56.8734568986
539.368865826	-57.8536361534
539.424583686	-58.6741433716
539.480301545	-59.3694628664
539.536019404	-59.965921519
539.591737263	-60.4835250069
539.682250619	-61.1953400299
539.772763974	-61.7862202619
539.863277329	-62.2855048321
539.953790684	-62.7127848157
540.044304039	-63.0817385063
540.134817395	-63.4020939257
540.276395554	-63.823335486
540.417973714	-64.1639392158
540.559551874	-64.4364322229
540.701130034	-64.6498494895
540.842708194	-64.8122796899
540.984286354	-64.9314349771
541.212183257	-65.0482586941
541.440080161	-65.0904503678
541.667977064	-65.0724214841
541.895873968	-65.0044127448
542.123770872	-64.8953549376
542.465787709	-64.6720515086
542.807804547	-64.3962714491
543.149821385	-64.0827014227
543.665427557	-63.5604458708
544.181033729	-63.0014450211
544.696639902	-62.4212185441
545.212246074	-61.8312214306
545.727852246	-61.2414975055
546.243458418	-60.6577843582
546.75906459	-60.0768995738
547.274670762	-59.4982516393
547.790276934	-58.9230795269
548.305883106	-58.3570405282
548.821489278	-57.7764051969
549.33709545	-57.1783759132
549.852701623	-56.5554105862
550.368307795	-55.9158943127
550.883913967	-55.222213513
551.251994929	-54.6621324275
551.62007589	-54.0415322767
551.988156852	-53.3029184693
552.080177092	-53.0895706574
552.172197333	-52.8655898213
552.264217573	-52.6252846446
552.356237814	-52.3612939015
552.448258054	-52.0723082365
552.540278295	-51.7549919976
552.632298535	-51.4006139636
552.724318776	-50.9936140446
552.816339016	-50.513610502
552.908359256	-49.9397905866
553.000379497	-49.2331497658
553.092399737	-48.304214815
553.115404797	-48.019307543
553.138409858	-47.7059568462
553.161414918	-47.3584675093
553.184419978	-46.9692452954
553.207425038	-46.5276846177
553.230430098	-46.0182002665
553.253435158	-45.4169427375
553.269991067	-44.9068290384
553.282057686	-44.4802931089
553.294124306	-43.9936857959
553.306190925	-43.4298510169
553.314926209	-42.9609863174
553.323661493	-42.4296459267
553.332396777	-41.8240666816
553.341132061	-41.1314761049
553.349867345	-40.338944501
553.358602628	-39.4349054012
553.367337912	-38.4109313624
553.376073196	-37.2625896757
553.38480848	-35.9881393644
553.393543764	-34.5852426595
553.402279048	-33.0476698746
553.411014332	-31.3633307487
553.419749616	-29.5128179729
553.428484899	-27.4673986567
553.437220183	-25.1878571324
553.445955467	-22.6257031614
553.454690751	-19.7261748159
553.463426035	-16.4334213586
553.472161319	-12.7011137995
553.480896603	-8.51164689883
553.489631887	-3.89014275241
553.49836717	1.06561828797
553.507102454	6.17837919672
553.515837738	11.219093963
553.524573022	15.9621705586
553.533308306	20.2299918448
553.54204359	23.9174222079
553.550778874	27.0001346305
553.559514157	29.5189737405
553.568249441	31.5477500108
553.576984725	33.1654091558
553.585720009	34.4434746747
553.594455293	35.4449298381
553.603190577	36.223826681
553.611925861	36.8233584632
553.620661145	37.2765839582
553.629396428	37.6092742376
553.638131712	37.8419105657
553.646866996	37.9905217333
553.660058389	38.0828202515
553.673249782	38.0442037817
553.686441175	37.8980179085
553.699632568	37.6623883662
553.712823961	37.3517708956
553.726015354	36.9776911815
553.739206746	36.5494763016
553.752398139	36.0748907217
553.765589532	35.5605267774
553.778780925	35.0119627787
553.791972318	34.4338373576
553.805163711	33.8299596614
553.818355104	33.2034606218
553.831546497	32.5569364012
553.844737889	31.8925576577
553.857929282	31.2121518337
553.871120675	30.5172699245
553.884312068	29.8092421606
553.904126643	28.7235202674
553.923941217	27.6140028957
553.943755791	26.4833289167
553.963570366	25.3336864841
553.98338494	24.1669197775
554.003199515	22.9846157345
554.023014089	21.7881873358
554.042828664	20.5789361095
554.062643238	19.3580901976
554.082457813	18.1268255277
554.102272387	16.8862747019
554.122086961	15.6375278146
554.141901536	14.3816302725
554.17225672	12.4460435955
554.202611905	10.4993712309
554.232967089	8.54472187199
554.263322274	6.58487927575
554.293677459	4.6223085871
554.324032643	2.6591772531
554.354387828	0.697324619496
554.384743012	-1.26176684043
554.415098197	-3.21689664647
554.445453381	-5.16701249678
554.475808566	-7.11115388997
554.50616375	-9.04859138407
554.536518935	-10.9795414439
554.566874119	-12.9041804993
554.597229304	-14.8080654125
554.627584488	-16.6815397077
554.657939673	-18.5259841225
554.688294857	-20.3448563593
554.718650042	-22.139194902
554.749005226	-23.9112921849
554.779360411	-25.6677048978
554.809715595	-27.4171821181
554.860134417	-30.321183079
554.910553239	-33.2382191361
554.96097206	-36.1551285082
555.011390882	-39.04548912
555.061809703	-41.8515714778
555.112228525	-44.5226617874
555.162647346	-47.0131216962
555.213066168	-49.2797353447
555.26348499	-51.292521126
555.313903811	-53.035900115
555.364322633	-54.5216589651
555.414741454	-55.7794656624
555.465160276	-56.8447597694
555.515579097	-57.7511711012
555.565997919	-58.527846902
555.61641674	-59.1990291646
555.666835562	-59.7844012088
555.717254384	-60.2996793895
555.798954615	-61.0156844316
555.880654846	-61.6180727931
555.962355077	-62.1343204229
556.044055308	-62.5824409516
556.173782517	-63.1838831402
556.303509726	-63.6788416321
556.433236934	-64.0871599977
556.562964143	-64.4218909382
556.692691351	-64.69423701
556.82241856	-64.9146264085
557.02156058	-65.170725514
557.2207026	-65.3465589025
557.41984462	-65.456414583
557.61898664	-65.5100238951
557.81812866	-65.5165042447
558.01727068	-65.4849956875
558.336656399	-65.3727432251
558.656042117	-65.2035584311
558.975427836	-64.9919954593
559.294813555	-64.7479947504
559.614199273	-64.4800909585
560.095315112	-64.0471365298
560.576430951	-63.5945290543
561.05754679	-63.1328676664
561.538662629	-62.6685960971
562.019778468	-62.2070251943
562.766272589	-61.5029744648
563.512766711	-60.819363776
564.259260833	-60.1620256093
565.005754955	-59.5245893303
565.752249076	-58.9050561626
566.498743198	-58.285950151
567.24523732	-57.6723518862
567.991731442	-57.0705744653
568.738225563	-56.4297844101
569.267276943	-55.9444680063
569.796328322	-55.443259358
570.325379702	-54.8991001592
570.854431081	-54.3213511276
570.986693926	-54.1545758154
571.118956771	-53.9578357305
571.251219616	-53.7484950879
571.383482461	-53.5442079536
571.515745306	-53.3329192571
571.648008151	-53.0934426345
571.780270996	-52.8275626731
571.878171457	-52.6196388308
571.976071919	-52.393186014
572.07397238	-52.1458621177
572.171872842	-51.8715397363
572.269773304	-51.5620485145
572.367673765	-51.20547865
572.465574227	-50.7935562787
572.563474688	-50.3084073794
572.66137515	-49.7106267443
572.759275611	-48.9384243332
572.783750727	-48.7079818093
572.808225842	-48.4575729386
572.832700958	-48.1834753814
572.857176073	-47.8813208311
572.881651188	-47.5456061327
572.906126304	-47.1686840967
572.930601419	-46.7394286696
572.955076535	-46.2416694225
572.97955165	-45.6506530257
573.004026765	-44.9251841437
573.006566003	-44.839812523
573.00910524	-44.7521273611
573.011644477	-44.6620212702
573.014183715	-44.5693674332
573.01832332	-44.4125042351
573.022462925	-44.2478830744
573.02660253	-44.0748022584
573.030742136	-43.8924975335
573.034881741	-43.7001410266
573.039021346	-43.4968342693
573.043160951	-43.2816126331
573.047300557	-43.0534482513
573.051440162	-42.8112392394
573.055579767	-42.5538029915
573.059719372	-42.2798932464
573.063858978	-41.9882290868
573.067998583	-41.6775119637
573.072138188	-41.3464347197
573.076277793	-40.9937121041
573.080417399	-40.618137327
573.084557004	-40.2186342029
573.090990554	-39.5481446449
573.097424105	-38.8150451701
573.103857655	-38.0177093642
573.110291205	-37.155397427
573.116724756	-36.2277651246
573.123158306	-35.2341194586
573.129591856	-34.1727109503
573.136025407	-33.0402319159
573.142458957	-31.8314322127
573.152209795	-29.8361366089
573.161960633	-27.6099762188
573.171711471	-25.1012938442
573.181462308	-22.245023922
573.191213146	-18.9661368384
573.200963984	-15.1906807556
573.210714822	-10.8666707367
573.22046566	-5.99503844696
573.230216497	-0.654764722253
573.239967335	4.95431397923
573.249718173	10.539029678
573.259469011	15.7860251689
573.269219849	20.4520317253
573.278970686	24.4101371905
573.288721524	27.6459843953
573.298472362	30.2224285367
573.3082232	32.2388058516
573.317974037	33.8000105261
573.327724875	34.9987263219
573.337475713	35.9116579542
573.347226551	36.5986674052
573.356977389	37.1050233265
573.366728226	37.4652244603
573.376479064	37.7059134332
573.386229902	37.847621552
573.39598074	37.9061043264
573.405731578	37.8935866026
573.415482415	37.8197946033
573.425233253	37.6926642608
573.434984091	37.518782215
573.450107993	37.1693288592
573.465231895	36.7374496211
573.480355796	36.2366107653
573.495479698	35.6779852015
573.5106036	35.0708940714
573.525727502	34.4228493584
573.540851403	33.7397643453
573.555975305	33.0263965244
573.571099207	32.286705628
573.586223109	31.5239687151
573.601347011	30.7408161184
573.616470912	29.9393720847
573.631594814	29.1214546183
573.646718716	28.2886743823
573.661842618	27.4424117481
573.676966519	26.5837998718
573.692090421	25.7137902195
573.707214323	24.8332386216
573.722338225	23.9429322197
573.737462127	23.0435729035
573.752586028	22.1357816868
573.76770993	21.2201371905
573.791311746	19.7768653795
573.814913563	18.3179136602
573.838515379	16.8452355
573.862117195	15.3606761177
573.885719012	13.8659893185
573.909320828	12.3628474748
573.932922644	10.8528355821
573.95652446	9.33743617885
573.980126277	7.81801743269
574.003728093	6.29582880632
574.027329909	4.77200541096
574.062821796	2.47967036611
574.098313683	0.188904488401
574.13380557	-2.09807279862
574.169297457	-4.37938272311
574.204789344	-6.65342434553
574.240281231	-8.918835668
574.275773118	-11.1755976859
574.311265004	-13.4237662675
574.346756891	-15.6374671894
574.382248778	-17.808316896
574.417740665	-19.9414598639
574.453232552	-22.0451534004
574.488724439	-24.1215546686
574.524216326	-26.1763729928
574.559708213	-28.2201280124
574.5952001	-30.2653826893
574.630691987	-32.3176899484
574.666183873	-34.3750117798
574.70167576	-36.4280258498
574.737167647	-38.4633828153
574.772659534	-40.4635397952
574.808151421	-42.4066487269
574.843643308	-44.2748095008
574.879135195	-46.0610797164
574.914627082	-47.7512832405
574.950118969	-49.3244729033
574.985610856	-50.765982793
575.021102742	-52.0738470263
575.056594629	-53.252811717
575.092086516	-54.3093517564
575.127578403	-55.2517811526
575.16307029	-56.0909808569
575.218415575	-57.2215013146
575.273760859	-58.1728298922
575.329106144	-58.9819462066
575.384451429	-59.6775752215
575.439796714	-60.2817069193
575.52896177	-61.1056608291
575.618126827	-61.7892346051
575.707291884	-62.3664261516
575.79645694	-62.8610779856
575.885621997	-63.2897314543
575.974787054	-63.6637674065
576.063952111	-63.9914567138
576.216346364	-64.4633182067
576.368740617	-64.8437317343
576.521134871	-65.1478985735
576.673529124	-65.3865891015
576.825923378	-65.5693814425
576.978317631	-65.7055501652
577.228241797	-65.8465515213
577.478165962	-65.9068663308
577.728090127	-65.9048647912
577.978014293	-65.8536953459
578.227938458	-65.76365214
578.477862624	-65.6429853929
578.854500205	-65.417315578
579.231137786	-65.1541025826
579.607775367	-64.8660663277
580.244195501	-64.3477510907
580.880615635	-63.8129297021
581.51703577	-63.2769962586
582.153455904	-62.7497622603
582.789876038	-62.2381375765
583.426296173	-61.7444540685
584.062716307	-61.2697518904
584.699136442	-60.8140984743
585.745444085	-60.1053421855
586.791751728	-59.4474632561
587.838059371	-58.8238101962
588.884367014	-58.2329531815
589.930674657	-57.6463869492
590.9769823	-57.0662691389
592.023289943	-56.4740628617
593.069597586	-55.8587571192
594.115905229	-55.1739888984
595.162212872	-54.3660463882
595.423789782	-54.1252115471
595.685366693	-53.8581767361
595.946943604	-53.5592251828
596.208520515	-53.2295857048
596.470097425	-52.8495634506
596.731674336	-52.3833361544
596.993251247	-51.7970675468
597.058645475	-51.6244982196
597.124039702	-51.4363917926
597.18943393	-51.2310876623
597.310100161	-50.7964724251
597.430766391	-50.2631258509
597.551432622	-49.580354579
597.672098853	-48.6626673279
597.70226541	-48.3769138913
597.732431968	-48.0550178681
597.762598526	-47.6906894136
597.792765083	-47.2742408085
597.822931641	-46.7908227966
597.830473281	-46.6573711277
597.83801492	-46.5178769439
597.845556559	-46.3718352112
597.860231203	-46.066390495
597.874905847	-45.7280693532
597.88958049	-45.3495687806
597.904255134	-44.9207290603
597.912607344	-44.649212807
597.920959554	-44.3534160624
597.929311764	-44.0289443783
597.937663975	-43.6705280131
597.946016185	-43.2718505013
597.954368395	-42.8254307047
597.962720605	-42.3226059502
597.971072816	-41.7536564422
597.979425026	-41.108171152
597.987777236	-40.3757520098
597.996129446	-39.5470523957
598.004481656	-38.6148555034
598.012833867	-37.5746914851
598.021186077	-36.424437762
598.029538287	-35.1625878231
598.037890497	-33.785915145
598.046242707	-32.2871836728
598.054594918	-30.6534992884
598.062947128	-28.8652975085
598.071299338	-26.8958634385
598.079651548	-24.7112948581
598.092924427	-20.6959949358
598.106197306	-15.8538195396
598.119470185	-10.0495181406
598.132743064	-3.30932711904
598.146015943	4.08176307044
598.159288822	11.5000190616
598.172561701	18.2094670257
598.181185603	21.9438479698
598.189809504	25.1428327921
598.198433405	27.8129948265
598.207057306	29.9943916726
598.215681207	31.7530857582
598.224305109	33.1623399227
598.23292901	34.2869365415
598.241552911	35.179221378
598.250176812	35.8809790075
598.258800714	36.4258053147
598.267424615	36.8408915342
598.276048516	37.1480916897
598.284672417	37.3646618639
598.297646005	37.5487685203
598.310619592	37.5924458881
598.32359318	37.5209110175
598.336566767	37.3537493511
598.349540355	37.1064542672
598.362513942	36.7910303303
598.37548753	36.417019119
598.388461118	35.9926007055
598.401434705	35.5249721286
598.414408293	35.020177873
598.42738188	34.4830975141
598.440355468	33.9177694081
598.453329055	33.3276816597
598.466302643	32.7158109618
598.47927623	32.0845857
598.4990821	31.0880484679
598.51888797	30.0567266378
598.53869384	28.9952603432
598.55849971	27.9075369178
598.57830558	26.7966959516
598.59811145	25.6652058635
598.61791732	24.5150931337
598.63772319	23.3481379413
598.65752906	22.1659360755
598.67733493	20.9699003994
598.6971408	19.7613056247
598.71694667	18.541368716
598.73675254	17.3112873031
598.75655841	16.0722163428
598.77636428	14.8252404865
598.79617015	13.5713830867
598.81597602	12.3116292786
598.83578189	11.0469274201
598.85558776	9.77817203504
598.88614688	7.81453023323
598.916706	5.84599838105
598.947265121	3.87508295384
598.977824241	1.90393427003
599.008383361	-0.0656909213859
599.038942481	-2.03239234273
599.069501601	-3.99503027532
599.100060722	-5.95257723961
599.130619842	-7.90412725689
599.161178962	-9.84908370847
599.191738082	-11.7876061595
599.222297202	-13.7180191777
599.252856323	-15.6201042214
599.283415443	-17.4911283111
599.313974563	-19.3345552968
599.344533683	-21.1534588038
599.375092803	-22.9476736889
599.405651923	-24.7212269828
599.436211044	-26.4820360087
599.482529549	-29.1426687354
599.528848055	-31.8081953251
599.57516656	-34.4806361149
599.621485066	-37.143263515
599.667803572	-39.7599201924
599.714122077	-42.2905097048
599.760440583	-44.7003357123
599.806759088	-46.9588583692
599.853077594	-49.0413436235
599.8993961	-50.9135581193
599.945714605	-52.5622408967
599.992033111	-53.9950230309
600.038351616	-55.2326553836
600.084670122	-56.3005478264
600.130988628	-57.2240285489
600.177307133	-58.0262418836
600.223625639	-58.7273845808
600.269944144	-59.344548774
600.343598026	-60.1862786777
600.417251907	-60.8944178956
600.490905789	-61.5009101285
600.56455967	-62.0276887475
600.678996719	-62.7244842306
600.793433767	-63.3045833355
600.907870816	-63.7923280758
601.022307864	-64.2051683384
601.136744913	-64.5555442194
601.251181961	-64.8530017233
601.36561901	-65.1053559621
601.565028871	-65.4561054354
601.764438732	-65.7147648232
601.963848592	-65.89781485
602.163258453	-66.0168427126
602.362668314	-66.0826700544
602.562078174	-66.1060723473
602.878093189	-66.0763162415
603.194108204	-65.9856887632
603.510123218	-65.8496276643
603.826138233	-65.678465242
604.142153247	-65.4813695642
604.458168262	-65.2665263598
604.95871485	-64.903828943
605.459261438	-64.5272626213
605.959808026	-64.1464282056
606.460354614	-63.7672540665
606.960901202	-63.3940658664
607.46144779	-63.030084347
608.321062043	-62.4320559726
609.180676297	-61.8714414759
610.04029055	-61.3471762176
610.899904804	-60.8556348437
611.759519057	-60.393692265
612.619133311	-59.959344977
613.478747564	-59.5508716465
614.936894203	-58.9080126726
616.395040842	-58.3137378904
617.853187481	-57.7565233725
619.31133412	-57.2223002679
620.769480758	-56.7119307669
622.227627397	-56.1800588997
622.592164057	-56.0433400978
622.956700717	-55.9062619151
623.321237376	-55.7689141985
623.685774036	-55.6222880157
624.050310696	-55.4692533237
624.414847355	-55.3045897485
624.779384015	-55.1371876979
625.143920675	-54.9658871822
625.508457334	-54.8000645842
625.872993994	-54.6215295705
626.237530654	-54.4126243377
626.602067314	-54.1806431703
626.966603973	-53.9356975885
627.331140633	-53.6620833032
627.695677293	-53.3329417897
628.060213952	-52.9452687963
628.151348117	-52.8362707506
628.242482282	-52.7189071532
628.333616447	-52.5937188888
628.497955109	-52.3465009057
628.662293772	-52.0643014926
628.826632434	-51.7328691179
628.990971096	-51.3394779413
629.155309759	-50.8499865202
629.319648421	-50.2131650638
629.416140886	-49.7346399967
629.512633351	-49.1326604344
629.536756467	-48.9570442186
629.560879583	-48.7683783262
629.618392607	-48.2534556211
629.675905631	-47.6158006376
629.690283887	-47.4321304217
629.704662143	-47.2360483905
629.733514165	-46.7977429127
629.762366186	-46.2837996875
629.769579192	-46.141081143
629.776792197	-45.9915490356
629.792442993	-45.6401795823
629.808093788	-45.2446965504
629.823744583	-44.7934771775
629.83217028	-44.5222989917
629.840595977	-44.22690031
629.849021674	-43.9029301603
629.857447371	-43.5451777278
629.865873068	-43.1474035594
629.874298765	-42.7022224316
629.882724462	-42.201086014
629.891150159	-41.6344003376
629.899575856	-40.9918717504
629.908001553	-40.2631781277
629.91642725	-39.4389527918
629.924852947	-38.5118395653
629.933278644	-37.4771134482
629.941704341	-36.3323508305
629.950130038	-35.0758140788
629.958555735	-33.7041831619
629.966981432	-32.210299458
629.975407129	-30.5815083164
629.983832826	-28.7986435246
629.992258523	-26.8355617712
630.00068422	-24.6591587134
630.013725099	-20.777249324
630.026765978	-16.1284709268
630.039806856	-10.5911322314
630.052847735	-4.16910656615
630.065888614	2.88108942381
630.078929492	10.0233507094
630.091970371	16.6121754157
630.10501125	22.1708379103
630.118052128	26.5502168944
630.131093007	29.850514548
630.144133886	32.268043543
630.157174764	34.0022696412
630.170215643	35.2238740149
630.183256522	36.0686359459
630.1962974	36.633981597
630.209338279	36.9846461745
630.222379158	37.1642220132
630.235420036	37.2045322889
630.248460915	37.1303242745
630.261501794	36.9610064905
630.274542672	36.7116575825
630.287583551	36.393971615
630.30062443	36.0175534905
630.313665308	35.5906317664
630.326706187	35.1202803396
630.339747066	34.6124729602
630.352787944	34.0721776093
630.365828823	33.5035175669
630.378869702	32.909934568
630.398879817	31.9571902041
630.418889931	30.9609080625
630.438900046	29.927426949
630.458910161	28.8618190683
630.478920276	27.7682524758
630.498930391	26.6501464134
630.518940506	25.5102876053
630.538950621	24.3509534209
630.558960736	23.1740540799
630.57897085	21.9812608631
630.598980965	20.7740894283
630.61899108	19.5539428712
630.639001195	18.3221368505
630.65901131	17.0799193167
630.679021425	15.8284838327
630.69903154	14.5689742217
630.719041655	13.3024826367
630.750880448	11.2754739309
630.782719242	9.23727531475
630.814558035	7.19142625883
630.846396829	5.14104638601
630.878235622	3.08885026883
630.910074416	1.03716756273
630.941913209	-1.01209983722
630.973752002	-3.05745507513
631.005590796	-5.09773934001
631.037429589	-7.13189521632
631.069268383	-9.15894469647
631.101107176	-11.1787401068
631.13294597	-13.190968175
631.164784763	-15.1773520132
631.196623557	-17.1300351901
631.22846235	-19.0515256299
631.260301144	-20.9457455781
631.292139937	-22.8134483208
631.323978731	-24.6578872327
631.355817524	-26.4867386015
631.387656318	-28.3092751802
631.436721761	-31.1148036189
631.485787204	-33.9249633453
631.534852647	-36.7215656573
631.58391809	-39.4758963033
631.632983533	-42.1377927338
631.682048976	-44.6649225095
631.731114419	-47.0204339118
631.780179862	-49.1702788488
631.829245305	-51.0910760122
631.878310748	-52.7710580475
631.927376191	-54.220135627
631.976441634	-55.4627891229
632.025507077	-56.5286187083
632.07457252	-57.4462452602
632.123637963	-58.2409881426
632.172703406	-58.9343387991
632.221768849	-59.5440921425
632.270834292	-60.0847238203
632.353235943	-60.86721904
632.435637593	-61.5275360804
632.518039244	-62.0950890285
632.600440895	-62.5893672667
632.73190182	-63.2589348538
632.863362745	-63.8135870855
632.994823671	-64.2752954993
633.126284596	-64.6585104251
633.257745522	-64.9754242728
633.389206447	-65.2372967653
633.587930624	-65.5485648075
633.7866548	-65.7780629555
633.985378977	-65.940582672
634.184103153	-66.0462082956
634.38282733	-66.1043069169
634.581551506	-66.1241938519
634.900536749	-66.094173806
635.219521991	-66.0072374514
635.538507233	-65.8781323193
635.857492475	-65.7168839249
636.176477717	-65.5320732405
636.495462959	-65.3311727422
637.012506806	-64.9848797934
637.529550654	-64.6264691067
638.046594501	-64.2654412689
638.563638349	-63.907522982
639.080682196	-63.5567623629
639.597726044	-63.2161248556
640.47611231	-62.6656202676
641.354498577	-62.1531368618
642.232884844	-61.6770846802
643.111271111	-61.2336354409
643.989657377	-60.819786377
644.868043644	-60.4337345359
645.746429911	-60.0738359842
647.21092345	-59.5239002012
648.675416989	-59.0249686774
650.139910528	-58.5697987806
651.604404067	-58.1480833055
653.068897605	-57.7633932542
654.533391144	-57.3956092484
655.997884683	-57.0277295698
657.462378222	-56.6663450191
658.926871761	-56.3092751062
660.3913653	-55.9485488803
661.855858839	-55.5834958234
663.320352378	-55.1847227798
664.784845917	-54.7329182262
665.150969302	-54.5945593218
665.517092687	-54.4434466866
665.883216071	-54.2798609224
666.249339456	-54.1164140754
666.615462841	-53.9381560748
666.981586226	-53.72907671
667.34770961	-53.492499413
667.713832995	-53.2280187984
668.07995638	-52.9036350581
668.446079765	-52.5068692638
668.812203149	-51.9827534781
669.178326534	-51.2448402819
669.26985738	-51.0064575709
669.361388226	-50.7330791504
669.452919073	-50.413959536
669.544449919	-50.0383376011
669.635980765	-49.588719014
669.727511611	-49.0309049507
669.819042457	-48.3082063122
669.877241763	-47.7191270073
669.935441069	-46.972851863
669.949990896	-46.7528624349
669.964540722	-46.5151265167
669.979090549	-46.2571394579
669.993640375	-45.9757311881
670.008190202	-45.6667467551
670.022740028	-45.3247360761
670.037289855	-44.9424353167
670.051839681	-44.5098459546
670.066389507	-44.0129878828
670.075177039	-43.6738923639
670.083964571	-43.2985857698
670.092752102	-42.8800360105
670.101539634	-42.4099066813
670.110327166	-41.8785309278
670.119114697	-41.2750344659
670.127902229	-40.5877357492
670.136689761	-39.8049674509
670.145477292	-38.9163052069
670.154264824	-37.9138368035
670.163052356	-36.792739914
670.171839887	-35.5504154923
670.180627419	-34.1840405366
670.189414951	-32.6876692158
670.198202482	-31.0499334586
670.206990014	-29.2526887854
670.215777545	-27.2701479561
670.224565077	-25.0685267817
670.233352609	-22.6066260885
670.24214014	-19.8380937787
670.257158164	-14.271125529
670.272176187	-7.56294306578
670.28719421	0.13326140517
670.302212234	8.24200526346
670.317230257	15.8318565786
670.32655665	19.9230850436
670.335883043	23.4438987465
670.345209436	26.3840599509
670.354535829	28.7806600552
670.363862223	30.7043869363
670.373188616	32.2368233746
670.382515009	33.4520781552
670.391841402	34.4097564979
670.401167795	35.1571582608
670.410494188	35.7321152293
670.419820581	36.1649164782
670.429146974	36.479684865
670.438473367	36.6954199235
670.44779976	36.8269751279
670.4618469	36.8918284619
670.475894039	36.8231303891
670.489941178	36.6433611992
670.503988317	36.3707030482
670.518035456	36.0200797216
670.532082596	35.603492687
670.546129735	35.1306816
670.560176874	34.6097746777
670.574224013	34.0476496123
670.588271153	33.4500620262
670.602318292	32.821738044
670.616365431	32.1665329784
670.63041257	31.4876212294
670.644459709	30.7876535676
670.658506849	30.068865898
670.672553988	29.333158092
670.686601127	28.5821569464
670.700648266	27.8172656261
670.722177248	26.6207634487
670.743706229	25.3981564085
670.765235211	24.1524163394
670.786764192	22.8860445295
670.808293174	21.6012122178
670.829822156	20.299854926
670.851351137	18.9837446749
670.872880119	17.6545369389
670.8944091	16.3137966805
670.915938082	14.9630113876
670.937467063	13.603595362
670.958996045	12.2368880621
670.991314773	10.1742837258
671.023633501	8.10199943248
671.05595223	6.02358695369
671.088270958	3.94214313056
671.120589686	1.86032245708
671.152908414	-0.219668567562
671.185227143	-2.29609459244
671.217545871	-4.36761441604
671.249864599	-6.4330817251
671.282183327	-8.49146864296
671.314502056	-10.5421097505
671.346820784	-12.5847342528
671.379139512	-14.6076928445
671.41145824	-16.5966521169
671.443776969	-18.5519795452
671.476095697	-20.4776803258
671.508414425	-22.3759709748
671.540733153	-24.2487949158
671.573051882	-26.1027168646
671.60537061	-27.9468801749
671.637689338	-29.7886894224
671.670008066	-31.6309853439
671.702326795	-33.4726837978
671.734645523	-35.3096174445
671.766964251	-37.1344265798
671.799282979	-38.936164702
671.831601708	-40.7009747592
671.863920436	-42.4135679594
671.896239164	-44.062666876
671.928557892	-45.643652762
671.960876621	-47.1478083131
671.993195349	-48.562409465
672.025514077	-49.8776431575
672.057832806	-51.0903643336
672.090151534	-52.2014621945
672.122470262	-53.2135747696
672.15478899	-54.1312798025
672.203770682	-55.35773608
672.252752373	-56.4113215751
672.301734064	-57.3205044461
672.350715755	-58.1102190497
672.399697446	-58.8009383645
672.4757513	-59.7159969956
672.551805154	-60.4815804979
672.627859008	-61.1331620516
672.703912861	-61.6962110172
672.779966715	-62.1888138315
672.897365228	-62.8409982689
673.01476374	-63.389259085
673.132162253	-63.8534938495
673.249560766	-64.247566504
673.366959279	-64.5824554532
673.484357791	-64.8672709112
673.672530563	-65.2376727172
673.860703335	-65.5215794646
674.048876106	-65.7344109911
674.237048878	-65.8870760718
674.425221649	-65.9892770856
674.613394421	-66.0503589503
674.915233848	-66.0808976074
675.217073276	-66.048467027
675.518912703	-65.9686298165
675.820752131	-65.8521143763
676.122591559	-65.7079755963
676.424430986	-65.5440467433
676.906899286	-65.2550538709
677.389367586	-64.9470937193
677.871835886	-64.6305755018
678.354304187	-64.3121310728
678.836772487	-63.9965622546
679.319240787	-63.6874046811
680.144514101	-63.1798494324
680.969787416	-62.703517932
681.795060731	-62.2586953784
682.620334045	-61.8431869247
683.44560736	-61.454954214
684.270880675	-61.0927403923
685.514735772	-60.5931609904
686.758590869	-60.1430544309
688.002445966	-59.7339599513
689.246301063	-59.3558706208
690.49015616	-59.0046908365
691.734011257	-58.6800406284
692.977866354	-58.3777535473
694.221721451	-58.096093884
695.465576548	-57.82129673
696.709431645	-57.5588040788
697.953286742	-57.3048281678
699.197141839	-57.075420584
700.440996936	-56.8443681994
701.684852033	-56.6225224706
702.92870713	-56.3894960412
704.172562227	-56.163823395
705.416417324	-55.9258451391
706.660272421	-55.6944722483
706.971236195	-55.6310724046
707.28219997	-55.5637138952
707.593163744	-55.4931605763
707.904127518	-55.4297031067
708.215091292	-55.367613025
708.526055067	-55.299695439
708.837018841	-55.2338120894
709.147982615	-55.1670886285
709.45894639	-55.0967816095
709.769910164	-55.0235027783
710.080873938	-54.9470524815
710.391837712	-54.8671959926
710.702801487	-54.7826689322
711.013765261	-54.6926961067
711.324729035	-54.5972174365
711.635692809	-54.5023474406
711.946656584	-54.4006303364
712.158955406	-54.3263828424
712.371254228	-54.2516433262
712.58355305	-54.1738468164
712.795851872	-54.0964798325
713.008150694	-54.0060104662
713.153599401	-53.9384528186
713.299048108	-53.8735369256
713.444496814	-53.8073957657
713.589945521	-53.7409646486
713.735394228	-53.6647126795
713.880842934	-53.5821947417
714.026291641	-53.4995087232
714.171740348	-53.4125312715
714.317189054	-53.3193307804
714.462637761	-53.2199804691
714.608086468	-53.1148206714
714.753535174	-53.0039189646
714.898983881	-52.8834535567
715.044432588	-52.7514016091
715.189881294	-52.6051732528
715.335330001	-52.4480113466
715.480778708	-52.2721524939
715.580523436	-52.1382013407
715.680268165	-51.9940150601
715.780012893	-51.8367870344
715.879757622	-51.6654495146
715.97950235	-51.4724258851
716.079247079	-51.2535876199
716.178991807	-51.0069421189
716.278736536	-50.7242714274
716.378481264	-50.394408053
716.478225993	-50.0016282904
716.577970721	-49.5218300139
716.677715449	-48.9181143434
716.777460178	-48.116968846
716.80239636	-47.8720753269
716.827332542	-47.6022752032
716.852268724	-47.3033004837
716.877204906	-46.9697271152
716.902141089	-46.5941109179
716.927077271	-46.1660281857
716.952013453	-45.6704068865
716.976949635	-45.0849040276
716.994170224	-44.6107762371
717.011390814	-44.0597397856
717.021056068	-43.7074783409
717.030721322	-43.3164303314
717.040386576	-42.878411086
717.050051831	-42.3833758998
717.059717085	-41.8192498712
717.069382339	-41.1719806398
717.079047593	-40.4260166537
717.088712848	-39.5654352211
717.098378102	-38.5757476408
717.108043356	-37.445869293
717.11770861	-36.1690431409
717.127373865	-34.7412933568
717.137039119	-33.157290389
717.146704373	-31.4056220341
717.156369627	-29.4655443971
717.166034882	-27.3056195173
717.175700136	-24.8832915724
717.18536539	-22.1455898395
717.195030645	-19.0325140938
717.204695899	-15.4862628
717.214361153	-11.4684022706
717.224026407	-6.98451524821
717.233691662	-2.09560403482
717.243356916	3.04572299501
717.25302217	8.20963696597
717.262687424	13.1453821996
717.272352679	17.6399908201
717.282017933	21.5603062592
717.291683187	24.8613352766
717.301348441	27.5686158918
717.311013696	29.7492389334
717.32067895	31.4853702746
717.330344204	32.8568309007
717.340009458	33.9326762606
717.349674713	34.7693804171
717.359339967	35.4120597405
717.369005221	35.8960349484
717.378670475	36.2488116569
717.38833573	36.4919522058
717.398000984	36.6424460527
717.407666238	36.7137247828
717.417331492	36.716513445
717.432046607	36.6087411149
717.446761722	36.386886642
717.461476837	36.0694597859
717.476191952	35.6717658243
717.490907067	35.2066055017
717.505622182	34.6844671976
717.520337297	34.113906271
717.535052412	33.5019477021
717.549767527	32.8543799017
717.564482642	32.1759543591
717.579197757	31.4705560515
717.593912872	30.7413747852
717.608627987	29.9910626024
717.623343102	29.2218573483
717.638058217	28.4356684384
717.652773332	27.6341345096
717.667488447	26.8186654316
717.682203562	25.9904775083
717.696918677	25.1506257965
717.711633792	24.300033991
717.726348906	23.4395210504
717.749751952	22.0523244533
717.773154998	20.6445506726
717.796558043	19.2185614553
717.819961089	17.776551437
717.843364134	16.3205936864
717.86676718	14.852646797
717.890170225	13.3745534595
717.913573271	11.8880397483
717.936976316	10.3947170671
717.960379362	8.8960851292
717.983782407	7.39353311572
718.007185453	5.88833697272
718.043616995	3.54265074771
718.080048538	1.19711211914
718.11648008	-1.14518826981
718.152911623	-3.48199363551
718.189343165	-5.81168158397
718.225774708	-8.13277112826
718.26220625	-10.4439251222
718.298637793	-12.7446387613
718.335069335	-15.0183468661
718.371500877	-17.2472491248
718.40793242	-19.4336790993
718.444363962	-21.5848716429
718.480795505	-23.7054303058
718.517227047	-25.7988850012
718.55365859	-27.8744316057
718.590090132	-29.9435311852
718.626521675	-32.0134067537
718.662953217	-34.0826158739
718.69938476	-36.1423575498
718.735816302	-38.1789067515
718.772247845	-40.1754003162
718.808679387	-42.1111079756
718.84511093	-43.9663717751
718.881542472	-45.7354080179
718.917974015	-47.4075312882
718.954405557	-48.9646095727
718.9908371	-50.3925579115
719.027268642	-51.6895386933
719.063700185	-52.8608477789
719.100131727	-53.9133483124
719.13656327	-54.8550929022
719.172994812	-55.6963188168
719.229114913	-56.8215560541
719.285235014	-57.7751521816
719.341355115	-58.5916123569
719.397475216	-59.2978916464
719.453595316	-59.9147276194
719.542456579	-60.748012843
719.631317843	-61.4458778679
719.720179106	-62.0403804594
719.809040369	-62.5537573465
719.897901632	-63.0016689311
719.986762895	-63.3952471957
720.128031881	-63.9299583138
720.269300866	-64.3731794309
720.410569852	-64.7402484054
720.551838838	-65.0422123802
720.693107824	-65.288580616
720.83437681	-65.4881247814
721.065717514	-65.7324150085
721.297058219	-65.895196211
721.528398923	-65.9931214658
721.759739628	-66.0377014521
721.991080333	-66.0388414399
722.222421037	-66.0057521084
722.584445914	-65.9022512298
722.946470791	-65.7533943435
723.308495669	-65.5727168344
723.670520546	-65.3695173663
724.032545423	-65.1513285597
724.3945703	-64.9242909089
724.99902376	-64.5371232809
725.60347722	-64.1510095054
726.207930681	-63.773284875
726.812384141	-63.4077212526
727.416837601	-63.0565448775
728.021291061	-62.7212170811
729.016940656	-62.2053257088
730.012590251	-61.7337801256
731.008239846	-61.301878019
732.003889441	-60.9034513049
732.999539036	-60.5346778524
733.995188631	-60.1933177912
734.990838226	-59.8778801888
736.632460378	-59.4034994672
738.274082531	-58.9746393105
739.915704683	-58.5881551792
741.557326836	-58.2341896105
743.198948988	-57.9158994274
744.840571141	-57.6036638419
746.482193293	-57.3086609309
748.123815446	-57.0194376674
749.765437598	-56.7482867522
751.407059751	-56.4734286711
753.048681903	-56.2101839037
753.459087441	-56.1400625703
753.869492979	-56.0671918843
754.279898517	-55.9904138949
754.690304056	-55.9227908429
755.100709594	-55.857550967
755.511115132	-55.7858954722
755.92152067	-55.7184022548
756.331926208	-55.65050502
756.742331746	-55.5742502317
757.152737284	-55.5080483188
757.563142822	-55.4404611242
757.973548361	-55.3584061498
758.383953899	-55.2806571605
758.794359437	-55.2031597292
759.204764975	-55.1142641507
759.615170513	-55.0188263198
760.025576051	-54.9259711685
760.435981589	-54.8306440796
760.846387127	-54.7249440432
761.256792666	-54.6271928146
761.667198204	-54.5150402326
762.077603742	-54.3822383577
762.48800928	-54.2464278522
762.898414818	-54.1082154108
763.308820356	-53.9552779176
763.719225894	-53.7754072356
764.129631432	-53.5730869584
764.540036971	-53.334326277
764.950442509	-53.0576697621
765.360848047	-52.7243181492
765.771253585	-52.2871976145
766.181659123	-51.6929883756
766.284260508	-51.5039251839
766.386861892	-51.2881641123
766.489463277	-51.0431304125
766.592064661	-50.7651371953
766.694666046	-50.4408837286
766.79726743	-50.0534808142
766.899868815	-49.5801057722
767.002470199	-48.9827421119
767.105071584	-48.1956823812
767.13072193	-47.9563335433
767.156372276	-47.6924921347
767.182022622	-47.4004503654
767.196061976	-47.226959454
767.210101331	-47.0424219778
767.224140685	-46.8455552556
767.250647497	-46.4343269271
767.277154309	-45.9596250177
767.29300582	-45.638277978
767.30885733	-45.2820266804
767.32470884	-44.8830588541
767.340560351	-44.4307775232
767.356411861	-43.910512723
767.364288398	-43.6209892736
767.372164936	-43.3062954655
767.380041473	-42.9621960163
767.38791801	-42.5837094193
767.395794548	-42.164974649
767.403671085	-41.69918455
767.411547623	-41.1786258399
767.41942416	-40.5948517016
767.427300697	-39.9390396799
767.435177235	-39.2025585878
767.443053772	-38.3777115937
767.450930309	-37.4583930731
767.458806847	-36.4403595059
767.466683384	-35.3208046078
767.474559921	-34.097095507
767.482436459	-32.7651707174
767.490312996	-31.3179682843
767.498189533	-29.7442496396
767.506066071	-28.0278804251
767.513942608	-26.1475851221
767.521819145	-24.0771715027
767.533973092	-20.4390027093
767.546127038	-16.157633641
767.558280984	-11.1472794318
767.57043493	-5.41396577588
767.582588876	0.883598856221
767.594742822	7.37126770933
767.606896768	13.5591219367
767.619050714	19.0493581131
767.63120466	23.596962716
767.643358606	27.179331939
767.655512552	29.917253323
767.667666499	31.9734999711
767.679820445	33.4981529445
767.691974391	34.6138931722
767.704128337	35.4167418869
767.716282283	35.9777675031
767.728436229	36.3475031396
767.740590175	36.5623659191
767.752744121	36.6497951494
767.764898067	36.63110443
767.777052013	36.5229721268
767.78920596	36.3385308054
767.801359906	36.0883562942
767.813513852	35.7812499009
767.825667798	35.4247153601
767.837821744	35.0251952789
767.84997569	34.5882031217
767.862129636	34.1184375151
767.874283582	33.6198948793
767.886437528	33.0959697773
767.905479943	32.2308381693
767.924522358	31.319409201
767.943564773	30.3685594122
767.962607188	29.3837718008
767.981649603	28.3695319053
768.000692018	27.3295290761
768.019734433	26.2667905262
768.038776848	25.1837990691
768.057819263	24.0826212522
768.076861678	22.9650275612
768.095904093	21.8325795781
768.114946507	20.6866847288
768.133988922	19.5286338779
768.153031337	18.3596316789
768.172073752	17.1808186961
768.191116167	15.9932826275
768.210158582	14.7980611462
768.23914966	12.9658558606
768.268140738	11.1213800599
768.297131816	9.26762479258
768.326122894	7.40731166702
768.355113972	5.54289918438
768.38410505	3.67658085268
768.413096128	1.81027227517
768.442087206	-0.0544234594296
768.471078285	-1.91624802039
768.500069363	-3.77420832613
768.529060441	-5.62748917792
768.558051519	-7.47532123984
768.587042597	-9.31697250956
768.616033675	-11.1522621014
768.645024753	-12.9807985256
768.674015831	-14.789322173
768.703006909	-16.5727508306
768.731997987	-18.3290408787
768.760989065	-20.0590605886
768.789980143	-21.7635513337
768.83810049	-24.5476508856
768.886220836	-27.2967743245
768.934341183	-30.0299667768
768.982461529	-32.760567819
769.030581876	-35.4833587383
769.078702223	-38.1753693268
769.126822569	-40.7938094253
769.174942916	-43.2997310487
769.223063262	-45.6587816116
769.271183609	-47.8476991898
769.319303956	-49.8286006435
769.367424302	-51.5841784863
769.415544649	-53.1152576491
769.463664996	-54.4390623674
769.511785342	-55.5806481073
769.559905689	-56.5665850646
769.608026035	-57.4216331248
769.656146382	-58.1675486907
769.704266729	-58.8228292659
769.752387075	-59.40284481
769.831142557	-60.2208202635
769.909898039	-60.9117378986
769.988653521	-61.5059029846
770.067409002	-62.0238363614
770.191712671	-62.7213210654
770.316016341	-63.3014786791
770.44032001	-63.788217511
770.564623679	-64.1986473257
770.688927348	-64.5449964675
770.813231017	-64.8370893098
770.937534687	-65.0832699761
771.144298761	-65.408889401
771.351062835	-65.6491299582
771.557826909	-65.8192668273
771.764590983	-65.9303634063
771.971355057	-65.9927608637
772.178119132	-66.0164518929
772.521850196	-65.9902661337
772.865581261	-65.9041075536
773.209312325	-65.7743085365
773.55304339	-65.6116938387
773.896774454	-65.4256555042
774.240505519	-65.2244232384
774.778087239	-64.89259755
775.31566896	-64.5523896102
775.853250681	-64.2122199121
776.390832401	-63.8770446412
776.928414122	-63.5503704525
777.465995842	-63.234737168
778.388423131	-62.7229739786
779.310850419	-62.2504809393
780.233277707	-61.8147901506
781.155704995	-61.4113869051
782.078132284	-61.0369005902
783.000559572	-60.6895200621
783.92298686	-60.3676134938
785.413289175	-59.8939106192
786.90359149	-59.4669152037
788.393893805	-59.0808474391
789.88419612	-58.726892974
791.374498435	-58.4078344201
792.86480075	-58.1069527606
794.355103065	-57.8141448573
795.845405379	-57.5489127098
797.335707694	-57.2861464043
798.826010009	-57.0376063693
800.316312324	-56.7867286215
801.806614639	-56.550049343
803.296916954	-56.304550099
804.787219269	-56.0697467733
805.159794848	-56.0061886517
805.532370426	-55.9394003331
805.904946005	-55.8688287141
806.277521584	-55.8074559039
806.650097162	-55.7484245189
807.022672741	-55.6831063226
807.39524832	-55.6214696873
807.767823899	-55.5595065857
808.140399477	-55.4949920868
808.512975056	-55.4289156039
808.885550635	-55.3602845906
809.258126213	-55.2853791988
809.630701792	-55.2070242867
810.003277371	-55.1281924219
810.37585295	-55.0549565102
810.748428528	-54.9714341581
810.988473802	-54.9125945106
811.228519076	-54.8575904226
811.468564349	-54.8007847183
811.708609623	-54.7395251765
811.948654897	-54.6754926889
812.18870017	-54.606760134
812.428745444	-54.5377063446
812.668790718	-54.4684128985
812.908835991	-54.4005592889
813.148881265	-54.3238982557
813.388926539	-54.2406199015
813.628971812	-54.1579193066
813.869017086	-54.073552063
814.10906236	-53.9806801319
814.349107633	-53.8843188248
814.589152907	-53.7822331033
814.829198181	-53.6712013004
815.069243454	-53.5487348168
815.309288728	-53.4132075768
815.549334002	-53.2654344806
815.789379275	-53.1029735465
816.029424549	-52.9202735755
816.269469823	-52.7103970844
816.509515096	-52.4688241926
816.74956037	-52.185352017
816.989605644	-51.8408818713
817.229650917	-51.4028984745
817.469696191	-50.8230372554
817.709741465	-49.9846234774
817.769752783	-49.7121768586
817.829764102	-49.4012040914
817.88977542	-49.0427463346
817.949786738	-48.6212715511
818.009798057	-48.1144941465
818.069809375	-47.48901855
818.129820694	-46.6874439877
818.144823523	-46.4496118989
818.159826353	-46.191900893
818.174829182	-45.9110922763
818.189832012	-45.6032455949
818.204834842	-45.2632928085
818.219837671	-44.8845844654
818.234840501	-44.4581624821
818.24984333	-43.9715827762
818.259652432	-43.6128663503
818.269461533	-43.2144171758
818.279270634	-42.7678057192
818.289079735	-42.2625878434
818.298888837	-41.6861908674
818.308697938	-41.0239042323
818.318507039	-40.2593164072
818.32831614	-39.3754892208
818.338125242	-38.3569465915
818.347934343	-37.1918311366
818.357743444	-35.8728368942
818.367552545	-34.3953586798
818.377361647	-32.7529253579
818.387170748	-30.932124825
818.396979849	-28.9092803683
818.40678895	-26.6491854377
818.416598052	-24.104985137
818.426407153	-21.2195830771
818.436216254	-17.9305325504
818.446025355	-14.1824060726
818.455834457	-9.94807048452
818.465643558	-5.25099480565
818.475452659	-0.188302408844
818.48526176	5.04913296512
818.495070862	10.2082946946
818.504879963	15.0453294539
818.514689064	19.3594650087
818.524498165	23.0488162017
818.534307266	26.106425163
818.544116368	28.5861079575
818.553925469	30.5676887911
818.56373457	32.1352459044
818.573543671	33.3658577283
818.583352773	34.3244074544
818.593161874	35.063413173
818.602970975	35.6240861019
818.612780076	36.0382807056
818.622589178	36.3307897636
818.632398279	36.5211210625
818.64220738	36.6246791786
818.652016481	36.6536787171
818.666844694	36.5775936393
818.681672906	36.3802388011
818.696501119	36.0816092685
818.711329331	35.6981646831
818.726157544	35.2436178782
818.740985757	34.7291490815
818.755813969	34.1638451965
818.770642182	33.5551626253
818.785470394	32.9092499816
818.800298607	32.2311528918
818.815126819	31.5249881805
818.829955032	30.7941268937
818.844783244	30.0413652567
818.859611457	29.2690579166
818.874439669	28.479209529
818.889267882	27.6735366128
818.904096094	26.8535131538
818.918924307	26.0204086976
818.933752519	25.1753228605
818.948580732	24.3192169884
818.963408944	23.4529423206
818.986893221	22.0620289272
819.010377497	20.6502460272
819.033861774	19.2200093706
819.057346051	17.773560623
819.080830327	16.3130135417
819.104314604	14.8403613277
819.12779888	13.3574759001
819.151283157	11.8661081038
819.174767433	10.3678905802
819.19825171	8.86434160594
819.221735986	7.35686696068
819.245220263	5.84675764889
819.281878168	3.48703981756
819.318536073	1.12757237553
819.355193978	-1.22850352968
819.391851884	-3.57890586249
819.428509789	-5.92200668188
819.465167694	-8.25632428409
819.501825599	-10.5805400449
819.538483504	-12.8940522558
819.575141409	-15.1780825097
819.611799315	-17.4165278699
819.64845722	-19.6123542495
819.685115125	-21.7730548214
819.72177303	-23.9028260793
819.758430935	-26.0057019896
819.795088841	-28.0912243173
819.831746746	-30.1709724212
819.868404651	-32.2514613533
819.905062556	-34.3304570029
819.941720461	-36.3982182515
819.978378366	-38.4402873521
820.015036272	-40.4390969933
820.051694177	-42.3732960795
820.088352082	-44.2249216947
820.125009987	-45.9876399217
820.161667892	-47.6493996713
820.198325797	-49.1920132249
820.234983703	-50.6030900011
820.271641608	-51.8822948352
820.308299513	-53.0356693484
820.344957418	-54.0705830261
820.381615323	-54.9956479911
820.418273229	-55.8215454176
820.474163122	-56.9157429105
820.530053015	-57.8448322895
820.585942909	-58.6418651627
820.641832802	-59.332612052
820.697722695	-59.936941951
820.788405578	-60.7734693677
820.879088461	-61.4730094826
820.969771344	-62.0681890756
821.060454227	-62.5814942687
821.15113711	-63.0287383129
821.241819993	-63.421163463
821.384292657	-63.947562978
821.52676532	-64.3836352458
821.669237983	-64.7444578532
821.811710647	-65.0409200623
821.95418331	-65.282407086
822.096655973	-65.477588045
822.33263112	-65.7167532817
822.568606267	-65.8721067398
822.804581414	-65.9619584339
823.040556561	-65.9997118283
823.276531708	-65.9958441408
823.512506855	-65.9587047203
823.875665663	-65.8513912784
824.238824471	-65.6996336433
824.601983279	-65.5173377523
825.187689516	-65.1837695683
825.773395753	-64.8244293215
826.35910199	-64.4549700175
826.944808227	-64.0862568982
827.530514464	-63.7255845831
828.116220701	-63.3766578662
828.701926938	-63.041473618
829.623144635	-62.5455591615
830.544362332	-62.0864888678
831.465580029	-61.6637283474
832.386797726	-61.271882698
833.308015423	-60.9112791761
834.22923312	-60.5726623174
835.150450817	-60.2631077094
836.071668514	-59.9739007094
836.992886211	-59.7080188563
837.914103908	-59.4456692587
838.835321605	-59.1968981223
839.756539302	-58.9693583004
840.677756999	-58.7569552228
841.598974696	-58.5668483046
842.520192393	-58.3758138326
843.44141009	-58.1786821696
844.362627787	-57.9965514139
845.283845484	-57.8092950169
846.205063181	-57.6304022278
847.126280878	-57.4643200245
848.047498575	-57.3152971646
848.968716272	-57.16738091
849.889933969	-57.0122409112
850.811151666	-56.8407390412
851.732369363	-56.6886181564
852.65358706	-56.555107147
853.574804757	-56.4186649994
854.496022454	-56.2624005149
855.417240151	-56.0673058778
856.338457848	-55.8844628199
857.259675545	-55.7464744447
858.180893242	-55.583045689
858.411197667	-55.5397536468
858.641502091	-55.4927668155
858.871806515	-55.4460873222
859.102110939	-55.4019569967
859.332415364	-55.3622060474
859.712047182	-55.2916086151
860.091679	-55.2103434802
860.471310818	-55.1236612981
860.850942636	-55.0374806774
861.230574454	-54.9573713353
861.610206273	-54.8759979755
861.989838091	-54.7900135076
862.369469909	-54.6945732588
862.749101727	-54.5928859193
863.128733545	-54.4864210409
863.508365363	-54.3747958787
863.887997181	-54.2524250554
864.267629	-54.1187333487
864.647260818	-53.972403858
865.026892636	-53.8136134824
865.406524454	-53.6352835979
865.786156272	-53.4334926507
866.16578809	-53.2000103351
866.545419908	-52.920616554
866.925051727	-52.5832108282
867.304683545	-52.1475516738
867.684315363	-51.5436031369
867.779223317	-51.354036887
867.874131272	-51.1410374778
867.969039226	-50.8991082386
868.063947181	-50.6226396715
868.158855135	-50.3011967117
868.25376309	-49.9205712608
868.348671045	-49.4598133575
868.443578999	-48.8844045235
868.502677456	-48.4430535724
868.561775913	-47.9093687773
868.62087437	-47.2442536384
868.635648984	-47.0518370582
868.650423599	-46.8460175718
868.691532167	-46.1850022676
868.70180931	-45.9958692114
868.712086452	-45.794961583
868.72762002	-45.465604662
868.743153589	-45.0999003841
868.758687158	-44.6897687737
868.774220727	-44.2240989089
868.789754295	-43.68745613
868.797040882	-43.4058053056
868.804327468	-43.1008936205
868.811614055	-42.7690650399
868.818900641	-42.4060917798
868.826187228	-42.007082477
868.833473814	-41.566444431
868.840760401	-41.0779196111
868.848046987	-40.5347151328
868.855333574	-39.9297520519
868.86262016	-39.2560524047
868.869906747	-38.5072447044
868.877193333	-37.6780518114
868.88447992	-36.7645590291
868.891766507	-35.7640828838
868.899053093	-34.6745050651
868.90633968	-33.493228541
868.913626266	-32.2160523342
868.920912853	-30.8361931658
868.928199439	-29.3435811302
868.935486026	-27.7244567934
868.942772612	-25.9612649896
868.950059199	-24.0328756101
868.957345785	-21.9152653452
868.970601754	-17.4964333695
868.983857723	-12.2305034548
868.997113691	-6.10274675315
869.01036966	0.724435704055
869.023625629	7.79415402775
869.036881597	14.473148207
869.050137566	20.2328751312
869.063393534	24.8592067616
869.076649503	28.4044832206
869.089905472	31.0381766916
869.10316144	32.9490749698
869.116417409	34.3094248629
869.129673378	35.2615483557
869.142929346	35.9110611527
869.156185315	36.3290576686
869.169441284	36.562659621
869.182697252	36.6457696158
869.195953221	36.6049799279
869.20920919	36.461487151
869.222465158	36.2318007323
869.235721127	35.9287615062
869.248977096	35.5627695751
869.262233064	35.1426516403
869.275489033	34.676006116
869.288745002	34.1692769267
869.30200097	33.6278284743
869.315256939	33.0561010173
869.328512908	32.4577908596
869.341768876	31.835996815
869.355024845	31.1933256823
869.368280814	30.5319759834
869.381536782	29.8538149173
869.394792751	29.1604454828
869.414704774	28.093359273
869.434616798	26.9990470172
869.454528821	25.880716056
869.474440844	24.7410361548
869.494352868	23.582259138
869.514264891	22.4063119545
869.534176915	21.2148881107
869.554088938	20.0095203762
869.574000961	18.7916291918
869.593912985	17.5625519675
869.613825008	16.3235575888
869.633737032	15.0758518567
869.653649055	13.8205789752
869.684342353	11.8733136261
869.715035651	9.91431542324
869.745728948	7.94695857049
869.776422246	5.97425821079
869.807115544	3.99887754887
869.837808842	2.02314227467
869.86850214	0.0490134367014
869.899195438	-1.9219651486
869.929888736	-3.88859802226
869.960582033	-5.84993385922
869.991275331	-7.80509010469
870.021968629	-9.75324565311
870.052661927	-11.6942315516
870.083355225	-13.6270852779
870.114048523	-15.5315195527
870.14474182	-17.4042457469
870.175435118	-19.2483494556
870.206128416	-21.0665049429
870.236821714	-22.8582720852
870.267515012	-24.6272108476
870.29820831	-26.3807735498
870.344624019	-29.0185126575
870.391039728	-31.6531574383
870.437455436	-34.2864502309
870.483871145	-36.9027490388
870.530286854	-39.4686745526
870.576702563	-41.9474082927
870.623118272	-44.2977098308
870.669533981	-46.5001875105
870.71594969	-48.5381304843
870.762365399	-50.3812126921
870.808781108	-52.0128743105
870.855196817	-53.4372536027
870.901612526	-54.6731316501
870.948028235	-55.7444314988
870.994443944	-56.6750132815
871.040859653	-57.4866902328
871.087275361	-58.1986173259
871.13369107	-58.8271626983
871.205965635	-59.6708944696
871.278240199	-60.3853482529
871.350514763	-61.0003820474
871.460853966	-61.7941366209
871.571193168	-62.4539336626
871.68153237	-63.0103433419
871.791871572	-63.4846437903
871.902210774	-63.8914887329
872.012549976	-64.2414803795
872.122889178	-64.5430548386
872.313800677	-64.9709141126
872.504712175	-65.3020494635
872.695623674	-65.5536863346
872.886535173	-65.7376302998
873.077446671	-65.8647735747
873.26835817	-65.9461887023
873.563623347	-66.0022378922
873.858888524	-65.9944022117
874.154153701	-65.9379303571
874.449418878	-65.8429587296
874.744684055	-65.7185232584
875.039949232	-65.5728780589
875.509982535	-65.3117992793
875.980015838	-65.029387442
876.450049141	-64.7361418922
876.920082444	-64.4387007774
877.390115747	-64.1420978979
877.86014905	-63.8502228058
878.666849149	-63.3673204142
879.473549247	-62.9123726701
880.280249346	-62.48642245
881.086949445	-62.0878267822
881.893649544	-61.714927424
882.700349643	-61.366715321
883.924386348	-60.8831207771
885.148423053	-60.447757206
886.372459758	-60.0526272494
887.596496464	-59.6883276601
888.820533169	-59.3506695876
890.044569874	-59.0392627042
891.268606579	-58.7500991431
892.492643285	-58.4820102324
893.71667999	-58.2221140426
894.940716695	-57.9892000397
896.1647534	-57.7596080959
897.388790106	-57.5411355486
898.612826811	-57.324186007
899.836863516	-57.1343715133
901.060900221	-56.9339791299
901.911506065	-56.7930514971
902.762111908	-56.6504073067
903.612717751	-56.5082481879
904.463323594	-56.381617531
905.313929437	-56.2564586084
906.164535281	-56.1153576898
907.015141124	-55.9670360416
907.865746967	-55.8264769983
908.71635281	-55.6776744381
909.566958653	-55.5312859568
910.417564496	-55.3707049616
911.26817034	-55.2051872907
912.118776183	-55.0208443115
912.969382026	-54.8302606818
913.819987869	-54.6090899137
914.03263933	-54.5515088796
914.245290791	-54.494407545
914.457942252	-54.435776606
914.670593712	-54.3704282032
914.883245173	-54.3047405883
915.095896634	-54.2368470305
915.308548095	-54.1653887842
915.521199556	-54.0882714265
915.733851016	-54.008241835
915.946502477	-53.9247876848
916.159153938	-53.8354974106
916.371805399	-53.7386007937
916.58445686	-53.6353462162
916.79710832	-53.5270989657
917.009759781	-53.408630283
917.222411242	-53.2800432386
917.435062703	-53.1395342484
917.647714163	-52.9850914221
917.860365624	-52.8119000697
918.073017085	-52.6151354759
918.285668546	-52.3897828539
918.498320007	-52.1260306607
918.710971467	-51.8145253088
918.923622928	-51.4271006779
919.136274389	-50.9320242571
919.34892585	-50.2667012842
919.561577311	-49.2800817054
919.774228771	-47.6988169127
919.808852331	-47.3251589641
919.832145437	-47.0255849387
919.855438544	-46.6923153061
919.87873165	-46.3213585637
919.902024756	-45.9034679948
919.925317863	-45.4250258359
919.948610969	-44.8683104328
919.963019453	-44.4741544681
919.977427937	-44.0315418017
919.991836421	-43.5281821319
920.006244905	-42.94700042
920.014721717	-42.5595131558
920.02319853	-42.13052106
920.031675342	-41.6522421246
920.040152155	-41.1155725685
920.048628968	-40.5101318602
920.05710578	-39.8245350378
920.065582593	-39.0470175986
920.074059405	-38.1664318127
920.082536218	-37.1733920152
920.091013031	-36.0610053276
920.099489843	-34.8245724092
920.107966656	-33.459835879
920.116443468	-31.9604646345
920.124920281	-30.315686115
920.133397093	-28.5087613251
920.141873906	-26.5161762997
920.150350719	-24.3075713634
920.158827531	-21.8466455642
920.167304344	-19.093656089
920.180937236	-13.9639889298
920.194570128	-7.91614404045
920.20820302	-1.06477890779
920.221835912	6.19467087768
920.235468805	13.2030716953
920.244985936	17.6061051771
920.254503067	21.4550849657
920.264020199	24.7066259919
920.27353733	27.3824450895
920.283054462	29.5457190398
920.292571593	31.2759140798
920.302088724	32.6503613092
920.311605856	33.7353747853
920.321122987	34.5847057154
920.330640119	35.2416665474
920.34015725	35.7407409007
920.349674381	36.1090930155
920.359191513	36.3680801564
920.368708644	36.534516202
920.378225775	36.6217020909
920.392525304	36.6268680731
920.406824832	36.5054004796
920.42112436	36.2782333016
920.435423889	35.9624310483
920.449723417	35.5721258488
920.464022945	35.1188124428
920.478322473	34.6118695987
920.492622002	34.0590791019
920.50692153	33.4669457621
920.521221058	32.8408610314
920.535520586	32.1852416195
920.549820115	31.5037032665
920.564119643	30.7992391266
920.578419171	30.0743614396
920.5927187	29.3312009675
920.607018228	28.5715777202
920.621317756	27.7970545821
920.642802864	26.6082427571
920.664287973	25.3926553822
920.685773081	24.1533861883
920.707258189	22.8930386126
920.728743297	21.6138697597
920.750228405	20.3178862679
920.771713514	19.0069180264
920.793198622	17.6826667602
920.81468373	16.3467337838
920.836168838	15.000634537
920.857653947	13.6458042877
920.879139055	12.28359809
920.911447415	10.2240710988
920.943755774	8.15470694695
920.976064134	6.07910480518
921.008372494	4.00040802878
921.040680854	1.92131736126
921.072989214	-0.155909697643
921.105297573	-2.22950408424
921.137605933	-4.29810528781
921.169914293	-6.36059171212
921.202222653	-8.41595542854
921.234531012	-10.4634352312
921.266839372	-12.5027236458
921.299147732	-14.5232205692
921.331456092	-16.5099021451
921.363764452	-18.4626531363
921.396072811	-20.3852659414
921.428381171	-22.2799927968
921.460689531	-24.1485216252
921.492997891	-25.9970760211
921.525306251	-27.8345755022
921.55761461	-29.6684945073
921.58992297	-31.5018773944
921.62223133	-33.333892654
921.65453969	-35.160661969
921.68684805	-36.9752361271
921.719156409	-38.7671656571
921.768031434	-41.4057856729
921.816906458	-43.9099540495
921.865781482	-46.2491999448
921.914656507	-48.4075533454
921.963531531	-50.3527167127
922.012406555	-52.0653095415
922.061281579	-53.5487387214
922.110156604	-54.8270490092
922.159031628	-55.9295539014
922.207906652	-56.8822020417
922.256781677	-57.7077908038
922.305656701	-58.4274898474
922.354531725	-59.0601501608
922.40340675	-59.6211471257
922.478020393	-60.3658776161
922.552634037	-61.0031498437
922.627247681	-61.5558016113
922.701861325	-62.0405377743
922.776474969	-62.4697187139
922.895102474	-63.0602642435
923.013729979	-63.5598480308
923.132357483	-63.9847344894
923.250984988	-64.3463215454
923.369612493	-64.6538322132
923.488239998	-64.9152127086
923.685237658	-65.2648717441
923.981046626	-65.6316993159
924.276855595	-65.8536526778
924.572664564	-65.967550001
924.868473533	-66.003295302
925.164282501	-65.9766765461
925.46009147	-65.9027975404
925.755900439	-65.7961437647
926.051709408	-65.6653090643
926.347518376	-65.5150132549
926.81641735	-65.2506305424
927.285316324	-64.965177774
927.754215298	-64.6695327157
928.223114273	-64.3722520805
928.692013247	-64.078018413
929.406380894	-63.641109347
930.120748541	-63.2228093472
930.835116187	-62.8259985514
931.0	-62.7372943691
931.0	-62.7372943691
931.000432572	-62.7507326488
931.001098435	-62.7704600793
931.002306405	-62.8041441499
931.003514376	-62.8361977544
931.005811932	-62.8941179837
931.008109488	-62.9487918272
931.014133438	-63.0813365216
931.020157389	-63.2020656455
931.026181339	-63.3146744414
931.03220529	-63.4211610153
931.04230027	-63.5893065161
931.052395251	-63.746485818
931.062490232	-63.8948544312
931.079341551	-64.1270310163
931.096192869	-64.3436046663
931.125057034	-64.6867069894
931.153921199	-65.0031235396
931.182785363	-65.2985313608
931.211649528	-65.5761335644
931.240513693	-65.8382377009
931.286773682	-66.2304081804
931.333033671	-66.593636215
931.379293661	-66.9325414972
931.455953257	-67.4489876152
931.532612853	-67.9186619074
931.609272449	-68.3496686744
931.744418952	-69.0330424317
931.879565455	-69.6371592786
932.014711957	-70.176944831
932.14985846	-70.6641942584
932.285004962	-71.1082925435
932.4951814	-71.7289152901
932.705357838	-72.2796973774
932.915534275	-72.7732168268
933.125710713	-73.2193107251
933.335887151	-73.6260039468
933.686539182	-74.2335261251
934.037191212	-74.7700051479
934.387843243	-75.2498760061
934.738495274	-75.6838095993
935.089147305	-76.0802260657
935.648352863	-76.6505567276
936.20755842	-77.1602101434
936.766763978	-77.6206576407
937.325969536	-78.039817953
937.885175094	-78.42370555
938.732342335	-78.9479586641
939.579509576	-79.4120346941
940.859306835	-80.0137888309
942.139104094	-80.5096260768
943.418901353	-80.910566097
944.698698612	-81.2253634497
945.978495871	-81.4638028999
947.899147919	-81.6970082689
949.819799968	-81.8023470945
951.740452016	-81.7993217787
953.661104065	-81.705753509
955.581756114	-81.5377549384
958.543681748	-81.1649010183
961.505607382	-80.6980435438
964.467533017	-80.173600161
967.429458651	-79.6211666255
970.391384285	-79.0664644184
973.35330992	-78.5252368288
976.315235554	-78.01014156
979.277161188	-77.5317944153
982.239086823	-77.0935114249
985.201012457	-76.6981577466
988.162938091	-76.3475811607
991.124863725	-76.0384460817
994.08678936	-75.7694149225
997.048714994	-75.5386340786
1000.01064063	-75.3404394076
1002.97256626	-75.1728535625
1005.9344919	-75.0329594432
1010.6843006	-74.8549617585
1015.4341093	-74.7227082801
1020.183918	-74.626922974
1024.93372669	-74.5595456199
1029.68353539	-74.5114486023
1037.26777919	-74.4625405204
1044.85202298	-74.4298503761
1052.43626677	-74.4063267324
1060.02051056	-74.3820079531
1067.60475435	-74.3597952115
1075.18899814	-74.3413813666
1082.77324193	-74.3171101125
1090.35748573	-74.2948591676
1097.94172952	-74.2818094686
1105.52597331	-74.260857617
1113.1102171	-74.2410453037
1120.69446089	-74.2384037246
1128.27870468	-74.22350378
1131.0	-74.2170400529
1131.0	-74.2170400529
