t	v
0.0	-70.0
0.0005034789544984544	-70.00541073090797
0.0018024884219847743	-70.01675627860753
0.004814455676423751	-70.03730145328716
0.009445012237819277	-70.06306176552958
0.014075568799214802	-70.08562995911932
0.022602874801580946	-70.1212469427545
0.03113018080394709	-70.1529051280181
0.03965748680631323	-70.18163346278762
0.05756043944182009	-70.23560754251929
0.07546339207732695	-70.28295507776316
0.11421835926938695	-70.36872467497457
0.15297332646144693	-70.43675611579592
0.1917282936535069	-70.4920660151225
0.2304832608455669	-70.53780320353448
0.2895767244120776	-70.59417879753568
0.3486701879785883	-70.63746983865038
0.40776365154509897	-70.6707107145124
0.5070828851059347	-70.70970735745935
0.6064021186667704	-70.73282270368249
0.7777710733188892	-70.74742016962544
0.9491400279710078	-70.74221317813291
1.1205089826231265	-70.7249913420047
1.2918779372752451	-70.69944144526534
1.4632468919273638	-70.6677411337443
1.7401110478570403	-70.60695179492402
2.016975203786717	-70.53835964082728
2.2938393597163933	-70.46486144722672
2.732144625982882	-70.342132924648
3.1704498922493705	-70.21508336423825
3.8427435726326777	-70.01773325582744
4.868181488597089	-69.72280034439666
5.8936194045615	-69.44385312806939
6.919057320525911	-69.18578342552468
7.944495236490322	-68.95210344818383
8.969933152454734	-68.74348031083977
9.995371068419146	-68.56053032196213
11.020808984383558	-68.40159971789264
12.04624690034797	-68.26442743020226
13.071684816312382	-68.14820962733249
14.097122732276794	-68.05118969238148
15.122560648241206	-67.9715841442906
16.14799856420562	-67.90808496391259
17.17343648017003	-67.85903413627607
17.856196515672323	-67.83372002803975
18.538956551174618	-67.81370324342684
19.221716586676912	-67.79853417347606
19.904476622179207	-67.78793146817088
20.5872366576815	-67.78164595206948
21.269996693183796	-67.77945345027683
21.95275672868609	-67.78110278179011
22.635516764188385	-67.78626800498826
23.31827679969068	-67.79462326702556
24.001036835192973	-67.80585787399896
24.683796870695268	-67.81964501741666
25.366556906197562	-67.83574245624676
26.049316941699857	-67.8539669669767
26.73207697720215	-67.87407578221489
27.205525788458537	-67.8890146673182
27.678974599714923	-67.90476785696323
28.15242341097131	-67.92133263803665
28.625872222227695	-67.93861861633323
29.09932103348408	-67.956491549601
29.572769844740467	-67.97484501873183
30.046218655996853	-67.99361204020256
30.756412042949275	-68.02246211015569
31.466605429901698	-68.05204897549967
32.17679881685412	-68.08225217432488
32.886992203806535	-68.11294731171563
34.15213429257052	-68.16850157458902
35.41727638133451	-68.22466979155811
37.547312119706596	-68.31927976177333
39.67734785807868	-68.41219326667772
41.80738359645077	-68.50173459701884
43.937419334822856	-68.5866268441093
46.06745507319494	-68.66621329622856
48.19749081156703	-68.73988484958038
50.327526549939115	-68.80710206757048
52.4575622883112	-68.86833025929326
54.58759802668329	-68.92375296798389
56.717633765055375	-68.97325348086886
58.84766950342746	-69.01688669621204
60.97770524179955	-69.05479439815852
63.107740980171634	-69.08748422229615
65.23777671854371	-69.1157572521568
67.3678124569158	-69.13948115366966
68.60666733099539	-69.15112581639188
69.84552220507499	-69.16143986957563
71.08437707915458	-69.17073831196704
72.32323195323417	-69.17922131976677
73.56208682731376	-69.18699781253879
74.80094170139336	-69.19409021178365
76.03979657547295	-69.20044707026595
77.27865144955254	-69.20608531413343
78.51750632363213	-69.21104851891485
79.75636119771173	-69.21536346796785
80.99521607179132	-69.21907757728628
82.23407094587091	-69.22222772452498
83.4729258199505	-69.22485453606559
84.7117806940301	-69.22703403052017
85.95063556810969	-69.2288183998804
87.18949044218928	-69.23023145773082
88.42834531626887	-69.23129020329704
90.52395922538868	-69.23244767088927
92.61957313450849	-69.23293147820262
94.71518704362829	-69.23285912636372
96.8108009527481	-69.23234764982448
98.9064148618679	-69.23152488816649
101.0020287709877	-69.23043457063572
103.09764268010751	-69.2291402001089
105.19325658922732	-69.22776486959393
107.28887049834712	-69.22631902768283
109.38448440746693	-69.22479444451209
111.48009831658673	-69.22331703360537
113.57571222570654	-69.22190349980117
115.67132613482634	-69.22046034214243
117.76694004394615	-69.21910291199583
119.86255395306596	-69.21790836779545
121.95816786218576	-69.21679875740769
124.05378177130557	-69.21582873452448
126.14939568042537	-69.21493790177679
128.24500958954516	-69.21398936010928
130.34062349866497	-69.2130578670364
132.43623740778477	-69.21219905740476
136.60385638254027	-69.21090615390845
140.77147535729577	-69.20985588392112
147.5760265991274	-69.20891182531197
154.38057784095903	-69.20807936212215
161.18512908279067	-69.20761874595824
167.9896803246223	-69.20747128240016
179.7048691329231	-69.20724376214119
191.42005794122392	-69.20683227348772
202.47031308413332	-69.20695967282687
213.52056822704273	-69.2066597099721
219.48370794464998	-69.20669958505954
225.44684766225723	-69.2067113064048
231.40998737986448	-69.20678116470887
237.37312709747172	-69.20707655854817
243.33626681507897	-69.20730531971964
249.29940653268622	-69.20729608578792
255.26254625029347	-69.20720566936197
261.22568596790074	-69.207144471233
267.188825685508	-69.20704709080748
273.15196540311524	-69.20698229415848
279.1151051207225	-69.20691578663597
285.07824483832974	-69.20666392583209
291.041384555937	-69.20668665657631
297.00452427354423	-69.20718386946504
298.49530920294603	-69.20730831447477
299.98609413234783	-69.20739980632929
301.4768790617496	-69.20745285659656
302.9676639911514	-69.20745165407824
304.4584489205532	-69.20741491964495
305.949233849955	-69.2073701675638
307.4400187793568	-69.20731424126433
308.9308037087586	-69.20724825162706
310.4215886381604	-69.20719282210862
311.9123735675622	-69.20714619695
313.403158496964	-69.20709511498079
314.8939434263658	-69.20705162299201
316.3847283557676	-69.20702235156823
317.8755132851694	-69.20699108820226
319.3662982145712	-69.20696009143562
320.857083143973	-69.20694307881409
322.3478680733748	-69.20692841921876
323.8386530027766	-69.20690832169936
325.3294379321784	-69.20689803930455
326.8202228615802	-69.20689507137894
328.311007790982	-69.20689282292687
329.8017927203838	-69.20689773201504
331.2925776497856	-69.20690588697573
333.63027987634297	-69.20691600211079
337.6548774299849	-69.20693917904325
344.98569126759423	-69.20694669652585
359.9056971155477	-69.20679354066968
390.3220123483661	-69.20758359966841
420.73832758118454	-69.2055799915728
428.3424063893891	-69.20649909675363
435.9464851975937	-69.20654660047072
443.55056400579826	-69.20660670536203
451.15464281400284	-69.20723930567688
458.7587216222074	-69.20702122586067
466.362800430412	-69.20684195463693
473.96687923861657	-69.20742551256468
481.57095804682115	-69.20709053267201
489.1750368550257	-69.20679329144964
496.7791156632303	-69.2074742205904
504.3831944714349	-69.20707483398293
511.98727327963945	-69.20716415493634
519.591352087844	-69.20699290544266
527.1954308960486	-69.20713422207602
530.9999999999882	-69.20721594100077
531.0000000000059	-69.20721594100077
531.0001532262863	-69.22639525926313
531.0003941657747	-69.25423422122815
531.0008716107327	-69.30382630223049
531.0013490556908	-69.34930153384465
531.0022530560501	-69.42810407071363
531.003628564323	-69.53436322434243
531.0062080263993	-69.70654342190434
531.0087874884757	-69.85543088639085
531.0113669505521	-69.99074094646717
531.0139464126285	-70.1170692950002
531.0181430828056	-70.30927604766082
531.0223397529828	-70.48751571301511
531.02653642316	-70.65455182124346
531.0340748434547	-70.93261953440737
531.0416132637495	-71.18817036753468
531.0549295439084	-71.59888691166327
531.0682458240674	-71.9721725533762
531.0815621042264	-72.31741723077097
531.0948783843853	-72.63929270380014
531.1081946645443	-72.94087453958909
531.1318872900366	-73.43459256442266
531.155579915529	-73.88322016566885
531.1792725410213	-74.29515217983158
531.2159707881697	-74.87356451580189
531.252669035318	-75.39292004376831
531.2893672824664	-75.86423825540578
531.3577160016839	-76.64166377637271
531.4260647209014	-77.31717210628221
531.4944134401189	-77.91341034921005
531.5627621593364	-78.44806243961938
531.631110878554	-78.93509884340038
531.7340384844679	-79.5995988077011
531.8369660903818	-80.20010355205957
531.9398936962957	-80.75089467872463
532.0428213022096	-81.26256899849741
532.1457489081236	-81.74339505516993
532.3163252790381	-82.48810977676388
532.4869016499526	-83.18265117058945
532.6574780208672	-83.83753077626848
532.8280543917817	-84.4598488171461
532.9986307626963	-85.05507758578824
533.2745928762085	-85.97069507664598
533.6905003025131	-87.26051532356236
534.1064077288177	-88.45885463932811
534.5223151551222	-89.57713223728528
534.9382225814268	-90.62608756104493
535.3541300077313	-91.6150416599555
535.7700374340359	-92.55011997209958
536.1859448603404	-93.4351064932512
536.917203999462	-94.8797535515963
537.6484631385836	-96.19396904519056
538.3797222777051	-97.38860265984833
539.1109814168267	-98.47288225994168
539.8422405559483	-99.45434656081883
540.5734996950698	-100.33889577102869
541.6979750892932	-101.52160215608204
542.8224504835166	-102.50325119105649
543.94692587774	-103.29840492921552
545.0714012719634	-103.92106058880019
546.1958766661868	-104.38491772143293
547.3203520604102	-104.70349692702597
548.4448274546336	-104.890228369599
549.569302848857	-104.95845786212655
550.6937782430804	-104.92139970586939
551.8182536373038	-104.7920483258543
552.9427290315272	-104.58304312820123
554.0672044257506	-104.30652022143495
555.191679819974	-103.97401751961415
556.3161552141974	-103.59638125698993
557.4406306084207	-103.1836861944154
558.5651060026441	-102.74517404375524
559.6895813968675	-102.28919533959359
560.8140567910909	-101.82320506019711
561.9385321853143	-101.35380263545728
563.0630075795377	-100.88672643277174
564.1874829737611	-100.42684679757045
565.3119583679845	-99.97819168133267
566.4364337622079	-99.54402041776534
567.5609091564313	-99.12693373963803
568.6853845506547	-98.72897529125652
569.8098599448781	-98.35167731799733
570.9343353391015	-97.99609687063837
572.0588107333249	-97.66282465870994
572.771719624262	-97.46315714835833
573.4846285151991	-97.27245581775082
574.1975374061362	-97.09065673949642
574.9104462970733	-96.91769783874463
575.6233551880105	-96.75348974715534
576.3362640789476	-96.59789031584351
577.0491729698847	-96.45070369371108
577.7620818608218	-96.31169930976556
578.4749907517589	-96.18063792620113
579.187899642696	-96.0572803463922
579.9008085336332	-95.94137989763827
580.6137174245703	-95.83268104047103
581.3266263155074	-95.73092309945805
582.0395352064445	-95.63583816311531
582.7524440973816	-95.54714976761635
583.4653529883187	-95.46457808714736
584.1782618792558	-95.38784557512228
584.891170770193	-95.31668067194761
585.6040796611301	-95.25081942370875
586.3169885520672	-95.19000350561961
587.0298974430043	-95.13397791572517
587.7428063339414	-95.08249151451793
588.4557152248785	-95.03529899921578
589.1686241158156	-94.99216308392472
589.8815330067528	-94.95285587562925
590.5944418976899	-94.9171579147154
591.307350788627	-94.88485638418439
592.4173249577418	-94.84084552032301
593.5272991268566	-94.80383166411433
594.6372732959715	-94.77311101309657
595.7472474650863	-94.74802966452397
596.8572216342011	-94.72798561141887
597.9671958033159	-94.71241905517418
599.0771699724307	-94.70081177341682
600.1871441415456	-94.69269187237195
601.2971183106604	-94.68762186023096
602.4070924797752	-94.68519787187218
603.51706664889	-94.68505336570468
604.6270408180048	-94.68685124997587
605.7370149871197	-94.69028174807616
606.8469891562345	-94.69507243185384
607.9569633253493	-94.70097907477144
609.0669374944641	-94.70777640591008
610.176911663579	-94.71527221936446
611.2868858326938	-94.72329808460803
612.3968600018086	-94.7316940252566
613.5068341709234	-94.74031551220276
614.6168083400382	-94.74904336508015
615.726782509153	-94.75778350455221
616.8367566782679	-94.7664600626385
617.9467308473827	-94.77500695981254
619.0567050164975	-94.78336360199906
620.1666791856123	-94.79147628924787
623.3647768801293	-94.8130236360326
626.5628745746462	-94.83153423340657
629.7609722691632	-94.84684653519597
632.9590699636801	-94.85912058529576
636.1571676581971	-94.86856844036255
639.355265352714	-94.87557398840701
642.553363047231	-94.88043927507204
645.7514607417479	-94.88353389688339
648.9495584362649	-94.8852670179349
652.1476561307818	-94.88605383200475
655.3457538252987	-94.88613095729659
658.5438515198157	-94.88567523300527
661.7419492143326	-94.88506471920458
663.4960454573916	-94.88470787811804
665.2501417004505	-94.88433104739299
667.0042379435095	-94.88395344990228
668.7583341865684	-94.8836010719225
670.5124304296273	-94.88326134800086
672.2665266726863	-94.88294292017083
674.0206229157452	-94.88267752209947
675.7747191588041	-94.88245849172687
677.5288154018631	-94.88227841376917
679.282911644922	-94.88216326528749
681.037007887981	-94.88211052458784
682.7911041310399	-94.88209806493668
684.5452003740988	-94.8821425288608
686.2992966171578	-94.88224808101025
688.0533928602167	-94.88240204230542
690.9132029407115	-94.88277692583806
693.7730130212062	-94.88322252881922
699.8222796838862	-94.8844469990059
705.8715463465662	-94.88576991709772
711.9208130092462	-94.88714446477348
724.810101831107	-94.88992891815694
737.6993906529678	-94.8925030313834
750.5886794748287	-94.89473398128939
763.4779682966896	-94.89636324710207
785.4895777025083	-94.89952317878114
807.501187108327	-94.90091775328797
829.5127965141457	-94.90201481160477
851.5244059199645	-94.90425071338124
857.0273082714191	-94.9039912900589
862.5302106228737	-94.90400374502575
868.0331129743283	-94.9042679189404
873.536015325783	-94.90435621097586
879.0389176772376	-94.9043200784004
884.5418200286922	-94.9045276001757
890.0447223801468	-94.90466233023787
895.5476247316014	-94.90477074062186
901.0505270830561	-94.90504105758005
906.5534294345107	-94.90529487344668
912.0563317859653	-94.90531712916662
917.5592341374199	-94.90536893551464
923.0621364888746	-94.90563002602369
928.5650388403292	-94.9057547224331
930.9999999999793	-94.90574213507512
931.0000000000103	-94.90574213507512
931.0001532265189	-94.88656111458351
931.0003941574979	-94.85871693508334
931.0008715295774	-94.80910846298826
931.0013489016568	-94.76360665961353
931.002252884617	-94.68472437849438
931.0036281100126	-94.57832408414463
931.0062078787246	-94.40572166805383
931.0087876474365	-94.25631622544007
931.0113674161485	-94.12041031037715
931.0139471848604	-93.99341975536514
931.0181440622149	-93.8000300736943
931.0223409395694	-93.62047463239728
931.0265378169239	-93.45200787375956
931.0340785360651	-93.17105659269912
931.0416192552062	-92.91236182826023
931.0549281462553	-92.49590519151597
931.0682370373044	-92.11628159815771
931.0815459283534	-91.76422660385794
931.0948548194025	-91.43515087699144
931.1081637104515	-91.12604611126491
931.1318289698327	-90.61860417950128
931.1554942292138	-90.1556242163831
931.1791594885949	-89.72892648359364
931.2159053580017	-89.1257734674804
931.2526512274085	-88.5817089560968
931.2893970968153	-88.08590899481585
931.3579025912305	-87.26317726969606
931.4264080856458	-86.54428699408737
931.494913580061	-85.90665111179344
931.5634190744763	-85.33259414062763
931.6319245688916	-84.80809421518222
931.7351583562745	-84.09014085490873
931.8383921436574	-83.4399813964762
931.9416259310403	-82.84285870252863
932.0448597184233	-82.28778537178935
932.1480935058062	-81.76618963252538
932.3191952629563	-80.95893157781799
932.4902970201065	-80.20742316561623
932.6613987772566	-79.50042427986892
932.8325005344068	-78.83028114473622
933.003602291557	-78.19111586895619
933.2794844576671	-77.21507388142525
933.6939733693329	-75.85328540470302
934.1084622809987	-74.59885794953283
934.5229511926644	-73.43920374905439
934.9374401043302	-72.36253635118605
935.351929015996	-71.35889563277553
935.7664179276618	-70.4208832038409
936.1809068393276	-69.54361888289017
936.903885527122	-68.14621086718526
937.6268642149165	-66.90034785607702
938.349842902711	-65.78783108036731
939.0728215905054	-64.79050283342525
939.7958002782999	-63.89173821096596
940.5187789660944	-63.07604682111769
941.2417576538888	-62.328297390674024
942.335686604388	-61.29215024971643
943.4296155548872	-60.322249110980046
944.5235445053863	-59.34728366108953
944.7970267430111	-59.09277806303184
945.0705089806359	-58.82838431343842
945.3439912182606	-58.55085645920268
945.823930946888	-58.016873606436086
946.1236070474888	-57.6404889900075
946.4232831480896	-57.21301222495621
946.4982021732397	-57.09590676008628
946.5731211983899	-56.97356682843861
946.6947037213365	-56.762009789176886
946.7702279059938	-56.62118125089993
946.8457520906511	-56.471770891381105
946.8646331368154	-56.43292808092999
946.8835141829798	-56.39343295712047
946.9205627084363	-56.31391712391194
946.9576112338927	-56.231505410086136
946.9775984313951	-56.185741112475036
946.9975856288975	-56.13898930954653
947.0175728263998	-56.091183042710824
947.0375600239022	-56.04224445659554
947.0474105755341	-56.01768266641872
947.0572611271659	-55.992811448709
947.0671116787978	-55.967616406775704
947.0769622304297	-55.9420814621832
947.0868127820615	-55.916188381810514
947.0966633336934	-55.88991623770597
947.1065138853253	-55.863240776179765
947.1163644369572	-55.836133696860465
947.126214988589	-55.808561821398065
947.1360655402209	-55.780486182831325
947.1459160918528	-55.75186106546374
947.1557666434846	-55.722632992941485
947.1656171951165	-55.69273963724585
947.1754677467484	-55.66210858897997
947.1853182983803	-55.630655914907095
947.1951688500121	-55.59828444918176
947.205019401644	-55.564881822324416
947.2148699532759	-55.530318314034915
947.2247205049077	-55.49444470631991
947.2345710565396	-55.4570903916404
947.2444216081715	-55.41806200195293
947.2542721598033	-55.377142648326014
947.2641227114352	-55.33409183785725
947.2739732630671	-55.28864536183124
947.283823814699	-55.240515247011466
947.2936743663308	-55.18939070403718
947.3035249179627	-55.134941998212966
947.3133754695946	-55.07682903109814
947.3232260212264	-55.01471405516618
947.3330765728583	-54.9482744323529
947.3429271244902	-54.87720946397091
947.3527776761221	-54.801237346198945
947.3626282277539	-54.7200837389486
947.3774980378777	-54.58713530621409
947.3923678480014	-54.44072733756723
947.4072376581252	-54.27983506517237
947.4221074682489	-54.103422468199376
947.4369772783726	-53.910324657590685
947.4518470884964	-53.69891946915052
947.4667168986201	-53.466675200619385
947.4815867087439	-53.20971711232312
947.4964565188676	-52.92273194403505
947.5113263289913	-52.59975824399692
947.5206164217377	-52.37726425286416
947.5299065144841	-52.13792992679357
947.5391966072305	-51.881953592360716
947.5484866999768	-51.610527239736186
947.5577767927232	-51.3257336830583
947.5670668854696	-51.0302484796981
947.5763569782159	-50.72693396065297
947.5856470709623	-50.41843503265652
947.5949371637087	-50.10688672856748
947.604227256455	-49.79379251031025
947.6135173492014	-49.48003985621671
947.6228074419478	-49.16598366358602
947.6320975346941	-48.85154381623112
947.6413876274405	-48.53629131735707
947.6506777201869	-48.21951498556134
947.6599678129332	-47.900267735343924
947.6692579056796	-47.577393863789524
947.678547998426	-47.249539826005154
947.6878380911724	-46.915151322035044
947.6971281839187	-46.572459326967646
947.7064182766651	-46.21945323748494
947.7157083694115	-45.8538574278398
947.7249984621578	-45.473099657332014
947.7342885549042	-45.074260196924776
947.7435786476506	-44.65402385175609
947.7528687403969	-44.20862991875225
947.7621588331433	-43.733814613231594
947.7714489258897	-43.22474806794874
947.780739018636	-42.675964169059114
947.7900291113824	-42.08126862519537
947.7993192041288	-41.43360317329647
947.8086092968751	-40.724782867928134
947.8178993896215	-39.94530945440486
947.8271894823679	-39.08386551911591
947.8364795751143	-38.126796401094765
947.8457696678606	-37.057492030397576
947.855059760607	-35.855494302877496
947.8643498533534	-34.49514001969321
947.8736399460997	-32.943595953678376
947.8829300388461	-31.158256230217447
947.8922201315925	-29.08317549166917
947.9015102243388	-26.64833784739967
947.9073703023354	-24.891517816547363
947.9132303803319	-22.936444169048812
947.9190904583285	-20.76229851274182
947.924950536325	-18.35296972848149
947.9308106143216	-15.70106665242435
947.9366706923181	-12.811354359888085
947.9425307703146	-9.702497734076237
947.9483908483112	-6.405857382494354
947.9542509263077	-2.9652586111385046
947.9601110043043	0.5646198316666782
947.9659710823008	4.1214068601784755
947.9718311602974	7.6389724784345505
947.9776912382939	11.052265965822254
947.9835513162905	14.302609230964858
947.989411394287	17.34235152518035
947.9952714722835	20.137868616914226
948.0011315502801	22.67038859229087
948.0069916282766	24.934848406746088
948.0128517062732	26.9373593910362
948.0187117842697	28.692100679811663
948.0245718622663	30.218206674719262
948.0304319402628	31.537292683964793
948.0362920182594	32.67135993256764
948.0421520962559	33.641515534164384
948.0480121742524	34.46727763454671
948.053872252249	35.166319587375476
948.0597323302455	35.75419722923596
948.0655924082421	36.24442406372936
948.0714524862386	36.6487015873776
948.0773125642352	36.977161702156224
948.0831726422317	37.23858953104211
948.0890327202283	37.4406229605875
948.0948927982248	37.589926200892265
948.1007528762213	37.69233539301767
948.1066129542179	37.75297715060901
948.1124730322144	37.77636479989463
948.118333110211	37.76647847673373
948.1241931882075	37.726833824815266
948.1300532662041	37.6605420734233
948.1359133442006	37.570362990581486
948.1417734221972	37.458746591469755
948.1476335001937	37.3278914392125
948.1534935781903	37.17975609723246
948.1593536561868	37.01609813902508
948.1652137341833	36.83849810364049
948.1710738121799	36.64837831249189
948.1769338901764	36.447018859741746
948.182793968173	36.235571402533765
948.1886540461695	36.015071270508905
948.1945141241661	35.78644824050264
948.2003742021626	35.55053619805741
948.2062342801592	35.30808186764724
948.2120943581557	35.059752793223744
948.2179544361522	34.80614474215552
948.2238145141488	34.547788675719346
948.2296745921453	34.28515738138008
948.2355346701419	34.01867180119482
948.2413947481384	33.748707027738604
948.247254826135	33.475597890379845
948.2531149041315	33.19964403327992
948.258974982128	32.921114137705366
948.2648350601246	32.64025075232403
948.2706951381211	32.35727208886187
948.2765552161177	32.0723753396061
948.2824152941142	31.785738738423596
948.2882753721108	31.497523223518563
948.2941354501073	31.207873890750943
948.2999955281039	30.91692129639635
948.3058556061004	30.624782686424464
948.311715684097	30.331563196441966
948.3175757620935	30.037357033930103
948.32343584009	29.742248633150496
948.3292959180866	29.446313762279058
948.3351559960831	29.14962056234576
948.3410160740797	28.85223050696981
948.3468761520762	28.554199273270267
948.3527362300728	28.25557752326572
948.3585963080693	27.956411607591964
948.3644563860659	27.656744193328617
948.3703164640624	27.356614816015473
948.3761765420589	27.056060395341373
948.3820366200555	26.755115514940854
948.387896698052	26.453812906075466
948.3937567760486	26.152183696298543
948.3996168540451	25.85025760594591
948.4054769320417	25.548063120550644
948.4113370100382	25.24562762437127
948.4171970880348	24.942977496497242
948.4230571660313	24.640138178233897
948.4289172440278	24.337134220296637
948.4347773220244	24.03398931408297
948.4406374000209	23.73072631154724
948.4464974780175	23.42736723781506
948.452357556014	23.12393329891339
948.4582176340106	22.820444885924044
948.4640777120071	22.516921576700707
948.4699377900037	22.213382135953967
948.4757978680002	21.90984451413074
948.4816579459967	21.6063258456356
948.4875180239933	21.302842447467793
948.4933781019898	20.999409863614606
948.4992381799864	20.69604270966402
948.5050982579829	20.39275487153487
948.5109583359795	20.089559463630916
948.516818413976	19.78646883208684
948.5226784919726	19.48349459029082
948.5285385699691	19.180647664035885
948.5343986479656	18.877938340545615
948.5402587259622	18.575376320972403
948.5461188039587	18.272970775567178
948.5519788819553	17.970730399768758
948.5578389599518	17.668663469213506
948.5636990379484	17.366777891935445
948.5695591159449	17.065081256252874
948.5754191939415	16.763580873067042
948.581279271938	16.462283813069124
948.5871393499345	16.161196937456506
948.5929994279311	15.8603269224367
948.5988595059276	15.55968027823342
948.6047195839242	15.259263363053883
948.6105796619207	14.959082429351618
948.6164397399173	14.659143499040676
948.6222998179138	14.359452517362309
948.6281598959104	14.060015303581665
948.6340199739069	13.760837532577105
948.6398800519034	13.461924731454637
948.6457401299	13.163282276476723
948.6516002078965	12.86491538742895
948.6574602858931	12.566829120477744
948.6633203638896	12.269028360523881
948.6691804418862	11.971517813473284
948.6750405198827	11.674301998906232
948.6809005978793	11.377385243409
948.6867606758758	11.080771674716722
948.6926207538723	10.784465216855905
948.6984808318689	10.488469586489236
948.7043409098654	10.192788290615294
948.710200987862	9.89742462571106
948.7160610658585	9.602381678356629
948.7219211438551	9.307662327350725
948.7277812218516	9.013269247302267
948.7336412998482	8.719204913652328
948.7395013778447	8.42547160902922
948.7453614558412	8.132071430823762
948.7512215338378	7.839006299843226
948.7570816118343	7.546277969860077
948.7629416898309	7.253888037860938
948.7688017678274	6.961837954812463
948.774661845824	6.670129036765928
948.7805219238205	6.378762476121119
948.7863820018171	6.087739352872855
948.7922420798136	5.797060645673387
948.7981021578101	5.506727242559355
948.8039622358067	5.216739951212073
948.8098223138032	4.927099508635151
948.8156823917998	4.637806590147524
948.8215424697963	4.348861817623103
948.8274025477929	4.060265766921911
948.8332626257894	3.772018974454668
948.8421494461641	3.3355596284415157
948.8510362665387	2.8999063162275625
948.8599230869133	2.4650605206046556
948.868809907288	2.0310236280997596
948.8776967276626	1.5977969189676537
948.8865835480373	1.1653815520061186
948.8954703684119	0.7337785679835868
948.9043571887865	0.3029888718306916
948.9132440091612	-0.12698681084967914
948.9221308295358	-0.5561479847363721
948.9310176499105	-0.9844944333346254
948.9399044702851	-1.4120262665527847
948.9487912906598	-1.8387439703875474
948.9576781110344	-2.2646484584945012
948.966564931409	-2.6897411230358403
948.9754517517837	-3.1140238820971295
948.9843385721583	-3.5374992220354176
948.993225392533	-3.960170234109228
949.0021122129076	-4.382040645192805
949.0109990332822	-4.8031148425218735
949.0198858536569	-5.223397897608078
949.0287726740315	-5.642895564720279
949.0376594944062	-6.061614300953176
949.0465463147808	-6.479561274099389
949.0554331351555	-6.896744361307181
949.0643199555301	-7.313172145908744
949.0732067759047	-7.728853915031819
949.0820935962794	-8.143799656983832
949.090980416654	-8.558020057468097
949.0998672370287	-8.971526406213126
949.1087540574033	-9.38433008843467
949.117640877778	-9.796439249179452
949.1265276981526	-10.207850970630664
949.1354145185272	-10.618545020377372
949.1443013389019	-11.028484873823189
949.1531881592765	-11.437624045425748
949.1620749796512	-11.845903828469536
949.1709618000258	-12.253181559887832
949.1798486204004	-12.65931530260876
949.1887354407751	-13.06424193297009
949.1976222611497	-13.46788677608677
949.2065090815244	-13.87018877172173
949.215395901899	-14.271095875126058
949.2242827222736	-14.670577609416366
949.2331695426483	-15.068619655960948
949.2420563630229	-15.46521135208098
949.2509431833976	-15.860301180369062
949.2598300037722	-16.253844857856286
949.2687168241468	-16.64583291765593
949.2776036445215	-17.036261893337148
949.2864904648961	-17.42512166790341
949.2953772852708	-17.812410469342208
949.3042641056454	-18.198142201839264
949.3131509260201	-18.582339048058405
949.3220377463947	-18.965019613488355
949.3309245667693	-19.34619531402705
949.339811387144	-19.72587290192618
949.3486982075186	-20.10406175425537
949.3575850278933	-20.480777838853232
949.3664718482679	-20.85603966694652
949.3753586686425	-21.229865323847847
949.3842454890172	-21.60227557185516
949.3931323093918	-21.973295958203924
949.4020191297665	-22.342951841969267
949.4109059501411	-22.7112647177914
949.4197927705158	-23.078255421057587
949.4286795908904	-23.443946870877763
949.437566411265	-23.8083621462619
949.4464532316397	-24.17152242880288
949.4553400520143	-24.533445656567167
949.464226872389	-24.89414472013358
949.4731136927636	-25.253627288595244
949.4820005131382	-25.61189779362575
949.4908873335129	-25.96895902382256
949.4997741538875	-26.324812092911205
949.5086609742622	-26.679455949734017
949.5221748067853	-27.2164227661719
949.5356886393084	-27.750559616826365
949.5492024718316	-28.281820643209592
949.5627163043547	-28.810137910843665
949.5762301368778	-29.335421635195722
949.589743969401	-29.857559114792874
949.6032578019241	-30.376413303299138
949.6167716344472	-30.891824413885956
949.6302854669703	-31.40361442535881
949.6437992994935	-31.911591480035998
949.6573131320166	-32.415552068932556
949.6667347536758	-32.76441521885824
949.6761563753349	-33.11114622512589
949.6855779969941	-33.45566717885369
949.6949996186532	-33.79789890675465
949.7044212403124	-34.13776152262569
949.7138428619716	-34.475174664554935
949.7232644836307	-34.810057688555176
949.7326861052899	-35.14233004275857
949.7471757600096	-35.648058216444305
949.7616654147292	-36.14713748385818
949.7761550694489	-36.639290098209685
949.7906447241686	-37.124254012455374
949.8051343788883	-37.60178877027114
949.819624033608	-38.07167760305852
949.8341136883276	-38.53372535077485
949.8486033430473	-38.98775834040707
949.863092997767	-39.43362906713792
949.8775826524867	-39.8712184232543
949.8920723072064	-40.30043633902666
949.9065619619261	-40.72121799200741
949.9210516166457	-41.13352583987588
949.9355412713654	-41.53735044311853
949.9500309260851	-41.932713306796316
949.9645205808048	-42.319664832911045
949.9790102355245	-42.698299154078015
949.9934998902442	-43.069088598711346
950.0079895449638	-43.43224923682133
950.0224791996835	-43.7879397266763
950.0369688544032	-44.136420529184285
950.0514585091229	-44.477961364697244
950.0659481638426	-44.81278145674005
950.0804378185622	-45.14107145015988
950.0949274732819	-45.46302471969995
950.1094171280016	-45.778846412473115
950.1239067827213	-46.08874819548622
950.138396437441	-46.39294167315642
950.1528860921607	-46.691636145380166
950.1673757468803	-46.98504057039922
950.1818654016	-47.27336530683274
950.1963550563197	-47.55682112744644
950.2108447110394	-47.83561770450693
950.2253343657591	-48.10996311260142
950.2398240204787	-48.38006285070444
950.2543136751984	-48.64611764843385
950.2688033299181	-48.90832120741543
950.2915475931037	-49.31256908011084
950.3142918562893	-49.70843612756098
950.3370361194749	-50.096539583911536
950.3597803826605	-50.47741282345596
950.382524645846	-50.851531475633564
950.4052689090316	-51.21932067632668
950.4280131722172	-51.58116070271321
950.4507574354028	-51.937394109540826
950.4735016985884	-52.28833190788857
950.496245961774	-52.634258227768505
950.5189902249596	-52.975433790267786
950.5417344881452	-53.31209831071699
950.5644787513307	-53.64447188318289
950.5872230145163	-53.972755637292515
950.6099672777019	-54.297132009492074
950.6488362788283	-54.842882273725444
950.6877052799547	-55.37836424328388
950.7265742810811	-55.90415480766188
950.7654432822075	-56.42065192987984
950.8043122833338	-56.92813223654155
950.8431812844602	-57.42676676972113
950.8820502855866	-57.91663429962947
950.920919286713	-58.397739025262474
950.9597882878394	-58.87002915316299
950.9986572889658	-59.33341462767532
951.0375262900922	-59.78778313685158
951.0763952912185	-60.233013913952576
951.1388682260184	-60.929123548023824
951.2013411608183	-61.60098815713505
951.2638140956182	-62.24812959318097
951.326287030418	-62.87053422515605
951.3887599652179	-63.46830885967111
951.4512329000178	-64.04167362084041
951.5137058348176	-64.5909861415784
951.5761787696175	-65.11673776066206
951.6386517044174	-65.6195338880415
951.7011246392173	-66.10006899665748
951.7635975740171	-66.55910263101903
951.826070508817	-66.99743856187473
951.8885434436169	-67.41590718362589
951.9510163784167	-67.81535079909892
952.0474461662841	-68.39651467708708
952.1438759541514	-68.93733538362102
952.2403057420188	-69.4407803031745
952.3367355298861	-69.90964955927278
952.4331653177535	-70.34654394630614
952.6046701797467	-71.05173942521557
952.7761750417399	-71.67531961032245
952.947679903733	-72.22795332659786
953.1191847657262	-72.7187212230588
953.2906896277194	-73.15535154037119
953.4621944897126	-73.54445949037252
953.6336993517058	-73.89174120492162
953.9091925996561	-74.37372402904856
954.1846858476064	-74.77705883961666
954.4601790955567	-75.11571396720936
954.735672343507	-75.40066421970016
955.0111655914573	-75.64072306281228
955.2866588394076	-75.84303007171891
955.5621520873578	-76.01342722789296
956.0283817400021	-76.24178717214902
956.4946113926464	-76.41013689342037
956.9608410452907	-76.53209669461886
957.427070697935	-76.61726505885079
958.206401038395	-76.69658958758839
958.985731378855	-76.71623042689934
959.765061719315	-76.69058481116524
960.544392059775	-76.62923403548068
961.3237224002349	-76.53993885111629
962.1030527406949	-76.42880955224027
962.8823830811549	-76.30030562876634
963.6617134216149	-76.15770145237472
964.4410437620749	-76.00334158836411
965.2203741025348	-75.83909887986376
965.9997044429948	-75.6666632692672
966.7790347834548	-75.48753628301908
967.5583651239148	-75.30305076807467
968.3376954643747	-75.11437621393154
969.1170258048347	-74.9225534642495
969.8963561452947	-74.7285472347987
970.6756864857547	-74.5332430840823
971.4550168262147	-74.33745493715661
972.2343471666746	-74.14192726314747
973.0136775071346	-73.94732461470014
973.7930078475946	-73.75425546349673
974.5723381880546	-73.56328213073499
975.3516685285146	-73.37489727319065
976.1309988689745	-73.18952626009134
976.9103292094345	-73.00753270942174
977.6896595498945	-72.82921902506024
978.4689898903545	-72.65486283473402
979.2483202308144	-72.48471044409978
980.0276505712744	-72.3189498363812
980.8069809117344	-72.15774767467667
981.5863112521944	-72.00123361293441
982.3656415926544	-71.84947116475435
983.1449719331143	-71.70252863260296
983.9243022735743	-71.56048053293647
984.7036326140343	-71.42334557414445
985.4829629544943	-71.29111305140133
986.2622932949542	-71.16373924856539
987.0416236354142	-71.04111270332668
987.8209539758742	-70.92317737676828
988.6002843163342	-70.8099058073634
989.3796146567942	-70.70114667661771
990.1589449972541	-70.59672588722007
990.9382753377141	-70.4966130803083
991.7176056781741	-70.40085385400045
992.4969360186341	-70.30942216178094
993.276266359094	-70.22221307398354
994.055596699554	-70.13904565248887
994.834927040014	-70.05972846572219
995.614257380474	-69.98413614980396
996.393587720934	-69.91216832277634
997.172918061394	-69.8437244501491
997.9522484018539	-69.77869961335726
998.7315787423139	-69.71695016623524
999.5109090827739	-69.6583218018006
1000.2902394232339	-69.60270499755703
1001.0695697636938	-69.55003079312353
1001.8489001041538	-69.50024713032805
1002.6282304446138	-69.45325848997965
1003.4075607850738	-69.40889379359066
1004.1868911255337	-69.36699421073887
1004.9662214659937	-69.32749990258628
1005.7455518064537	-69.29040154219597
1006.5248821469137	-69.25564394926572
1007.3042124873737	-69.22309419786276
1008.0835428278336	-69.19260390769209
1008.8628731682936	-69.16405877789529
1009.6422035087536	-69.13738481703113
1010.4215338492136	-69.11252654386749
1011.2008641896736	-69.08941695807559
1011.9801945301335	-69.06796543464463
1012.7595248705935	-69.04808198797501
1013.5388552110535	-69.02968756036758
1014.3181855515135	-69.01271232970018
1015.0975158919734	-68.99710295496703
1015.6188196732159	-68.98739584642875
1016.1401234544583	-68.97823805103229
1016.6614272357007	-68.96959046157005
1017.1827310169431	-68.9614356373385
1017.7040347981855	-68.95377787067032
1018.2253385794279	-68.94662352719024
1018.7466423606703	-68.93996688612695
1019.2679461419127	-68.93378710304043
1019.7892499231551	-68.92805717122954
1020.3105537043975	-68.92275622427883
1020.83185748564	-68.91787005294009
1021.3531612668824	-68.91338558001276
1021.8744650481248	-68.90928945334434
1022.3957688293672	-68.90556641120094
1022.9170726106096	-68.90219959121966
1023.438376391852	-68.89917500766536
1023.9596801730944	-68.89648042184943
1024.4809839543368	-68.89410196059922
1025.002287735579	-68.89202676651817
1025.5235915168214	-68.890243048972
1026.0448952980637	-68.88873655350648
1026.566199079306	-68.88749285836974
1027.0875028605483	-68.88650105087501
1027.6088066417906	-68.88575255830735
1028.1301104230329	-68.88523932854726
1028.6514142042752	-68.88495247819172
1029.1727179855175	-68.88488096665564
1029.6940217667598	-68.88501378293837
1030.215325548002	-68.88534150124725
1030.7366293292444	-68.88585450555281
1031.2579331104866	-68.8865435892709
1031.779236891729	-68.88740085729745
1032.3005406729712	-68.88841758668461
1032.8218444542135	-68.8895848485427
1033.3431482354558	-68.89089532207369
1033.8644520166981	-68.89234128823342
1034.3857557979404	-68.89391454671748
1034.9070595791827	-68.89560847043614
1035.428363360425	-68.89741624298495
1035.9496671416673	-68.8993302749928
1036.4709709229096	-68.90134452604163
1036.992274704152	-68.90345282547767
1037.5135784853942	-68.90564678614726
1038.0348822666365	-68.9079183666373
1038.8341427645846	-68.911541064702
1039.6334032625327	-68.91532293666478
1040.4326637604809	-68.9192555463249
1041.231924258429	-68.92332877127959
1042.638794415818	-68.93079223664736
1044.045664573207	-68.93855988624547
1045.452534730596	-68.94656174917182
1046.859404887985	-68.95468738182907
1048.266275045374	-68.96279507725505
1049.673145202763	-68.97080883163123
1051.080015360152	-68.97869181492516
1052.486885517541	-68.9864193223971
1053.456102519401	-68.99167224708887
1054.425319521261	-68.99689164068789
1055.394536523121	-69.00208671309582
1056.363753524981	-69.00726252256858
1057.3329705268409	-69.01237776995985
1058.3021875287009	-69.01736042576331
1058.962323131469	-69.02067241035857
1059.6224587342372	-69.02395235845914
1060.2825943370053	-69.02721215764504
1060.9427299397735	-69.03044049983447
1061.6028655425416	-69.03361948565413
1062.6701433205005	-69.03861330584809
1063.7374210984594	-69.04342741479377
1064.8046988764183	-69.04816126401438
1065.8719766543772	-69.05287739503375
1066.9392544323362	-69.0575038491302
1068.006532210295	-69.06191210046626
1069.678165712543	-69.06826927497563
1071.349799214791	-69.07398901340558
1073.0214327170388	-69.07927415164536
1074.6930662192867	-69.0842846486766
1076.3646997215346	-69.08902038948573
1078.0363332237825	-69.09344307011473
1079.7079667260305	-69.0976484631234
1081.3796002282784	-69.1016980087425
1083.0512337305263	-69.10557496276438
1084.7228672327742	-69.10919334465773
1086.3945007350221	-69.11252498040157
1088.06613423727	-69.1156690938057
1089.737767739518	-69.11869458022355
1091.4094012417659	-69.12159574434988
1093.0810347440138	-69.12430042292623
1094.7526682462617	-69.1267886925094
1096.4243017485096	-69.12915406160674
1098.0959352507575	-69.13145618256816
1099.7675687530054	-69.13368496217814
1101.4392022552533	-69.13576949038378
1103.1108357575013	-69.13768565686219
1104.7824692597492	-69.13948856074906
1105.736417901726	-69.14049355854448
1106.690366543703	-69.14148787729206
1107.64431518568	-69.14247038950792
1109.1435186745246	-69.1439494457816
1113.7309113358892	-69.14802434401146
1118.318303997254	-69.1518964510678
1122.9056966586186	-69.1553476008989
1127.4930893199833	-69.15865494222749
1130.999999999975	-69.16097392266467
1131.0000000000127	-69.16097392266467
