t	v
0.0	-80.0
0.002674985813584952	-80.00503428350869
0.008173978858947963	-80.0131395398245
0.019340977080484753	-80.02524110996242
0.03685212170147163	-80.03875819161945
0.05436326632245851	-80.0489787586795
0.08156051004422507	-80.06015410909315
0.12458729122411766	-80.07263819625712
0.16761407240401024	-80.08005988440557
0.2657027849085505	-80.08445948426021
0.3637914974130907	-80.07616990757963
0.4618802099176309	-80.05983032112626
0.5599689224221711	-80.0381920517797
0.6580576349267113	-80.01292137797518
0.8225439005429994	-79.96547928429885
0.9870301661592875	-79.91326591910025
1.2494271340222443	-79.82366249570502
1.511824101885201	-79.72907982700416
2.0293231927881177	-79.53397153850048
2.546822283691034	-79.3337283213541
3.06432137459395	-79.131484623367
3.5818204654968664	-78.92849508845417
4.099319556399783	-78.72576731465611
4.956614655221168	-78.392844680348
5.8139097540425535	-78.06610167330955
6.671204852863939	-77.74732444331352
7.528499951685324	-77.43740702867184
8.9170784432193	-76.95517812648863
10.305656934753276	-76.49843422717869
11.694235426287253	-76.0676308631936
13.836318030579605	-75.45353460188946
15.978400634871956	-74.89934344144115
19.549764048539362	-74.10267914277289
23.12112746220677	-73.4538201207066
26.692490875874174	-72.93815604387775
30.26385428954158	-72.54063749434992
33.83521770320899	-72.24628662340916
40.51685430290428	-71.9245043971311
47.198490902599566	-71.82754719862075
53.880127502294854	-71.88738215416443
60.56176410199014	-72.04338091098788
67.24340070168543	-72.25635197619285
73.92503730138071	-72.49536768793442
80.606673901076	-72.7346161162259
87.28831050077127	-72.96252865162967
93.96994710046656	-73.17032460167853
100.65158370016184	-73.34996408732032
111.53269427045467	-73.58621058268868
122.4138048407475	-73.7517228666258
133.29491541104034	-73.85766315286186
144.17602598133317	-73.92004957368766
155.057136551626	-73.94550305869387
165.93824712191883	-73.94880870635558
176.81935769221167	-73.94596630810146
187.7004682625045	-73.93456806033606
198.58157883279733	-73.91958757799878
209.46268940309017	-73.91369189275483
220.343799973383	-73.90788049194083
231.22491054367583	-73.90269085766276
250.8639274674399	-73.89775633426136
270.502944391204	-73.8967026705792
300.33912410021213	-73.89824413520398
330.1753038092203	-73.90185702200802
360.01148351822843	-73.90227729904908
389.8476632272366	-73.90505548335442
419.68384293624473	-73.90698364108133
449.5200226452529	-73.90100098340154
479.35620235426103	-73.90353262714603
509.1923820632692	-73.90324982273881
530.9999999999882	-73.90345109837595
531.0000000000059	-73.90345109837595
531.0006526081208	-73.87638447193135
531.0013052162358	-73.8508994470436
531.0024628969351	-73.80892373331072
531.0036205776344	-73.76936915420028
531.0056993238686	-73.70405208746251
531.0077780701029	-73.64326234698044
531.0114667698911	-73.54307724774907
531.0151554696793	-73.4514624693011
531.0234813118512	-73.2694383123536
531.0318071540232	-73.11431332698051
531.0401329961952	-72.97834437117663
531.0484588383672	-72.85629035876686
531.060982785593	-72.69064137306873
531.0735067328187	-72.5417948267831
531.0860306800445	-72.4053014704471
531.1066063349705	-72.20056656129343
531.1271819898965	-72.01402145871953
531.167033718586	-71.68981514845929
531.2068854472756	-71.39919579966956
531.2467371759651	-71.13346980435146
531.2865889046546	-70.88883416165304
531.3264406333442	-70.66228933979771
531.3942014755783	-70.31100721118419
531.4619623178123	-69.9930837610699
531.5297231600464	-69.70067180257065
531.5974840022805	-69.42854412495349
531.7013575607529	-69.04320571040988
531.8052311192253	-68.6876183615328
531.9091046776977	-68.35493705419611
532.0675218614251	-67.88210806995345
532.2259390451526	-67.44175096824297
532.38435622888	-67.02708802188785
532.6842740147092	-66.29624569717217
532.9841918005384	-65.62196498197227
533.2841095863675	-64.99405650351892
533.5840273721967	-64.40327758107256
533.8839451580259	-63.841611331416516
534.183862943855	-63.30391255698507
534.6419726851409	-62.5215593520042
535.1000824264268	-61.77794738787562
535.5581921677126	-61.06450281750915
536.0163019089985	-60.3732133729801
536.4744116502843	-59.69842319475924
537.1638059753523	-58.70010572724972
537.8532003004202	-57.70505726996155
538.5425946254882	-56.67800238095801
539.2319889505561	-55.561106843796615
539.9213832756241	-54.26645984451416
540.3547841348455	-53.23887455321659
540.4631343496509	-52.92781836297978
540.5714845644562	-52.57935156685563
540.6798347792616	-52.184074521032535
540.7881849940669	-51.72651889344876
540.9525721651949	-50.830704392765774
540.9936689579769	-50.55030015655405
541.0347657507589	-50.23430818168264
541.1187116995447	-49.42513561972795
541.1755749809354	-48.67981918289006
541.232438262326	-47.63467998841774
541.2466540826737	-47.30163510411083
541.2608699030213	-46.92534515760605
541.2862158492316	-46.108681953930734
541.3115617954418	-45.01153404532873
541.3276742359268	-44.089087421321004
541.3437866764118	-42.890897916170026
541.3598991168968	-41.269268253760146
541.3702425463089	-39.90400768567741
541.3805859757209	-38.19765616050088
541.3875610202161	-36.81933655172092
541.3945360647114	-35.247124748958235
541.4015111092066	-33.49038741583061
541.4084861537018	-31.57576008593467
541.415461198197	-29.540426896754983
541.4224362426922	-27.419763105491857
541.4294112871875	-25.236037720733435
541.4363863316827	-22.99451285043299
541.4433613761779	-20.68680230402984
541.4503364206731	-18.29696544008467
541.4573114651683	-15.806848258808595
541.4642865096636	-13.200895209008138
541.4712615541588	-10.471189308382165
541.478236598654	-7.62043067730964
541.4852116431492	-4.664660988963755
541.4958906282375	-0.016109601474191954
541.5065696133257	4.615504839774745
541.517248598414	9.018475695830643
541.5279275835022	13.011771748878886
541.5386065685905	16.482813377905334
541.5492855536787	19.39313789862004
541.559964538767	21.767952717977167
541.5706435238552	23.67591306196039
541.5813225089435	25.200698909047492
541.5920014940317	26.417771336931487
541.60268047912	27.38758803387092
541.6133594642082	28.159365124380653
541.6240384492964	28.77383076571265
541.6347174343847	29.262586411246456
541.6521315169323	29.84643495317581
541.6695455994799	30.220959037676465
541.6869596820275	30.42728389325079
541.704373764575	30.49757711289526
541.7217878471226	30.45678254104162
541.7392019296702	30.32154265389547
541.7566160122178	30.102801022648066
541.7740300947654	29.809180841160043
541.791444177313	29.448433806980336
541.8088582598606	29.027388324437485
541.8262723424082	28.551832705690664
541.8436864249558	28.026841925542687
541.8611005075034	27.45715960134367
541.8785145900509	26.84728677907502
541.8959286725985	26.201368812865763
541.9133427551461	25.523119688492166
541.9307568376937	24.81585666038941
541.9581468750305	23.65182622369884
541.9855369123673	22.433419039170186
542.012926949704	21.169028982023953
542.0403169870408	19.865622121324115
542.0677070243776	18.528952363441537
542.0950970617143	17.163761064436738
542.1224870990511	15.773992593550151
542.1498771363879	14.363022845702185
542.1772671737247	12.933840070695275
542.2046572110614	11.489136574321964
542.2320472483982	10.031342971659262
542.27357910122	7.800795247331309
542.3151109540418	5.5521070354282145
542.3566428068635	3.29138384802553
542.3981746596853	1.0240604276581629
542.4397065125071	-1.2450719084701907
542.4812383653289	-3.5119320248084223
542.5227702181506	-5.773257064515627
542.5643020709724	-8.026698903134733
542.6058339237942	-10.2708785709276
542.6703196137705	-13.735981993427957
542.7348053037468	-17.13081689369852
542.7992909937232	-20.41434774831437
542.8637766836995	-23.598326866306884
542.9282623736758	-26.69675632441837
542.9927480636521	-29.705929988363227
543.0572337536285	-32.62914639087362
543.1217194436048	-35.48889667752269
543.1862051335811	-38.27796933069546
543.2300142754756	-40.10985944272376
543.2738234173701	-41.871466626915165
543.3176325592646	-43.54754962389252
543.361441701159	-45.1258024687728
543.4052508430535	-46.58527654791775
543.449059984948	-47.901922283605984
543.4928691268425	-49.063529545049896
543.536678268737	-50.07504777496914
543.5804874106315	-50.951539884920294
543.624296552526	-51.7101970999621
543.6681056944204	-52.36745164025226
543.7119148363149	-52.93900538190398
543.7557239782094	-53.43967865088772
543.7995331201039	-53.882620320876256
543.8674329682854	-54.47951812942941
543.9353328164668	-54.99408738148895
544.0032326646483	-55.448494260325745
544.0711325128298	-55.85807685956444
544.1390323610112	-56.233223972498116
544.241490764674	-56.74967223145992
544.3439491683368	-57.21902402697184
544.4464075719997	-57.64913522219209
544.5488659756625	-58.04478068222374
544.6513243793253	-58.40929726094339
544.7537827829881	-58.745079393678374
544.9252851850507	-59.24877937232859
545.0967875871133	-59.686021072463994
545.268289989176	-60.06200099683875
545.4397923912386	-60.38125405226461
545.6112947933012	-60.64971542439891
545.7827971953639	-60.874258319198184
546.0624445640266	-61.160693016985725
546.3420919326893	-61.365735594799546
546.621739301352	-61.503193886757444
546.9013866700147	-61.58303615831307
547.1810340386775	-61.61498510526183
547.4606814073402	-61.60830749025205
547.8928041449274	-61.537564182641795
548.3249268825145	-61.40970687939094
548.7570496201017	-61.23759906158897
549.1891723576889	-61.03107316915717
549.6212950952761	-60.7981742375686
550.0534178328633	-60.545025244425666
550.7859599055033	-60.08117171840881
551.5185019781434	-59.58527178586203
552.2510440507834	-59.06641028862234
552.9835861234235	-58.52976816128588
553.7161281960636	-57.97552104659871
554.4486702687036	-57.39919737988294
555.6316790829902	-56.40581646625146
556.8146878972768	-55.281513434324275
557.9976967115634	-53.90074127986492
558.2934489151351	-53.46364596555901
558.5892011187067	-52.92383478659531
558.8849533222783	-52.231749247986244
559.1807055258499	-51.30646211013804
559.2546435767429	-51.01335233733893
559.3285816276358	-50.67018621817595
559.4025196785287	-50.26003463541733
559.4764577294217	-49.75684328634352
559.5503957803146	-49.11428551167226
559.6243338312075	-48.236806201407205
559.6428183439308	-47.96174366648784
559.6613028566541	-47.65176906816612
559.6797873693773	-47.29844361892267
559.7132135070767	-46.50588098777579
559.7313854370559	-45.96428852512077
559.7495573670351	-45.30981604089246
559.7677292970143	-44.49466636841588
559.779297484677	-43.86120552006286
559.7908656723398	-43.104523914350196
559.8024338600026	-42.18208444799073
559.8140020476653	-41.03504090206018
559.8255702353281	-39.58472773931909
559.8320061400912	-38.6126839334369
559.8384420448542	-37.50064065211107
559.8448779496173	-36.23638926198827
559.8513138543804	-34.815785469028334
559.8577497591434	-33.24491737753903
559.8641856639065	-31.540833877144255
559.8706215686695	-29.728180713710824
559.8770574734326	-27.832831719811153
559.8834933781957	-25.87534173621479
559.8899292829587	-23.86700932968661
559.8963651877218	-21.809245116568945
559.9028010924849	-19.69575170853852
559.909236997248	-17.515851724565227
559.915672902011	-15.258035708312567
559.9221088067741	-12.913361548708206
559.9285447115371	-10.47853264626072
559.9349806163002	-7.956941958000874
559.9414165210633	-5.36036349662697
559.9478524258263	-2.7111016952868217
559.9580442546998	1.5120172414374327
559.9682360835732	5.633398558570365
559.9784279124466	9.499205715018181
559.98861974132	12.98505327705333
559.9988115701934	16.02174736683458
560.0090033990668	18.595861610169077
560.0191952279403	20.735227286978553
560.0293870568137	22.490758150096312
560.0395788856871	23.92157303603905
560.0497707145605	25.085070506117656
560.0599625434339	26.031582976153434
560.0701543723073	26.802507503583637
560.0859097517509	27.722298168067343
560.1016651311945	28.38680432261635
560.1174205106381	28.858035027923385
560.1331758900817	29.173341315141798
560.1489312695253	29.361048484101037
560.1646866489689	29.443050167864524
560.1804420284125	29.434713671814933
560.1961974078561	29.347331110166397
560.2119527872997	29.189944194904523
560.2277081667432	28.96990290406587
560.2434635461868	28.693175047248214
560.2592189256304	28.364751606998208
560.274974305074	27.989021736964336
560.2907296845176	27.57000773293709
560.3064850639612	27.111460390607085
560.330133724486	26.356545845244973
560.3537823850108	25.531024101461472
560.3774310455357	24.644298055407827
560.4010797060605	23.70462312645727
560.4247283665853	22.719173276225916
560.4483770271102	21.694073967322574
560.472025687635	20.634488230481423
560.4956743481598	19.544774482991667
560.5193230086846	18.428654184969442
560.5429716692095	17.2893337715175
560.5666203297343	16.12958764537315
560.602110205154	14.356061162094925
560.6376000805736	12.548982859049042
560.6730899559933	10.71432965463371
560.708579831413	8.857362437658063
560.7440697068326	6.982802533057527
560.7795595822523	5.094905949014653
560.815049457672	3.197500132748472
560.8505393330917	1.2940154792710605
560.9048200077018	-1.6221309913445991
560.9591006823119	-4.5359971040513765
561.0133813569221	-7.440613897003765
561.0676620315322	-10.331637228871182
561.1219427061424	-13.207306944523792
561.1762233807525	-16.041709699011758
561.2305040553626	-18.804667596247903
561.2847847299728	-21.502434238992368
561.3390654045829	-24.13542377843471
561.3933460791931	-26.693215385216416
561.4476267538032	-29.184309628790736
561.5019074284133	-31.62429288157474
561.5561881030235	-34.02300259781963
561.6104687776336	-36.369493492891664
561.6647494522438	-38.6446736758081
561.7190301268539	-40.8294300151496
561.773310801464	-42.901052568628145
561.8275914760742	-44.83112932231198
561.8818721506843	-46.587347327264204
561.9361528252945	-48.1345592946793
561.9904334999046	-49.458503142280584
562.0447141745148	-50.575843605417624
562.0989948491249	-51.518401204144084
562.153275523735	-52.31825396070469
562.2075561983452	-53.00274383970971
562.2618368729553	-53.594652712898984
562.3161175475655	-54.11317508353742
562.3703982221756	-54.574190568531314
562.4246788967857	-54.990133687912284
562.4789595713959	-55.37026235594468
562.533240246006	-55.72141673846717
562.6220861821447	-56.24705736463079
562.7109321182834	-56.72473913622135
562.7997780544221	-57.1639885538559
562.8886239905607	-57.570916386220134
562.9774699266994	-57.949558308423676
563.1151501837229	-58.48721265395099
563.2528304407464	-58.970909574994685
563.3905106977699	-59.40448334659563
563.5281909547933	-59.79119266709144
563.6658712118168	-60.13496730216446
563.8751267811447	-60.58523663247526
564.0843823504725	-60.960150882519144
564.2936379198004	-61.2698098099948
564.5028934891283	-61.52195826329044
564.8180683403683	-61.811130820192496
565.1332431916084	-62.01139777585113
565.4484180428484	-62.14144551341352
565.7635928940884	-62.21507344299457
566.0787677453285	-62.24254537769807
566.5787301884474	-62.21238382893433
567.0786926315662	-62.11493003718563
567.5786550746851	-61.96748494992371
568.078617517804	-61.78361375700273
568.5785799609229	-61.57338342785785
569.0785424040417	-61.34393988986952
569.5785048471606	-61.100000970618204
570.415070379034	-60.670278329610476
571.2516359109073	-60.22364675662174
572.0882014427807	-59.7684756538621
572.9247669746541	-59.30473882020561
573.7613325065274	-58.83945602972501
574.5978980384008	-58.36427708270394
575.4344635702741	-57.88567892871688
576.2710291021475	-57.39305055470892
577.1075946340209	-56.89348931355646
577.9441601658942	-56.387502364349004
578.7807256977676	-55.84677158481203
579.617291229641	-55.262715583002375
580.4538567615143	-54.58256342579855
580.6629981444827	-54.39769375055457
580.872139527451	-54.20700881144318
581.0812809104194	-54.004369382832735
581.2904222933878	-53.77782880979898
581.4995636763562	-53.52835026632504
581.7087050593245	-53.263589815587146
581.9178464422929	-52.963391305203956
582.1269878252613	-52.62478669685983
582.3361292082296	-52.226820861704034
582.545270591198	-51.742711668427155
582.7544119741664	-51.11533522899387
582.9635533571347	-50.198266944861295
583.0158387028769	-49.89132248845706
583.068124048619	-49.52995794109986
583.1204093943611	-49.09495403750582
583.1726947401032	-48.55529022949753
583.2249800858453	-47.85674824472475
583.2772654315875	-46.88438083122953
583.2903367680229	-46.57689475181736
583.3034081044584	-46.23163710300806
583.3233217424438	-45.61229047515491
583.3432353804292	-44.839572785791425
583.3631490184146	-43.8412356849629
583.3830626563999	-42.49267770670825
583.4029762943853	-40.56884771268325
583.4146501080651	-39.03393712741633
583.4224004935047	-37.787916529865896
583.4301508789443	-36.329437207277934
583.437901264384	-34.645652496986955
583.4456516498236	-32.745716587997585
583.4534020352633	-30.661442256958644
583.4611524207029	-28.43751889167373
583.4689028061425	-26.114405930355918
583.4766531915822	-23.71643798762907
583.4844035770218	-21.246129869058876
583.4921539624614	-18.69038866389409
583.4999043479011	-16.03026836523122
583.5076547333407	-13.249914674685625
583.5154051187803	-10.34286940508853
583.52315550422	-7.315674161042552
583.5309058896596	-4.191760927762011
583.5386562750992	-1.0157327862539112
583.5464066605389	2.151694852735086
583.5582106834696	6.806540851408046
583.5700147064003	11.068854885951273
583.5818187293311	14.773324163503995
583.5936227522618	17.865043039752226
583.6054267751925	20.377800805932154
583.6172307981233	22.386551691078015
583.629034821054	23.976023779280048
583.6408388439847	25.2283961927979
583.6526428669155	26.216357929993716
583.6644468898462	26.99815818407653
583.6762509127769	27.61689250064033
583.6880549357077	28.103549053674808
583.6998589586384	28.480920426795105
583.7116629815691	28.76638594658329
583.729952401082	29.05793913394284
583.7482418205948	29.19717509623175
583.7665312401076	29.211010673547158
583.7848206596204	29.11738930409828
583.8031100791333	28.93053041653019
583.8213994986461	28.661674266819286
583.8396889181589	28.319388078448316
583.8579783376717	27.910850104189617
583.8762677571846	27.442584313704497
583.8945571766974	26.920557549727658
583.9128465962102	26.350188379463653
583.931136015723	25.736412205987623
583.9494254352359	25.083734002120682
583.9677148547487	24.39623911779421
583.9860042742615	23.677592406289925
584.0158345897281	22.44694810060003
584.0456649051947	21.154138333260626
584.0754952206613	19.808951537542487
584.1053255361279	18.419406924178915
584.1351558515945	16.992161372252486
584.1649861670611	15.532771051737758
584.1948164825277	14.045908723561539
584.2246467979943	12.535562731208126
584.2544771134609	11.005237061126259
584.2843074289275	9.458099036828113
584.3141377443941	7.89704106509287
584.3439680598607	6.32469922041786
584.3914321115777	3.805531780656066
584.4388961632948	1.2725716845138126
584.4863602150118	-1.2667048837368386
584.5338242667289	-3.806019429778796
584.5812883184459	-6.340326532766605
584.6287523701629	-8.865958233806543
584.67621642188	-11.380803762612242
584.723680473597	-13.884224254363543
584.7711445253141	-16.35149490590112
584.8186085770311	-18.762961280678798
584.8660726287482	-21.12375949447542
584.9135366804652	-23.433646691695568
584.9610007321822	-25.68520877858852
585.0084647838993	-27.883528870550002
585.0559288356163	-30.039859783384802
585.1033928873334	-32.16237019210863
585.1508569390504	-34.24837362118069
585.1983209907675	-36.29159542140879
585.2457850424845	-38.28437058706227
585.2932490942015	-40.21485112886938
585.3407131459186	-42.065534054783306
585.3881771976356	-43.814004759002096
585.4356412493527	-45.44211118666107
585.4831053010697	-46.92712116909187
585.5305693527868	-48.24909850968131
585.5780334045038	-49.4037008177357
585.6254974562208	-50.4035352049231
585.6729615079379	-51.26892097297313
585.7204255596549	-52.02000555653232
585.767889611372	-52.67474119666854
585.815353663089	-53.24943521806313
585.862817714806	-53.75879372638514
585.9102817665231	-54.21532657366711
585.9829227462876	-54.833732800345466
586.0555637260521	-55.37799406074479
586.1282047058166	-55.86679460018813
586.2008456855812	-56.313017804664256
586.2734866653457	-56.725390757619465
586.3835439063851	-57.298822285598995
586.4936011474244	-57.82114268803009
586.6036583884638	-58.299207111429766
586.7137156295032	-58.737490043886915
586.8237728705426	-59.13952450944773
586.933830111582	-59.508228931877454
587.1176702676502	-60.05730232190639
587.3015104237184	-60.53183017664717
587.4853505797865	-60.939364424284506
587.6691907358547	-61.28609673208191
587.8530308919229	-61.57924009603693
588.0368710479911	-61.82672767374836
588.3397123720003	-62.151398590737664
588.6425536960096	-62.392342033559224
588.9453950200189	-62.564989947599706
589.2482363440281	-62.68053828713879
589.5510776680374	-62.74956057551412
589.8539189920466	-62.7816509770256
590.3202060287209	-62.77461896485165
590.7864930653952	-62.71546099147153
591.2527801020696	-62.61712731843854
591.7190671387439	-62.489320187222646
592.1853541754182	-62.33973734452911
592.6516412120925	-62.1741866664809
593.4485932370792	-61.866130022011035
594.2455452620659	-61.53848541378168
595.0424972870526	-61.19998662145005
595.8394493120393	-60.85706367312335
596.636401337026	-60.51219516183774
597.4333533620127	-60.16975137501995
598.2303053869994	-59.8288478909465
599.027257411986	-59.49491030728589
599.8242094369728	-59.159451175023506
600.6211614619594	-58.82882908073748
601.4181134869461	-58.49818170968178
602.2150655119328	-58.185715550531405
603.0120175369195	-57.87649667126707
603.8089695619062	-57.554869477514394
604.6059215868929	-57.24038608672068
605.4028736118796	-56.919280626570455
606.1998256368663	-56.597309923658464
606.996777661853	-56.27295745304259
607.7937296868397	-55.92908974835427
608.5906817118264	-55.56392743518014
609.3876337368131	-55.18497026692452
610.1845857617998	-54.766760860842766
610.9815377867865	-54.303872002710555
611.1807757930331	-54.173227236440844
611.3800137992798	-54.03283629428726
611.5792518055265	-53.88484007664385
611.7784898117732	-53.73548525328014
611.9777278180198	-53.57207341396909
612.1769658242665	-53.39190870699021
612.3762038305132	-53.20530069681774
612.5754418367599	-53.00815117435612
612.7746798430065	-52.78070572022504
612.9739178492532	-52.52914306728539
613.1731558554999	-52.23281989108036
613.3723938617466	-51.88268461570589
613.5716318679932	-51.44948529539071
613.7708698742399	-50.890083168646974
613.9701078804866	-50.09990835116027
614.0943651446438	-49.369451568793124
614.218622408801	-48.24688222990879
614.2496867248403	-47.85784823304121
614.2807510408796	-47.38132210031002
614.3118153569189	-46.78655123319373
614.3428796729582	-46.02614816661762
614.3739439889976	-45.0110005951272
614.3932496295965	-44.17859968133251
614.4125552701955	-43.093437479495215
614.4318609107945	-41.60766097181865
614.4511665513935	-39.4733602115928
614.4607520309959	-38.062399208647626
614.4703375105983	-36.34872481561187
614.476901285062	-34.98220988276436
614.4834650595258	-33.4606173938583
614.4900288339895	-31.798322862929513
614.4965926084533	-30.018196274726765
614.503156382917	-28.145993169776624
614.5097201573808	-26.20371934341756
614.5162839318446	-24.205007366106383
614.5228477063083	-22.153962954382678
614.5294114807721	-20.046875743870487
614.5359752552358	-17.87536572139715
614.5425390296996	-15.629681319965504
614.5491028041633	-13.301933755299826
614.5592714926554	-9.53092107859741
614.5694401811475	-5.580022904483687
614.5796088696395	-1.51889277434665
614.5897775581316	2.5333406165595704
614.5999462466236	6.430588343793395
614.6101149351157	10.039524423147624
614.6202836236077	13.266587079022722
614.6304523120998	16.067008238283936
614.6406210005919	18.439947209275164
614.6507896890839	20.416781064054852
614.660958377576	22.04672764704162
614.671127066068	23.38408352718489
614.6812957545601	24.479932067917428
614.6914644430522	25.37836029988555
614.7016331315442	26.115597619467696
614.7181218275839	27.03986865695599
614.7346105236236	27.70392093980184
614.7510992196633	28.170998627089485
614.767587915703	28.47871594547409
614.7840766117426	28.65587246458412
614.8005653077823	28.724733229534415
614.817054003822	28.700647363597326
614.8335426998617	28.594797974135957
614.8500313959014	28.416267982363706
614.8665200919411	28.172601916176575
614.8830087879808	27.870037812176918
614.8994974840205	27.51386382605355
614.9159861800601	27.10878699119133
614.9324748760998	26.659162189054957
614.9489635721395	26.169053781823916
614.9741769384847	25.349736664964773
614.9993903048298	24.456349236025073
615.024603671175	23.499292188801807
615.0498170375201	22.487463558656515
615.0750304038653	21.42845723373258
615.1002437702105	20.328703098357607
615.1254571365556	19.193608754247048
615.1506705029008	18.027724813089687
615.1758838692459	16.834906244025763
615.2010972355911	15.618464057213997
615.2263106019362	14.381290783783019
615.2653906605386	12.428672158103055
615.304470719141	10.44065298488803
615.3435507777434	8.424334197972849
615.3826308363458	6.3859640922819345
615.4217108949482	4.331168607459531
615.4607909535506	2.264984434124708
615.499871012153	0.1918801112689323
615.5588524770066	-2.9414123655042106
615.6178339418601	-6.07079679423984
615.6768154067137	-9.187887693272385
615.7357968715672	-12.288633125845227
615.7947783364208	-15.360077897270179
615.8537598012744	-18.353060108757052
615.9127412661279	-21.27076665869566
615.9717227309815	-24.111713589739356
616.030704195835	-26.87146508646802
616.0896856606886	-29.54859523162863
616.1486671255421	-32.16547904575682
616.2076485903957	-34.72911699607051
616.2666300552493	-37.225924008410416
616.3256115201028	-39.62909085400566
616.3845929849564	-41.913236990862366
616.44357444981	-44.046851003519556
616.5025559146635	-45.99466230955012
616.5615373795171	-47.71284619312631
616.6205188443706	-49.17768337194071
616.6795003092242	-50.40430799895954
616.7384817740777	-51.43263531550666
616.7974632389313	-52.302615574950835
616.8564447037849	-53.045477824186946
616.9154261686384	-53.68713879072756
616.974407633492	-54.249809813925594
617.0333890983455	-54.751341677063806
617.0923705631991	-55.20510941367543
617.1513520280527	-55.620875937823854
617.2103334929062	-56.005846300384675
617.3019590559976	-56.555330923839236
617.393584619089	-57.05737945686943
617.4852101821804	-57.520394291904566
617.5768357452718	-57.94985221049885
617.6684613083631	-58.34950338831754
617.8096535378987	-58.913562670229005
617.9508457674343	-59.42080013114168
618.0920379969699	-59.87563482828572
618.2332302265055	-60.28187694532517
618.3744224560411	-60.64389418097046
618.5924662674225	-61.12716058395537
618.810510078804	-61.53156011779733
619.0285538901854	-61.86844405418647
619.2465977015669	-62.14641991196718
619.5750517343155	-62.47306616907139
619.9035057670641	-62.71013373856386
620.2319597998127	-62.87720369714822
620.5604138325613	-62.98868001975088
620.8888678653099	-63.055082812127004
621.4035836004618	-63.08919831809773
621.9182993356138	-63.060383701776644
622.4330150707658	-62.98534594015232
622.9477308059178	-62.87722009941879
623.4624465410698	-62.74555038245989
623.9771622762217	-62.596949400819426
624.4918780113737	-62.43607134280686
625.3314428353431	-62.15721013592473
626.1710076593124	-61.86673224257588
627.0105724832817	-61.571790210439794
627.8501373072511	-61.27511565475845
628.6897021312204	-60.98127072147403
629.5292669551898	-60.69041843605453
630.3688317791591	-60.40701604377493
631.2083966031284	-60.12585683894278
632.0479614270978	-59.85677906059157
632.8875262510671	-59.59326236920503
633.7270910750365	-59.340119273280884
634.5666558990058	-59.07851038776292
635.4062207229751	-58.82302680398978
636.2457855469445	-58.58459815267136
637.0853503709138	-58.351027835502414
637.9249151948832	-58.116988933052305
638.7644800188525	-57.87873630472905
639.6040448428218	-57.64483456716359
640.4436096667912	-57.42738441432128
641.2831744907605	-57.21739264258662
642.1227393147299	-57.001116408719156
642.9623041386992	-56.774193487613715
643.8018689626686	-56.547220470816114
644.6414337866379	-56.34264028988083
645.4809986106072	-56.13977716754793
646.3205634345766	-55.90061672828961
647.1601282585459	-55.61678668907208
647.9996930825153	-55.37323647060222
648.5201360403408	-55.24795998912325
648.8835756082334	-55.136217521257215
649.247015176126	-55.009873331377364
649.6104547440185	-54.89040342617982
649.9738943119111	-54.78057633420854
650.3373338798036	-54.65594496407484
650.7007734476962	-54.5105131188679
651.0642130155887	-54.3467241516442
651.4276525834813	-54.1867446012836
651.7910921513738	-54.03539265524624
652.1545317192664	-53.860197412153134
652.517971287159	-53.69591478712649
652.6088311791322	-53.65125945733411
652.6996910711053	-53.593245102101044
652.7905509630785	-53.53109303326561
652.8814108550517	-53.47215499934799
652.9722707470249	-53.41814154013203
653.0631306389981	-53.36455157043059
653.1539905309713	-53.30725532366841
653.2448504229445	-53.24596091146755
653.3820289049635	-53.14926467472815
653.5192073869824	-53.044860820287454
653.6563858690014	-52.93621975549111
653.7935643510203	-52.822700537252125
653.9307428330393	-52.703277513940684
654.1442187296487	-52.50163419787977
654.3576946262582	-52.26325428571418
654.5711705228676	-51.980453145051435
654.7846464194771	-51.6413386586097
654.9981223160866	-51.22315338292005
655.211598212696	-50.66990285512498
655.4250741093055	-49.86388998642065
655.4784430834578	-49.597799487861316
655.5318120576102	-49.280983863376925
655.5851810317625	-48.90005508051965
655.609029689961	-48.70396982516239
655.6328783481594	-48.487659513031524
655.6746288290244	-48.046620715820865
655.7163793098895	-47.49667106549247
655.7581297907545	-46.780977209868
655.7823155391588	-46.25646183430015
655.8065012875632	-45.61105056951356
655.8306870359675	-44.78702150381914
655.8447195438481	-44.19452526503846
655.8587520517287	-43.4827180912084
655.8727845596094	-42.60708732245204
655.88681706749	-41.50141347573584
655.9008495753707	-40.068484731286475
655.9148820832513	-38.17771714482266
655.9208228276498	-37.20335284056946
655.9267635720482	-36.10911923450941
655.9327043164467	-34.89042463642317
655.9386450608451	-33.548865395338154
655.9445858052436	-32.092444478741534
655.9505265496421	-30.535212335952437
655.9564672940405	-28.894752445551788
655.962408038439	-27.18846557589007
655.9683487828374	-25.430122100435625
655.9742895272359	-23.627896972976778
655.9802302716344	-21.784036021491804
655.9861710160328	-19.895998837197176
655.9921117604313	-17.95829325401921
655.9980525048297	-15.964477304412497
656.0039932492282	-13.909125091296458
656.0137717171103	-10.387980182285656
656.0235501849925	-6.7079892724568895
656.0333286528746	-2.915826527223477
656.0431071207568	0.8957793145049282
656.0528855886389	4.608401913761383
656.062664056521	8.10574024320193
656.0724425244032	11.296803302119889
656.0822209922853	14.125762287769108
656.0919994601675	16.573568313702808
656.1017779280496	18.652714062663563
656.1115563959318	20.396955971560672
656.1213348638139	21.849838720013988
656.131113331696	23.056010458154276
656.1408917995782	24.056461814879235
656.1506702674603	24.886597498041457
656.1666086417727	25.947981796299263
656.182547016085	26.728895608016117
656.1984853903973	27.296537736050404
656.2144237647096	27.697031523868013
656.230362139022	27.96173863142979
656.2463005133343	28.112540509826733
656.2622388876466	28.165837330037956
656.278177261959	28.134576719791554
656.2941156362713	28.028981042340423
656.3100540105836	27.857047120983406
656.3259923848959	27.625176226486044
656.3419307592083	27.33875131493454
656.3578691335206	27.002505871543445
656.3738075078329	26.620719104464747
656.3897458821452	26.19732174618153
656.4139754242058	25.482050061224168
656.4382049662663	24.69045031177298
656.4624345083269	23.83263869505789
656.4866640503874	22.91749376536836
656.5108935924479	21.952727222535675
656.5351231345085	20.944921160677232
656.559352676569	19.899625575154523
656.5835822186295	18.821532084309528
656.6078117606901	17.714654448419896
656.6320413027506	16.58245849286156
656.6562708448112	15.427950243824073
656.6932885164799	13.626924069601325
656.7303061881487	11.787965252005149
656.7673238598175	9.917902588647994
656.8043415314862	8.02272854432971
656.841359203155	6.107801813321451
656.8783768748237	4.177931191561202
656.9153945464925	2.2374163728460794
656.9524122181613	0.2900842808053506
657.0103320667225	-2.762463817855984
657.0682519152838	-5.8128505862514555
657.126171763845	-8.852685044138015
657.1840916124063	-11.87744004525062
657.2420114609675	-14.88203828041063
657.2999313095288	-17.81351175090599
657.35785115809	-20.67371554726195
657.4157710066513	-23.459506715707143
657.4736908552126	-26.15853548869032
657.5316107037738	-28.782674745680033
657.5895305523351	-31.347903246302597
657.6474504008963	-33.86192681645405
657.7053702494576	-36.31066567563036
657.7632900980188	-38.673368515049475
657.8212099465801	-40.92977155575213
657.8791297951414	-43.054596650184706
657.9370496437026	-45.015812306966346
657.9949694922639	-46.77760871377876
658.0528893408251	-48.310011560732285
658.1108091893864	-49.61127069782638
658.1687290379476	-50.70883201379491
658.2266488865089	-51.63904225612356
658.2845687350701	-52.434201407208576
658.3424885836314	-53.121015982218275
658.4004084321926	-53.721661773403895
658.4583282807539	-54.25441126941667
658.5162481293152	-54.73384820167326
658.5741679778764	-55.17107984579969
658.6320878264377	-55.57429693031008
658.7195801386988	-56.13219698313954
658.8070724509599	-56.6409980049396
658.8945647632211	-57.110094682043965
658.9820570754822	-57.545760341989265
659.0695493877433	-57.9521907148944
659.2089345120811	-58.5467847314153
659.3483196364189	-59.08314160457318
659.4877047607566	-59.566021228824525
659.6270898850944	-59.999318872958966
659.7664750094322	-60.387388327076316
659.9058601337699	-60.734891462097444
660.1426313231308	-61.24417509236895
660.3794025124917	-61.666777445423335
660.6161737018525	-62.01556604303128
660.8529448912134	-62.30005878946345
661.0897160805742	-62.52991818230005
661.3264872699351	-62.714900829860795
661.6988524222058	-62.93253301606537
662.0712175744766	-63.07957076278265
662.4435827267473	-63.17064494348432
662.815947879018	-63.216773134079446
663.1883130312888	-63.22778643741083
663.5606781835595	-63.211715688629006
664.1530790896019	-63.1440094437195
664.7454799956442	-63.038700993015446
665.3378809016866	-62.90719536490703
665.930281807729	-62.75754347785459
666.5226827137714	-62.59546709273205
667.1150836198137	-62.425172993570136
668.0860185562567	-62.136826947921485
669.0569534926997	-61.844713302843076
670.0278884291426	-61.5532446175739
670.9988233655856	-61.26460734050975
671.9697583020286	-60.98124795099883
672.9406932384716	-60.705119295683346
673.9116281749145	-60.43719567330667
675.4515513851142	-60.02760021118881
676.9914745953138	-59.63847025958442
678.5313978055134	-59.27075848924894
680.071321015713	-58.92380957176154
681.6112442259126	-58.58796950665966
683.1511674361122	-58.27398335868843
684.6910906463119	-57.974295244845315
686.2310138565115	-57.68138523687287
687.7709370667111	-57.39117174069718
689.3108602769107	-57.10308030378395
690.8507834871103	-56.823305956485505
692.39070669731	-56.561221983501035
693.9306299075096	-56.29660429928588
695.4705531177092	-56.03397722833401
697.0104763279088	-55.75065387415984
697.3954571304587	-55.6839050900367
697.7804379330086	-55.619537239206764
698.1654187355584	-55.55597639130041
698.5503995381083	-55.47808913056892
698.9353803406582	-55.3961044980368
699.3203611432081	-55.32495387266601
699.7053419457579	-55.24295677188414
700.0903227483078	-55.15396150699356
700.4753035508577	-55.07799374623823
700.8602843534076	-55.0074955766646
701.2452651559574	-54.921542430441086
701.6302459585073	-54.82750060679832
702.0152267610572	-54.742828519524906
702.4002075636071	-54.6580162467474
702.785188366157	-54.557417588022
703.1701691687068	-54.45138368424028
703.5551499712567	-54.352906196150194
703.9401307738066	-54.248955823469075
704.3251115763564	-54.12572018662518
704.7100923789063	-53.99594613849554
705.0950731814562	-53.87143210820534
705.4800539840061	-53.73463412206312
705.865034786556	-53.56809264280121
706.2500155891058	-53.393515236980974
706.6349963916557	-53.19838361944361
707.0199771942056	-52.98118698622338
707.4049579967555	-52.71857553170988
707.7899387993053	-52.40994853423186
707.8861839999428	-52.3212820090039
707.9824292005802	-52.223582733470984
708.0786744012177	-52.11894795351454
708.1749196018551	-52.00990732780222
708.2711648024925	-51.89390644196568
708.36741000313	-51.769958131096026
708.4636552037674	-51.63044881871152
708.5599004044049	-51.47380997296007
708.6561456050423	-51.30080185368872
708.7523908056797	-51.112607842258754
708.8486360063172	-50.89974361356543
708.9448812069546	-50.64989346446279
709.0411264075921	-50.35521153100919
709.1373716082295	-50.003707685041256
709.2336168088669	-49.57143474843862
709.3298620095044	-49.00815975922072
709.4261072101418	-48.20884193901852
709.4501685103012	-47.95027721155732
709.4742298104605	-47.65408286489618
709.4982911106199	-47.31222870213115
709.5223524107793	-46.914709152209404
709.5464137109386	-46.44585473683186
709.570475011098	-45.880192625926334
709.6085165599176	-44.67109863830544
709.6180269471225	-44.28334183611861
709.6275373343275	-43.84662298778608
709.6422452313652	-43.047477600907534
709.656953128403	-42.04549791535184
709.6716610254407	-40.75479936531021
709.6863689224784	-39.04919066616173
709.6956321538131	-37.68896432208867
709.7048953851478	-36.05791318079806
709.7141586164825	-34.13148734402559
709.7234218478171	-31.917676817334403
709.7295129562837	-30.32698091730226
709.7356040647502	-28.652861640960925
709.7416951732167	-26.913804316362178
709.7477862816833	-25.12288154768433
709.7538773901498	-23.287259817750044
709.7599684986163	-21.408458378495258
709.7660596070829	-19.483405966168675
709.7721507155494	-17.5062768769675
709.7782418240159	-15.47078706942761
709.7886576032934	-11.845126141057865
709.7990733825708	-8.040082280323267
709.8094891618482	-4.096445960843471
709.8199049411256	-0.10494524564581581
709.830320720403	3.802744467220476
709.8407364996805	7.490544311177251
709.8511522789579	10.84943789213646
709.8615680582353	13.813345933561461
709.8719838375127	16.360092030481404
709.8823996167902	18.5044177405612
709.8928153960676	20.285815329555025
709.903231175345	21.75495441577937
709.9136469546224	22.963068734480807
709.9240627338999	23.956153538193387
709.9344785131773	24.77294533139755
709.9509433004279	25.778300410401094
709.9674080876785	26.51186681606127
709.983872874929	27.039794499726025
710.0003376621796	27.402111685204797
710.0168024494302	27.628938989265905
710.0332672366808	27.743422531710376
710.0497320239314	27.76177201195904
710.066196811182	27.69587500044458
710.0826615984325	27.555289667090445
710.0991263856831	27.347883795714928
710.1155911729337	27.08013528703008
710.1320559601843	26.757507237459503
710.1485207474349	26.384813399881676
710.1649855346855	25.966456471531295
710.181450321936	25.506520083367445
710.2068802162702	24.723078068929244
710.2323101106043	23.86172743382835
710.2577400049385	22.933291660580416
710.2831698992726	21.947072683920528
710.3085997936067	20.911039691526856
710.3340296879409	19.831957365422856
710.359459582275	18.71552709818263
710.3848894766091	17.566554741516864
710.4103193709433	16.38911795592154
710.4357492652774	15.186723466914723
710.4611791596116	13.962434622672784
710.5001911430329	12.047843129991668
710.5392031264543	10.096547345218843
710.5782151098756	8.115787631085265
710.617227093297	6.111942822531967
710.6562390767183	4.0907332802453835
710.6952510601396	2.057288444699706
710.734263043561	0.016155994494515383
710.7732750269823	-2.0286912410582336
710.8368819547323	-5.36189712293797
710.9004888824824	-8.684887410615795
710.9640958102324	-11.989866800160184
711.0277027379824	-15.267961987872363
711.0913096657324	-18.455815937807895
711.1549165934824	-21.556527072691207
711.2185235212324	-24.566999448321873
711.2821304489825	-27.48414510481866
711.3457373767325	-30.306172538451513
711.4093443044825	-33.058567854145785
711.4729512322325	-35.74187834339998
711.5172173761714	-37.556176754995455
711.5614835201103	-39.314777731490295
711.6057496640492	-41.0065297997307
711.6500158079881	-42.62010541378441
711.694281951927	-44.140159762417056
711.7385480958659	-45.55158143563669
711.7828142398048	-46.83869587937869
711.8270803837437	-47.99309128898569
711.8713465276826	-49.01718561393632
711.9156126716215	-49.92128424383497
711.9598788155604	-50.71872451564748
712.0041449594993	-51.42313766865076
712.0484111034382	-52.04767770253336
712.1148853070702	-52.86185474108586
712.1813595107021	-53.55864240111177
712.2478337143341	-54.16729915412459
712.3143079179661	-54.7085723754774
712.380782121598	-55.19772753181618
712.44725632523	-55.64594077684778
712.513730528862	-56.06124433483206
712.5802047324939	-56.44935925730522
712.6899559396911	-57.040090196248684
712.7997071468883	-57.57930984440832
712.9094583540855	-58.075539486749825
713.0753050361311	-58.754575578935444
713.2411517181768	-59.35439321011015
713.4069984002224	-59.885783372757544
713.572845082268	-60.353396443761866
713.7386917643137	-60.76275350457379
713.9045384463593	-61.121374325367135
714.070385128405	-61.436260377452314
714.3392601636486	-61.867173923478155
714.6081351988923	-62.21534829170019
714.877010234136	-62.493789584529594
715.1458852693797	-62.7128699388403
715.4147603046234	-62.88303887492709
715.834479071913	-63.07207994409252
716.2541978392027	-63.19020598092038
716.6739166064923	-63.253151011766654
717.0936353737819	-63.272418641616525
717.5133541410715	-63.25921585153885
717.9330729083612	-63.222028337290276
718.5667001883753	-63.13056415731063
719.2003274683894	-63.007781537572576
719.8339547484036	-62.865053531804676
720.4675820284177	-62.70983985795089
721.1012093084319	-62.54557360242637
721.734836588446	-62.37501695392016
722.3684638684601	-62.2016021516135
723.3561412280308	-61.930490999293816
724.3438185876014	-61.661411348019044
725.331495947172	-61.39545012317358
726.3191733067426	-61.13451826503618
727.3068506663133	-60.880857896424224
728.2945280258839	-60.63484112518858
729.2822053854545	-60.395163509896115
730.893529993463	-60.02125388410781
732.5048546014714	-59.67297264247558
734.1161792094798	-59.34089324264954
735.7275038174882	-59.02750567255544
737.3388284254967	-58.710382543795944
738.9501530335051	-58.4230277581716
740.5614776415135	-58.150141096729705
742.172802249522	-57.892714689340366
743.7841268575304	-57.640917118220486
745.3954514655388	-57.41173879803709
747.0067760735473	-57.17411531905167
748.6181006815557	-56.947160950375064
750.2294252895641	-56.71209070031777
751.8407498975726	-56.493653503582955
753.452074505581	-56.264322845882184
753.8549056575831	-56.21092905434621
754.2577368095853	-56.16055711097792
754.6605679615874	-56.11265626449648
755.0633991135895	-56.05150821805288
755.4662302655917	-55.98709476713041
755.8690614175938	-55.932999078675856
756.2718925695959	-55.87254162653576
756.6747237215981	-55.80776898548186
757.0775548736002	-55.752291723156155
757.4803860256023	-55.68522736299289
757.8832171776045	-55.61581118127828
758.2860483296066	-55.56151205597964
758.6888794816088	-55.498764628136314
759.0917106336109	-55.42943281637418
759.494541785613	-55.37082867304289
759.8973729376152	-55.31669365054574
760.3002040896173	-55.25064010751612
760.7030352416194	-55.18014118260267
761.1058663936216	-55.11781228292022
761.5086975456237	-55.04091970916688
761.9115286976258	-54.957784992806495
762.314359849628	-54.89047077096318
762.7171910016301	-54.82906873323257
763.1200221536322	-54.75006285276731
763.5228533056344	-54.661977643551566
763.9256844576365	-54.58497626555834
764.3285156096387	-54.508463422600265
764.7313467616408	-54.41391499479969
765.1341779136429	-54.31319581884135
765.5370090656451	-54.22240801019493
765.9398402176472	-54.126286755014064
766.3426713696493	-54.007424669714915
766.7455025216515	-53.881716119918494
767.1483336736536	-53.76526940249342
767.5511648256557	-53.628419275722685
767.9539959776579	-53.4775035124958
768.35682712966	-53.30458241007205
768.7596582816622	-53.116773032971885
769.1624894336643	-52.89428420038426
769.5653205856664	-52.63850731184324
769.6660283736669	-52.566083924160864
769.7667361616674	-52.48696251013189
769.8674439496679	-52.40316192946629
769.9681517376683	-52.31705191072746
770.0688595256688	-52.226675264911606
770.1695673136693	-52.13164061831245
770.2702751016698	-52.026320700938975
770.3709828896702	-51.91030579550817
770.4716906776707	-51.78499018600063
770.5723984656712	-51.652488869734
770.6731062536717	-51.50746558406598
770.7738140416722	-51.34388774737786
770.8745218296726	-51.159962541955515
771.0370096718282	-50.81320727955736
771.1994975139837	-50.37306818170449
771.3619853561393	-49.76844557749775
771.5244731982948	-48.89348895761459
771.5650951588336	-48.597511371881176
771.6057171193725	-48.237560876027324
771.6463390799113	-47.798382915289835
771.6869610404501	-47.252940942132376
771.727583000989	-46.553951329451145
771.7506526648563	-46.057561887152325
771.7737223287236	-45.45175916818085
771.7967919925909	-44.687986402908386
771.8114296275179	-44.09025263053665
771.8260672624449	-43.36947906436033
771.8407048973719	-42.479058182944144
771.8553425322989	-41.34863039281259
771.8699801672259	-39.873648775083566
771.8846178021529	-37.912551614428985
771.8906535916053	-36.924781015228724
771.8966893810577	-35.81576890651437
771.9027251705102	-34.581368975820034
771.9087609599626	-33.22369296096153
771.914796749415	-31.751214037925486
771.9208325388674	-30.178327466860704
771.9268683283199	-28.522738529741854
771.9329041177723	-26.801719675043138
771.9389399072247	-25.028737326251925
771.9449756966771	-23.21163196674646
771.9510114861296	-21.352409818324706
771.957047275582	-19.44855012967443
771.9630830650344	-17.49490425741454
771.9691188544869	-15.485742916874335
771.9751546439393	-13.416729447492854
771.9850470340718	-9.895913258224413
771.9949394242044	-6.232142037017019
772.004831814337	-2.4787623775567775
772.0147242044695	1.2687000803366184
772.0246165946021	4.894390369400655
772.0345089847347	8.289360960064322
772.0444013748672	11.371797017252234
772.0542937649998	14.094597380757564
772.0641861551323	16.445401174408353
772.0740785452649	18.440585534066564
772.0839709353975	20.11505101537145
772.09386332553	21.511535766964652
772.1037557156626	22.672898645156824
772.1136481057952	23.638056699130292
772.1288006891604	24.809706962428912
772.1439532725256	25.691811683235137
772.1591058558907	26.35309036474714
772.1742584392559	26.841329742174313
772.1894110226211	27.189440711297227
772.2045636059863	27.420841271440352
772.2197161893515	27.553117431135718
772.2348687727167	27.599926187495516
772.2500213560819	27.571927117091253
772.2651739394471	27.4774597820719
772.2803265228123	27.32317962743442
772.2954791061775	27.114582281738567
772.3182569477054	26.70909922352821
772.3410347892334	26.20515232555743
772.3638126307613	25.614282375127683
772.3865904722893	24.947045507637604
772.4093683138173	24.2130434648772
772.4321461553452	23.420710927501858
772.4549239968732	22.577307377720743
772.4777018384011	21.689105902552875
772.5004796799291	20.761607244165248
772.523257521457	19.799627051782696
772.546035362985	18.80730664806071
772.5688132045129	17.788170914806223
772.6029852670029	16.21551005803308
772.6371573294928	14.597954602405299
772.6713293919827	12.942709678379376
772.7055014544726	11.255953438041361
772.7396735169625	9.543081305566144
772.7738455794524	7.808842509643272
772.8080176419423	6.057446730400544
772.8421897044323	4.292668504212378
772.8935131322603	1.6244733344310465
772.9448365600883	-1.0558742927403786
772.9961599879164	-3.739749609551288
773.0474834157444	-6.4202567070458
773.0988068435724	-9.092291818975774
773.1501302714005	-11.752665511033536
773.2014536992285	-14.398830470455659
773.2527771270566	-17.001815798523484
773.3041005548846	-19.541832428462275
773.3554239827126	-22.020461520655722
773.4067474105407	-24.432098467461092
773.4580708383687	-26.78192160599394
773.5093942661968	-29.077025529278806
773.5607176940248	-31.325313614381873
773.6120411218528	-33.5264218181636
773.6633645496809	-35.67507812095432
773.7146879775089	-37.762691555662904
773.7660114053369	-39.775574312883194
773.817334833165	-41.69562043082339
773.868658260993	-43.50023392202486
773.919981688821	-45.167821431589964
774.0035400861938	-47.53986392594084
774.0530802711286	-48.72867863585642
774.1026204560634	-49.763279448921075
774.1521606409982	-50.66032921132861
774.201700825933	-51.44020026156381
774.2512410108678	-52.122705987038074
774.3007811958026	-52.72509963113595
774.3503213807375	-53.261856347250166
774.3998615656723	-53.74498185715249
774.4757504939582	-54.402103180624245
774.5516394222442	-54.98237042957612
774.6275283505302	-55.50553305947403
774.7034172788161	-55.98436025502302
774.7793062071021	-56.427546913462606
774.855195135388	-56.841082947111566
774.931084063674	-57.22909795704934
775.0561822742209	-57.81924068997335
775.1812804847677	-58.35595187081275
775.3063786953146	-58.846215660661834
775.494670393839	-59.50625494274036
775.6829620923634	-60.08276021264255
775.8712537908877	-60.58232156248906
776.0595454894121	-61.01126451533715
776.2478371879365	-61.37877208097297
776.4361288864609	-61.69500592513852
776.7331019169964	-62.10741724866893
777.0300749475318	-62.43388828157841
777.3270479780673	-62.68885223752318
777.6240210086028	-62.88304748045864
777.9209940391382	-63.027792401816974
778.2179670696737	-63.13363557189734
778.672382525533	-63.23634872567631
779.1267979813922	-63.28378793373867
779.5812134372514	-63.28870971768989
780.0356288931107	-63.260927691280365
780.49004434897	-63.20863510001186
780.9444598048292	-63.13806635805459
781.7129065746328	-62.98919799971556
782.8735416033696	-62.72191473647954
784.0341766321064	-62.42808126682495
785.1948116608432	-62.124749561019634
786.35544668958	-61.817942666348074
787.5160817183169	-61.51720611839261
788.6767167470537	-61.21720293131913
789.8373517757905	-60.93203355941807
790.9979868045273	-60.646924462885266
792.1586218332641	-60.392113615283456
793.3192568620009	-60.14176764492736
794.4798918907377	-59.88640798408608
795.6405269194745	-59.64164879566835
796.8011619482113	-59.39525903184638
797.9617969769481	-59.17097415164577
799.1224320056849	-58.96867463597961
800.2830670344217	-58.77031951842703
801.4437020631585	-58.578729230356025
802.6043370918953	-58.37409345235447
803.7649721206321	-58.18195203867053
804.925607149369	-58.00445568814655
806.0862421781057	-57.83276288144492
807.2468772068426	-57.67902120941318
808.4075122355794	-57.523126487741216
809.5681472643162	-57.3537123870532
810.728782293053	-57.19722813181
811.8894173217898	-57.039843307433706
813.0500523505266	-56.88870787026514
814.2106873792634	-56.7347000719094
815.3713224080002	-56.57882256682366
816.531957436737	-56.42871191037047
817.6925924654738	-56.28288471311995
818.8532274942106	-56.136540137819104
820.0138625229474	-55.98810618480146
821.1744975516842	-55.82050833053063
822.335132580421	-55.648149237304985
823.4957676091578	-55.49250592573852
824.6564026378946	-55.338861606278705
825.8170376666314	-55.17292437031583
826.9776726953683	-54.97195221501344
828.1383077241051	-54.747874012643415
829.2989427528419	-54.51634672910246
830.4595777815787	-54.27674595089477
831.6202128103155	-53.99799606110035
832.7808478390523	-53.64094116208709
833.9414828677891	-53.155101117694834
835.1021178965259	-52.466786184473015
835.39227665371	-52.2319792802032
835.6824354108942	-51.943912108025586
835.9725941680783	-51.56632772759251
836.2627529252625	-51.07383137644441
836.3352926145585	-50.922619828545216
836.4078323038545	-50.75059450506564
836.4803719931506	-50.55720783231844
836.5529116824466	-50.34206479894046
836.6254513717427	-50.09799384194149
836.6979910610387	-49.81603571788946
836.7705307503347	-49.47863990978577
836.8430704396308	-49.061061248559106
836.9156101289268	-48.52199516469236
836.9881498182228	-47.798134607155696
837.0341131427714	-47.1843123208629
837.0800764673199	-46.351622096165926
837.1260397918685	-45.12237479301318
837.1375306230057	-44.72093927182466
837.1490214541428	-44.264248276891
837.169705100652	-43.25266480193079
837.1903887471611	-41.87828361872481
837.2110723936703	-39.911993619875055
837.2232989300896	-38.32999877130235
837.2313668445009	-37.054708898425574
837.2394347589122	-35.56525709685355
837.2475026733235	-33.85068317757591
837.2555705877348	-31.922022956847766
837.2636385021461	-29.811757541906278
837.2717064165574	-27.5635626266629
837.2797743309687	-25.215786344574585
837.28784224538	-22.791076264583126
837.2959101597913	-20.291849938322898
837.3039780742026	-17.707357415533888
837.3120459886139	-15.023457551405807
837.3201139030252	-12.231318606271703
837.3281818174365	-9.333218459781998
837.3362497318478	-6.343083736346078
837.3443176462591	-3.293232140912975
837.3523855606704	-0.23339242376878352
837.3604534750817	2.7762533402503013
837.3725612930205	7.066712511044431
837.3846691109592	10.93650784117788
837.3967769288979	14.273104342476163
837.4088847468366	17.052932845303893
837.4209925647754	19.31863259138773
837.4331003827141	21.141311060120355
837.4452082006528	22.596832481497525
837.4573160185915	23.756184697016874
837.4694238365303	24.680597951573283
837.481531654469	25.41877120767843
837.4936394724077	26.00711758206074
837.5120513156476	26.67323883541578
837.5304631588874	27.121622732744687
837.5488750021273	27.39316664322678
837.5672868453671	27.52130118295788
837.585698688607	27.531857207496827
837.6041105318468	27.44112830743016
837.6225223750866	27.260136508805296
837.6409342183265	26.998460652762347
837.6593460615663	26.66491670194299
837.6777579048062	26.267056535778682
837.696169748046	25.811167409163666
837.7145815912859	25.30278942981431
837.7329934345257	24.747107334841548
837.7514052777656	24.148968014762524
837.7797878210839	23.15367408838835
837.8081703644023	22.08169759105047
837.8365529077206	20.9446248916317
837.864935451039	19.752153078701767
837.8933179943573	18.51247401913082
837.9217005376756	17.232414399345245
837.950083080994	15.91759374892716
837.9784656243123	14.572691647788853
838.0068481676307	13.201743403752609
838.035230710949	11.808335934120779
838.0636132542674	10.395677927376566
838.1065127602122	8.230240669878677
838.1494122661571	6.03601841420859
838.192311772102	3.820591349629207
838.2352112780469	1.590670150511624
838.2781107839918	-0.6478056807620285
838.3210102899367	-2.8896619949275144
838.3639097958816	-5.130543434924433
838.4068093018265	-7.3669880030711665
838.4713517654044	-10.717970510473453
838.5358942289823	-14.048650822270982
838.6004366925603	-17.316484112801803
838.6649791561382	-20.484371925927228
838.7295216197161	-23.557674358647404
838.7940640832941	-26.53419619573085
838.858606546872	-29.422307377623223
838.92314901045	-32.227840677034415
838.9876914740279	-34.96275051524622
839.0522339376058	-37.60736378813836
839.1167764011838	-40.13247849771279
839.1813188647617	-42.493225671174
839.2458613283396	-44.6579467268505
839.3104037919176	-46.59226356839428
839.3538056490861	-47.739172249775415
839.3972075062546	-48.75762453785111
839.4406093634232	-49.65945454168672
839.4840112205917	-50.45917642385488
839.5274130777602	-51.16879568798676
839.5708149349288	-51.79917216292346
839.6142167920973	-52.36158618460996
839.6852678354046	-53.16317210385889
839.7563188787119	-53.85067800628483
839.8273699220192	-54.453176396888146
839.8984209653265	-54.99140222541126
839.9694720086338	-55.48013520364619
840.0405230519411	-55.92983887079738
840.1115740952484	-56.347856470207425
840.1826251385557	-56.73931389153879
840.3001415874242	-57.33659804889954
840.4176580362926	-57.8810970066496
840.535174485161	-58.380697409491546
840.6526909340294	-58.8398915775595
840.8371560453156	-59.487448059226686
841.0216211566019	-60.04942350255124
841.2060862678882	-60.539950193935695
841.3905513791744	-60.96472250264291
841.5750164904607	-61.330398594990875
841.759481601747	-61.64595572270732
841.9439467130333	-61.91916025996849
842.248594993897	-62.29170811313804
842.5532432747607	-62.58282902065351
842.8578915556244	-62.80650411034039
843.1625398364881	-62.974133232653365
843.4671881173518	-63.096709776368805
843.7718363982156	-63.18365343802826
844.282708997348	-63.2668783876754
844.7935815964804	-63.2906855405276
845.3044541956128	-63.27023834367556
845.8153267947453	-63.21680560441323
846.3261993938777	-63.139369980652766
846.8370719930101	-63.044633037217714
847.6604100903469	-62.86723802014798
848.9048091423691	-62.56612358440398
850.1492081943913	-62.24637657176688
851.3936072464136	-61.92461557722571
852.6380062984358	-61.60284687150345
853.882405350458	-61.29070477206263
855.1268044024803	-60.977584142607704
856.3712034545025	-60.68808449494446
857.6156025065247	-60.40851665426768
858.860001558547	-60.13184148374473
860.1044006105692	-59.86365322689658
861.3487996625914	-59.602913042809945
862.5931987146137	-59.373473741912406
863.8375977666359	-59.15173168219017
865.0819968186581	-58.92574314794987
866.3263958706804	-58.7056842158531
867.5707949227026	-58.486725557946514
868.8151939747248	-58.28621375534591
870.059593026747	-58.1029242246483
871.3039920787693	-57.91441400516992
872.5483911307915	-57.72857216657578
873.7927901828137	-57.55839745692187
875.037189234836	-57.39316211940957
876.2815882868582	-57.22248727698699
877.5259873388804	-57.055966684372706
878.7703863909027	-56.893432889928725
880.0147854429249	-56.73451879370849
881.2591844949471	-56.57650307728698
882.5035835469694	-56.43835140545175
883.7479825989916	-56.28089756615027
884.0590823619972	-56.23922076011132
884.3701821250028	-56.201289045935475
884.6812818880084	-56.16629783774483
884.9923816510139	-56.12461653701373
885.3034814140195	-56.07970736567542
885.6145811770251	-56.03203574276354
885.9256809400307	-55.99482953003048
886.2367807030363	-55.96127585950415
886.5478804660419	-55.91948509237717
886.8589802290475	-55.87901497333088
887.170079992053	-55.841574016148634
887.4811797550586	-55.80407665635133
887.7922795180642	-55.76330855228111
888.1033792810698	-55.72007599132766
888.4144790440754	-55.677260081752976
888.725578807081	-55.635199763240884
889.0366785700866	-55.58776932197356
889.3477783330922	-55.54713633737591
889.6588780960977	-55.51206633609507
889.9699778591033	-55.47601844704554
890.2810776221089	-55.43028133006468
890.5921773851145	-55.38633523455523
890.9032771481201	-55.346968708200635
891.2143769111257	-55.3032823177682
891.5254766741313	-55.24244117923426
891.8365764371368	-55.19329501115847
892.0458299519154	-55.17255012373531
892.2550834666939	-55.14049969444095
892.4643369814725	-55.10192112196229
892.673590496251	-55.057559625532114
892.8828440110295	-55.03464071839479
893.0920975258081	-55.01473214811587
893.3013510405866	-54.97802799781277
893.5106045553651	-54.940751979833784
893.7198580701437	-54.90955755932904
893.9291115849222	-54.878372880641116
894.1383650997008	-54.84106507195523
894.3476186144793	-54.798516554826925
894.5568721292578	-54.76142472413747
894.7661256440364	-54.7272456525583
894.9753791588149	-54.689017406208315
895.1846326735935	-54.64247984002929
895.393886188372	-54.601958747936365
895.6031397031505	-54.56811288012935
895.8123932179291	-54.53314860689087
896.0216467327076	-54.482709951930566
896.2309002474861	-54.4321840859965
896.4401537622647	-54.392853152695494
896.6494072770432	-54.358751004492866
896.8586607918218	-54.31372035417937
897.0679143066003	-54.25207847732538
897.2771678213788	-54.189059973561946
897.4864213361574	-54.14043872584738
897.6956748509359	-54.09261620810461
897.9049283657145	-54.04532298179611
898.114181880493	-53.96982224285328
898.2548519605061	-53.9165321480566
898.3955220405193	-53.88160228516345
898.5361921205324	-53.84891463417289
898.6768622005455	-53.80657206063573
898.8175322805587	-53.76017965373109
898.9582023605718	-53.714025132552536
899.098872440585	-53.67527413321565
899.2395425205981	-53.62777796687757
899.3802126006112	-53.57156813542397
899.5208826806244	-53.51569437084382
899.6615527606375	-53.46903317762255
899.8022228406506	-53.420351095273524
899.9428929206638	-53.36078347171307
900.0835630006769	-53.29656014518654
900.22423308069	-53.2382707525307
900.3649031607032	-53.18213745437584
900.5055732407163	-53.12100335538858
900.6462433207295	-53.052291988113005
900.7869134007426	-52.981842763604426
900.9275834807557	-52.90646909110783
901.0682535607689	-52.821227591492836
901.208923640782	-52.73303238514703
901.3495937207952	-52.6384828077594
901.4902638008083	-52.536133594157356
901.6309338808214	-52.42748841751388
901.7716039608346	-52.31153464536703
901.9122740408477	-52.189471718976066
902.1559311003704	-51.93973051865138
902.399588159893	-51.64424637759868
902.4605024247737	-51.55865104178278
902.5214166896544	-51.46567892199076
902.5823309545351	-51.36658773087315
902.6756528983027	-51.202996034963796
902.7689748420703	-51.020386809220845
902.8622967858379	-50.81563466203333
903.003870149094	-50.43982706151366
903.1454435123502	-49.947775892445335
903.1808368531642	-49.801695223116134
903.2162301939783	-49.64189838262971
903.2848025466442	-49.28109354200318
903.3533748993101	-48.83149714598999
903.3869199692056	-48.57047779303189
903.420465039101	-48.27173264372433
903.4540101089965	-47.924512237702636
903.487555178892	-47.510562389079595
903.5211002487874	-47.004162643531316
903.536918942202	-46.726465767833716
903.5527376356165	-46.41535152242325
903.568556329031	-46.06322073884316
903.5843750224456	-45.659098813236284
903.6001937158601	-45.189796722025754
903.6139431591162	-44.71731619038533
903.6276926023722	-44.16581674176378
903.6414420456283	-43.510215506928745
903.6551914888844	-42.714169301655474
903.6689409321405	-41.725645125448516
903.6826903753965	-40.466919563961255
903.6964398186526	-38.83016117733996
903.7032580443645	-37.83901470109293
903.7100762700763	-36.70503336626341
903.7168944957882	-35.41607546191205
903.7237127215001	-33.9680613855172
903.730530947212	-32.36699954196595
903.7373491729238	-30.629701033203172
903.7441673986357	-28.780410696531025
903.7509856243475	-26.844491145495436
903.7578038500594	-24.84204754658754
903.7646220757713	-22.784242620747907
903.7714403014832	-20.672893946322176
903.778258527195	-18.503084727949823
903.7850767529069	-16.266770823338522
903.7918949786188	-13.956542749406902
903.7987132043306	-11.569062901581376
903.8055314300425	-9.107831538271407
903.8123496557544	-6.582037114484658
903.8191678814662	-4.01130304964196
903.8259861071781	-1.4238888379326515
903.8369292395572	2.6740700736868037
903.8478723719363	6.571779347689868
903.8588155043154	10.136614747938363
903.8697586366945	13.281996008004832
903.8807017690737	15.975938285986047
903.8916449014528	18.231809868836407
903.9025880338319	20.092249780183693
903.913531166211	21.61356946989189
903.9244742985901	22.85362529005798
903.9354174309692	23.864397943802466
903.9463605633483	24.68901464996604
903.9627929332496	25.65025257896496
903.9792253031509	26.35253161431028
903.9956576730522	26.85518014055472
904.0120900429534	27.199560539527464
904.0285224128547	27.41420705501863
904.044954782756	27.519120718769464
904.0613871526573	27.52931697021613
904.0778195225586	27.45672191917971
904.0942518924599	27.31087623288001
904.1106842623611	27.099395871100132
904.1271166322624	26.828513280070677
904.1435490021637	26.503563666778554
904.159981372065	26.129305804096745
904.1764137419663	25.710093825535257
904.1928461118675	25.249948583708925
904.2186420662448	24.453798037163317
904.244438020622	23.578542078855016
904.2702339749993	22.635292756747138
904.2960299293766	21.633575970533876
904.3218258837538	20.581526312892823
904.3476218381311	19.486026101208065
904.3734177925083	18.352866356385004
904.3992137468856	17.186927559784507
904.4250097012629	15.992352539728781
904.4508056556401	14.772706970062098
904.4766016100174	13.531109042142226
904.516478350867	11.574946464498224
904.5563550917167	9.581735482572315
904.5962318325663	7.559050349008655
904.636108573416	5.5135355764457055
904.6759853142656	3.4511495773059435
904.7158620551153	1.3772035946048184
904.7557387959649	-0.7036156529505071
904.8172237205168	-3.9160620280597955
904.8787086450687	-7.123402800298997
904.9401935696206	-10.316681028976339
905.0016784941726	-13.491900502229178
905.0631634187245	-16.612438899078693
905.1246483432764	-19.651235356001404
905.1861332678283	-22.609451476841965
905.2476181923802	-25.477732425960905
905.3091031169321	-28.26030446264948
905.370588041484	-30.962442901034795
905.4320729660359	-33.59963359640998
905.4935578905878	-36.16466316485186
905.5550428151397	-38.63910719507734
905.6165277396916	-40.987139885506565
905.6780126642435	-43.181283173010556
905.7394975887954	-45.18823380416457
905.8009825133473	-46.97386887061343
905.8624674378992	-48.50843123532894
905.9239523624511	-49.7969064927335
905.985437287003	-50.876005883432505
906.0469222115549	-51.78913716871728
906.1084071361068	-52.570513991480865
906.1698920606588	-53.245953168724654
906.2313769852107	-53.83789317411833
906.2928619097626	-54.365457888241444
906.3543468343145	-54.84309296216156
906.4158317588664	-55.28094302295409
906.4773166834183	-55.68634252926623
906.5724677446859	-56.262735515688945
906.6676188059536	-56.78931562839691
906.7627698672212	-57.274876836066035
906.8579209284889	-57.72514815683127
906.9530719897565	-58.1440406343957
907.0986073879517	-58.730857805728036
907.2441427861469	-59.258842582554834
907.3896781843421	-59.732798572956995
907.5352135825373	-60.15686756520008
907.6807489807325	-60.53567508206169
907.9044803018451	-61.04119997801378
908.1282116229577	-61.46714913413004
908.3519429440703	-61.8251853981454
908.5756742651829	-62.12413936751843
908.9147303722801	-62.484146943619734
909.2537864793774	-62.75360001019877
909.5928425864746	-62.9524617420851
909.9318986935718	-63.095391535533516
910.2709548006691	-63.19304233276773
910.7987094059441	-63.27553735328603
911.3264640112192	-63.29555150238732
911.8542186164942	-63.26950961433604
912.3819732217693	-63.210312799375316
912.9097278270443	-63.12728994493618
913.4374824323194	-63.026886062774494
913.9652370375944	-62.913710754341956
914.8195292315361	-62.712976018938214
915.6738214254777	-62.49946440994862
916.5281136194194	-62.27903337725655
917.3824058133611	-62.05541499573778
918.2366980073027	-61.83182573228671
919.0909902012444	-61.6107200485148
919.945282395186	-61.39341573068103
921.3614282970852	-61.04330563893232
922.7775741989844	-60.70675268251987
924.1937201008836	-60.387159610019495
925.6098660027828	-60.08062020796156
927.026011904682	-59.79083777508145
928.4421578065812	-59.50455627044355
929.8583037084804	-59.233682092510996
930.9999999999793	-59.02311614303049
931.0000000000103	-59.02311614303049
931.000652726651	-59.05007482917989
931.0013054532916	-59.07544617089762
931.0024640096801	-59.11722713392719
931.0036225660687	-59.156570815423095
931.0057040904286	-59.2215018809544
931.0077856147885	-59.281865252337525
931.0114773312886	-59.3811767301698
931.0151690477886	-59.471850128273886
931.0235059151187	-59.651642920984116
931.0318427824487	-59.80431323424737
931.0401796497788	-59.93767884581315
931.0485165171089	-60.05702829945577
931.0610494282186	-60.21839064621907
931.0735823393283	-60.36284426035727
931.086115250438	-60.49485606977651
931.1066981329884	-60.69199930551175
931.1272810155389	-60.87078296573774
931.16719500009	-61.1799275636899
931.2071089846412	-61.45509238180194
931.2470229691924	-61.7051013926392
931.2869369537435	-61.93388548623144
931.3268509382947	-62.14446653350302
931.3944372195864	-62.46703345451727
931.4620235008781	-62.75606247038525
931.5296097821698	-63.0192768337025
931.5971960634615	-63.26184355746612
931.7016717170901	-63.60387847219685
931.8061473707187	-63.91493979088061
931.9106230243473	-64.20210160011167
932.0708619022037	-64.60613371985576
932.23110078006	-64.97584807411758
932.3913396579164	-65.31837833178434
932.6916544504913	-65.90382411962864
932.9919692430663	-66.43036148987042
933.2922840356412	-66.90865194512116
933.5925988282161	-67.34826835750609
933.892913620791	-67.75733669769039
934.1932284133659	-68.14108212843239
934.6540348504185	-68.68820264609883
935.1148412874711	-69.19239028649534
935.5756477245237	-69.66072028275487
936.0364541615763	-70.09929877703243
936.4972605986289	-70.51285206769496
937.2193193830893	-71.11821428894238
937.9413781675497	-71.6791037996469
938.6634369520101	-72.20178295195936
939.3854957364705	-72.69110789988105
940.1075545209309	-73.15093378466715
941.2532669220311	-73.82704386225322
942.3989793231314	-74.44476917055928
944.122713920953	-75.27792698047662
945.8464485187745	-76.0093848044637
947.5701831165961	-76.65084585891334
949.2939177144177	-77.21142541983303
951.0176523122393	-77.70060317743933
952.7413869100609	-78.1261270788881
954.4651215078825	-78.49307099005527
957.1212437862574	-78.95558101900615
959.7773660646324	-79.30740323766014
962.4334883430073	-79.56181891926853
965.0896106213822	-79.73050457424695
967.7457328997572	-79.8259516208946
970.4018551781321	-79.85904302315313
973.057977456507	-79.83777828278082
977.1352823649228	-79.71749186095906
981.2125872733385	-79.51348069185912
985.2898921817542	-79.24771135474423
989.36719709017	-78.93781358990549
993.4445019985857	-78.60074691627968
997.5218069070014	-78.25062675308126
1001.5991118154171	-77.89634532292132
1005.6764167238329	-77.54662226683894
1009.7537216322486	-77.20752155401098
1013.8310265406643	-76.88344567968784
1017.90833144908	-76.57942132229428
1021.9856363574958	-76.29552647924274
1026.0629412659114	-76.03349741280823
1030.140246174327	-75.79534815831445
1034.2175510827428	-75.57784820591405
1038.2948559911586	-75.38341842386671
1042.3721608995743	-75.2102246416593
1046.44946580799	-75.05379453428532
1050.5267707164057	-74.91642631399377
1054.6040756248215	-74.79544127555376
1058.6813805332372	-74.69150254543975
1062.758685441653	-74.60269965990815
1066.8359903500686	-74.52217052404164
1070.9132952584844	-74.45279260570109
1074.9906001669	-74.39458967280932
1079.0679050753158	-74.3448173682666
1083.1452099837315	-74.3041577347896
1087.2225148921473	-74.2664920349378
1091.299819800563	-74.2345480981013
1095.3771247089787	-74.21144193471478
1099.4544296173945	-74.18575694062545
1103.5317345258102	-74.16666484973398
1107.609039434226	-74.15249644885937
1110.6187587695763	-74.14227313161977
1113.6284781049267	-74.1322787927064
1116.638197440277	-74.1203450670572
1119.6479167756274	-74.11083140730403
1122.6576361109778	-74.10538027631517
1125.6673554463282	-74.09895862023285
1128.6770747816786	-74.09244681246757
1130.999999999975	-74.08749800622677
1131.0000000000127	-74.08749800622677
