t	v
0.0	-80.0
0.0031441713384118978	-79.98734664663822
0.0062883426768237955	-79.97569808435863
0.01301638029087053	-79.9532264476147
0.019744417904917266	-79.93229929581793
0.032891772124117154	-79.89486579628267
0.04603912634331704	-79.85978358354275
0.06977791040306766	-79.80008766683332
0.09351669446281828	-79.74412310729683
0.14859746743560903	-79.6242744459402
0.2036782404083998	-79.51487873905519
0.25875901338119056	-79.41248483877015
0.31383978635398135	-79.31507185583031
0.36892055932677215	-79.22144068167776
0.4633703109117575	-79.06765407869008
0.5578200624967429	-78.92071313025149
0.7515522439979061	-78.63573869224044
0.9452844254990693	-78.36717915603148
1.1390166070002326	-78.11147101545716
1.3327487885013958	-77.86693814489377
1.526480970002559	-77.63234046204242
1.8965464726406103	-77.20829734549025
2.2666119752786615	-76.81120046944508
2.636677477916713	-76.43721701210029
3.0067429805547645	-76.08391796502924
3.624005172178424	-75.53644267246968
4.241267363802083	-75.03571016729566
4.858529555425743	-74.57688222337609
5.827036384713114	-73.93308853421397
6.795543214000486	-73.3726628157097
7.764050043287858	-72.8865479052295
9.614290257413694	-72.13752257008227
11.46453047153953	-71.58855338923877
13.314770685665367	-71.2046026708708
15.165010899791204	-70.95357639603965
17.01525111391704	-70.81022207972704
18.865491328042875	-70.75248035662875
20.71573154216871	-70.76110950545306
23.656781406984365	-70.87880476018974
26.59783127180002	-71.0862366774608
29.53888113661567	-71.34491858580661
32.479931001431325	-71.62846556071719
35.42098086624698	-71.92299790813694
38.36203073106263	-72.21411043372
41.303080595878285	-72.4943842827595
44.24413046069394	-72.76041584525333
47.18518032550959	-73.00227824604205
50.126230190325245	-73.22186546993304
53.0672800551409	-73.42130627107234
56.00832991995655	-73.59263547295154
58.949379784772205	-73.74240142308089
61.89042964958786	-73.87307528594899
64.83147951440351	-73.98270146039725
67.77252937921916	-74.07688038553633
70.71357924403482	-74.1545232397904
73.65462910885047	-74.21520256866266
76.59567897366612	-74.26730835541765
79.53672883848178	-74.30750381591172
82.47777870329743	-74.33805323408775
85.41882856811308	-74.36371386928924
88.35987843292874	-74.37973137581278
91.30092829774439	-74.38982472790092
94.24197816256005	-74.39965304222702
97.1830280273757	-74.40301646991983
100.12407789219135	-74.4049866475653
103.065127757007	-74.40847888006562
106.00617762182266	-74.40527292484097
108.94722748663831	-74.40214983244132
111.88827735145397	-74.40084810428951
114.82932721626962	-74.39797945127023
117.77037708108527	-74.39698004654555
120.71142694590093	-74.39537139454842
123.65247681071658	-74.3911664783366
126.59352667553223	-74.39044101555
129.53457654034787	-74.389129714999
132.47562640516352	-74.38557550171687
135.41667626997918	-74.3861868175758
138.35772613479483	-74.38480852421347
141.29877599961048	-74.38352086852876
144.23982586442614	-74.38573852191377
147.1808757292418	-74.38434941106448
150.12192559405744	-74.38179097963602
153.0629754588731	-74.38283747132469
156.00402532368875	-74.3805127563645
158.9450751885044	-74.37896359687605
161.88612505332006	-74.38030298624138
164.8271749181357	-74.37970373239061
167.76822478295136	-74.37977892902948
170.70927464776702	-74.3811381898581
173.65032451258267	-74.37948567735394
176.59137437739832	-74.38003639810967
179.53242424221398	-74.38207559169466
182.47347410702963	-74.38016234985399
185.41452397184528	-74.3813348341676
188.35557383666094	-74.38323924048565
191.2966237014766	-74.38054472186181
194.23767356629224	-74.3826599566688
197.1787234311079	-74.38434046774127
200.11977329592355	-74.38500753701766
203.0608231607392	-74.39009808653061
206.00187302555486	-74.39221741078485
208.9429228903705	-74.39072907636748
211.88397275518616	-74.3896964730485
214.82502262000182	-74.38674123917622
217.76607248481747	-74.38514101240894
220.70712234963312	-74.3866389625567
223.64817221444878	-74.38489710955011
226.58922207926443	-74.38409188079267
229.53027194408008	-74.38595551977252
232.47132180889574	-74.38369772906924
235.4123716737114	-74.38383872524102
238.35342153852704	-74.38636520123502
241.2944714033427	-74.38333445144406
244.23552126815835	-74.38430791986501
247.176571132974	-74.38699060446608
250.11762099778966	-74.38292422215088
253.0586708626053	-74.38516379979653
255.99972072742096	-74.38768262659082
258.9407705922366	-74.38867508528485
261.88182045705224	-74.38826354149197
264.82287032186787	-74.38257326235637
267.7639201866835	-74.37949738239776
270.7049700514991	-74.38074659817774
273.64601991631474	-74.38111255516274
276.58706978113037	-74.38315871802455
279.528119645946	-74.38490053594869
282.4691695107616	-74.38317848412393
285.41021937557724	-74.38470989754231
288.35126924039287	-74.38611758264032
291.2923191052085	-74.38402995034448
294.2333689700241	-74.38637040791893
297.17441883483974	-74.38702000878075
300.11546869965537	-74.38418910208976
303.056518564471	-74.38753696498954
305.9975684292866	-74.38728349958976
308.93861829410224	-74.38411401168818
311.87966815891787	-74.38875178082223
314.8207180237335	-74.38703437740567
317.7617678885491	-74.38475622261157
320.70281775336474	-74.38839123355159
323.64386761818037	-74.39088016697404
326.584917482996	-74.39275650332785
329.5259673478116	-74.392266956324
332.46701721262724	-74.38802547320525
335.40806707744287	-74.38776098673246
338.3491169422585	-74.38812969760157
341.2901668070741	-74.38549230462556
344.23121667188974	-74.38708361918968
347.17226653670537	-74.38718944999916
350.113316401521	-74.38425758605143
353.0543662663366	-74.38712501386274
355.99541613115224	-74.38683733534637
358.93646599596786	-74.3839210619728
361.8775158607835	-74.38802035047611
364.8185657255991	-74.39101841663913
367.75961559041474	-74.3926313594859
370.70066545523036	-74.39314440187195
373.641715320046	-74.3894729756317
376.5827651848616	-74.38725448053091
379.52381504967724	-74.38734345312412
382.46486491449286	-74.38690253821828
385.4059147793085	-74.38758942202585
388.3469646441241	-74.3878472772638
391.28801450893974	-74.38636631682634
394.22906437375536	-74.38692304096557
397.170114238571	-74.38742792814014
400.1111641033866	-74.38616730953312
403.05221396820224	-74.38503234345241
405.99326383301786	-74.38345995514463
408.9343136978335	-74.38355891014362
411.8753635626491	-74.38544890973989
414.81641342746474	-74.38558961189135
417.75746329228036	-74.38593730165691
420.698513157096	-74.38697444160856
423.6395630219116	-74.38621922655152
426.58061288672724	-74.3866936358551
429.52166275154286	-74.38770696486628
432.4627126163585	-74.38661783325205
435.4037624811741	-74.38598365888059
438.34481234598974	-74.38589272983391
441.28586221080536	-74.3863216098497
444.226912075621	-74.38748047997696
447.1679619404366	-74.38744658433302
450.10901180525224	-74.38700904212982
453.05006167006786	-74.38731933975764
455.9911115348835	-74.38711057746993
458.9321613996991	-74.38709593247846
461.87321126451474	-74.38667649663125
464.81426112933036	-74.38554528283586
467.755310994146	-74.38559203657772
470.6963608589616	-74.3861525223543
473.63741072377724	-74.38628371947864
476.57846058859286	-74.3869616856689
479.5195104534085	-74.38705803408945
482.4605603182241	-74.38678763849472
485.40161018303974	-74.38738770344817
488.34266004785536	-74.38729283061657
491.283709912671	-74.38717384335088
494.2247597774866	-74.38721257760635
497.16580964230224	-74.38694465921851
500.10685950711786	-74.38764825580797
503.0479093719335	-74.38826565754574
505.9889592367491	-74.38784325756856
508.93000910156474	-74.38775466864517
511.87105896638036	-74.38786571846435
514.812108831196	-74.38830446688095
517.7531586960117	-74.38885333410995
520.6942085608274	-74.38829121246678
523.6352584256431	-74.38787261869362
526.5763082904588	-74.3878838712536
529.5173581552745	-74.3873140317134
530.9999999999882	-74.38723463986874
531.0000000000059	-74.38723463986874
531.0009591175461	-74.43721894913779
531.0019182350864	-74.48466710311722
531.0034101217067	-74.55511895705884
531.0056656385729	-74.6547172290879
531.0099027810127	-74.82582882145789
531.0141399234525	-74.98152323313737
531.0183770658923	-75.12664769987416
531.0226142083321	-75.2639848456575
531.0292820811205	-75.46854450937518
531.0359499539089	-75.66124064692418
531.0426178266973	-75.84439823745547
531.0538260601998	-76.13587116471798
531.0650342937022	-76.40987708643574
531.0829155164424	-76.81851224853492
531.1007967391827	-77.19907051861871
531.1299885910614	-77.77404505849923
531.1591804429402	-78.30560141855338
531.1883722948189	-78.803401959257
531.2175641466977	-79.2732024989736
531.2467559985764	-79.7191560987591
531.2923189594578	-80.37481596969234
531.3378819203392	-80.98980072463854
531.3834448812206	-81.57114323000877
531.4535094376009	-82.41007601747452
531.5235739939812	-83.19329827362586
531.5936385503616	-83.92963057473447
531.7273378098337	-85.22783073917327
531.8610370693058	-86.4100723242575
531.9947363287779	-87.496142247227
532.12843558825	-88.50243683110041
532.2621348477221	-89.44247882037028
532.3958341071942	-90.32604739918466
532.5295333666663	-91.16007287522264
532.7787056219861	-92.6017767414956
533.0278778773059	-93.91942883317333
533.2770501326256	-95.1328464533929
533.5262223879454	-96.25787368597001
533.7753946432651	-97.30699807498982
534.0245668985849	-98.28958554337304
534.4413716148397	-99.8040252425009
534.8581763310945	-101.17807547637778
535.2749810473492	-102.43041118205664
535.691785763604	-103.57598617421917
536.1085904798588	-104.62690807316397
536.7360006668601	-106.05115638801105
537.3634108538615	-107.30765260632614
537.9908210408629	-108.41535000876112
538.6182312278643	-109.38959088670543
539.2456414148656	-110.2432903033981
539.873051601867	-110.98740177363788
540.9445115715884	-112.03128103253027
542.0159715413097	-112.82222723040614
543.087431511031	-113.39329887419407
544.1588914807523	-113.77374796545224
545.2303514504737	-113.99013385689886
546.301811420195	-114.06616303152292
548.1233502993057	-113.9318261636622
549.9448891784164	-113.54136751654092
551.766428057527	-112.9671944802146
553.5879669366377	-112.26937332446624
555.4095058157484	-111.49588038628173
557.2310446948591	-110.68344106585414
559.0525835739697	-109.85987314840045
560.8741224530804	-109.04600417259284
563.691863268835	-107.84044336052314
566.5096040845897	-106.73018819925957
569.3273449003443	-105.73255156598088
572.145085716099	-104.85340283610654
574.9628265318536	-104.09136797140168
577.7805673476082	-103.43987798978735
580.5983081633628	-102.88943428917165
585.5230140880434	-102.13662796443126
590.447720012724	-101.59996616987856
595.3724259374045	-101.22829190135197
600.297131862085	-100.98008948908499
605.2218377867656	-100.81874508108714
610.1465437114462	-100.71611022741274
615.0712496361267	-100.65314403143849
619.9959555608073	-100.61713017239293
624.9206614854878	-100.59819987765206
629.8453674101684	-100.59010304606937
634.7700733348489	-100.5885744541136
638.3351919948843	-100.58898624561105
641.9003106549197	-100.58956767455598
645.4654293149551	-100.59081761020252
649.0305479749906	-100.59297567137833
652.595666635026	-100.59549312531578
656.1607852950614	-100.59767697082282
659.7259039550968	-100.59915986163567
663.2910226151322	-100.60016844285998
666.8561412751676	-100.6012259734157
670.421259935203	-100.60239867008109
673.9863785952384	-100.60327794373545
677.5514972552738	-100.60373777080127
681.1166159153092	-100.60415769221042
683.4779382967207	-100.60455538051124
685.188415355141	-100.60469979099335
686.8988924135614	-100.60466129918818
688.6093694719817	-100.60461403955269
690.3198465304021	-100.60476474151943
692.0303235888224	-100.60509988522739
693.7408006472427	-100.6054184913989
695.4512777056631	-100.60560882910625
697.1617547640834	-100.60577733272102
698.8722318225037	-100.60606154802787
700.5827088809241	-100.60642583055369
702.2931859393444	-100.6067335791978
704.0036629977648	-100.60695122404798
705.7141400561851	-100.60717298805069
707.4246171146054	-100.60746356987347
709.1350941730258	-100.60777258493815
710.8455712314461	-100.6080281493121
712.5560482898665	-100.60824285250817
714.2665253482868	-100.60847715391158
715.9770024067071	-100.60874331023722
717.6874794651275	-100.60900106860865
719.3979565235478	-100.60922622607279
721.1084335819681	-100.60944221975474
722.8189106403885	-100.60968073806458
724.5293876988088	-100.609942075171
726.2398647572292	-100.61020152377088
727.9503418156495	-100.61043928728377
729.6608188740698	-100.6106551565469
731.3712959324902	-100.61086311146751
733.0817729909105	-100.61107537960103
734.7922500493308	-100.61128895318912
736.5027271077512	-100.61149211495554
738.2132041661715	-100.61168296064194
739.9236812245919	-100.61187207137239
741.6341582830122	-100.6120674448341
743.3446353414325	-100.61226426934695
745.0551123998529	-100.61245318860628
746.7655894582732	-100.61263491020077
748.4760665166935	-100.61281788081621
750.1865435751139	-100.61300415131802
751.8970206335342	-100.6131879619233
753.6074976919546	-100.61336529536784
755.3179747503749	-100.61353978279772
757.0284518087952	-100.61372085977543
758.7389288672156	-100.61391416437625
760.4494059256359	-100.61411135959487
762.1598829840563	-100.61429530449308
763.8703600424766	-100.6144581788215
765.5808371008969	-100.61461013765638
767.2913141593173	-100.61476515650745
769.0017912177376	-100.6149223160964
770.7122682761579	-100.61507039932629
772.4227453345783	-100.61520677460351
774.1332223929986	-100.61534037636301
775.843699451419	-100.61547808011139
777.5541765098393	-100.61561610179334
779.2646535682596	-100.61574713278902
780.97513062668	-100.61587180923411
782.6856076851003	-100.61599637815767
784.3960847435206	-100.61612235351822
786.106561801941	-100.61624593819539
787.8170388603613	-100.61636441989509
789.5275159187817	-100.61648090803091
791.237992977202	-100.61660347001249
792.9484700356223	-100.61673580630075
794.6589470940427	-100.61686861867403
796.369424152463	-100.61698725230407
798.0799012108833	-100.61708838083902
799.7903782693037	-100.61718320962375
801.500855327724	-100.6172817757117
803.2113323861444	-100.61738033873219
804.9218094445647	-100.61747015368402
806.632286502985	-100.61755178470584
808.3427635614054	-100.61763310694731
810.0532406198257	-100.61771772318794
811.763717678246	-100.61780135793147
813.4741947366664	-100.61787951421529
815.1846717950867	-100.61795415017646
816.8951488535071	-100.61802941116572
818.6056259119274	-100.61810531701867
820.3161029703477	-100.61817924336914
822.0265800287681	-100.61824994107265
823.7370570871884	-100.61831884800387
825.4475341456088	-100.61838734237031
828.1873575719275	-100.61848954163311
830.9271809982462	-100.61857025730673
833.6670044245649	-100.61862215064953
836.4068278508836	-100.6186542542571
839.1466512772023	-100.61869266513484
841.886474703521	-100.6187622131505
844.6262981298397	-100.61886675856594
847.3661215561584	-100.61899262194171
850.1059449824771	-100.61912077526331
852.8457684087958	-100.61923645238107
855.5855918351145	-100.61933727147164
858.3254152614332	-100.61942846366732
861.065238687752	-100.61951278345038
866.3687518787946	-100.61965097471622
871.6722650698372	-100.61974751769344
876.9757782608798	-100.61978820240894
882.2792914519224	-100.61981840513698
890.867137788916	-100.61991798297832
899.4549841259096	-100.62008197023712
908.0428304629032	-100.62022207288827
921.0067894253252	-100.6203854292621
930.9999999999793	-100.62047274807396
931.0000000000103	-100.62047274807396
931.0009591005345	-100.570496235368
931.0019182010586	-100.52306187125184
931.0034100074954	-100.45264268711851
931.0056656132961	-100.35310522075079
931.0099019593798	-100.18220657616148
931.0141383054636	-100.026788970178
931.0183746515473	-99.88199742202634
931.0226109976311	-99.74504302635324
931.0292768037118	-99.54119751294205
931.0359426097925	-99.34931055999978
931.0426084158732	-99.16704772709159
931.0538123863637	-98.87726674860227
931.0650163568541	-98.6051433276153
931.082887918739	-98.19991917927292
931.1007594806238	-97.82313631155591
931.129936020361	-97.25497717099796
931.1591125600983	-96.73091854242007
931.1882890998355	-96.24118506011358
931.2174656395728	-95.77993855563838
931.24664217931	-95.34296438166263
931.2921774447307	-94.70211311695996
931.3377127101513	-94.1027016022038
931.383247975572	-93.53758215030926
931.4532746216743	-92.72462561969147
931.5233012677766	-91.96849546697709
931.5933279138789	-91.2602035953033
931.7268162603539	-90.01893243375572
931.8603046068289	-88.8958147283337
931.9937929533039	-87.87072962113837
932.1272812997789	-86.927004153655
932.260769646254	-86.05087706856946
932.394257992729	-85.23237058374718
932.527746339204	-84.46438854613386
932.7766998106664	-83.14701702543013
933.0256532821288	-81.9559657832406
933.2746067535912	-80.87072123598294
933.5235602250536	-79.87479283410974
933.7725136965161	-78.95518549149486
934.0214671679785	-78.1020747187177
934.4357938063383	-76.80922160042066
934.8501204446982	-75.65256509314735
935.264447083058	-74.61237994734624
935.6787737214179	-73.6727777880999
936.0931003597777	-72.82081533486534
936.5074269981376	-72.04610242560746
937.2156759903718	-70.87710905194113
937.923924982606	-69.87688151543826
938.6321739748402	-69.02089260712931
939.73957516749	-67.92391637762307
940.8469763601398	-67.07013539334201
941.9543775527897	-66.41617348400213
943.0617787454395	-65.9280993505754
944.1691799380893	-65.57568707184029
945.2765811307391	-65.3340196352876
946.383982323389	-65.18606285155388
947.4913835160388	-65.1175905352761
948.5987847086886	-65.11457463103443
949.7061859013385	-65.16565130448488
950.8135870939883	-65.26096047188926
951.9209882866381	-65.39253760835669
953.028389479288	-65.55547098132529
954.1357906719378	-65.74272436044889
955.2431918645876	-65.94787716927173
956.3505930572375	-66.1694388464952
957.4579942498873	-66.40376014329165
958.5653954425371	-66.64608993446444
959.672796635187	-66.89413832551865
960.7801978278368	-67.14498519313523
961.8875990204866	-67.3979784008091
962.9950002131364	-67.65398954867061
964.1024014057863	-67.90967573958915
965.2098025984361	-68.16297111027573
966.317203791086	-68.41468468466483
967.4246049837358	-68.66211959496714
968.5320061763856	-68.90599169150873
969.6394073690354	-69.14648299792515
970.7468085616853	-69.38047441058559
971.8542097543351	-69.60988560051186
972.9616109469849	-69.83559091989339
974.0690121396348	-70.05367401062834
975.1764133322846	-70.26639461963663
976.2838145249344	-70.4735559307907
977.3912157175843	-70.67217534547422
978.4986169102341	-70.86673961646844
979.6060181028839	-71.05507954999992
980.7134192955338	-71.23418612332493
981.8208204881836	-71.40957606299722
982.9282216808334	-71.57764913036549
984.0356228734832	-71.73805078601022
985.1430240661331	-71.89463177469415
986.2504252587829	-72.0431301944858
987.3578264514327	-72.18387269372231
988.4652276440826	-72.32039253391451
989.5726288367324	-72.4505932504108
990.6800300293822	-72.57411934061531
991.7874312220321	-72.69248584755462
992.8948324146819	-72.80424480016376
994.0022336073317	-72.91101046565115
995.1096347999816	-73.01318749542504
996.2170359926314	-73.10848827906956
997.3244371852812	-73.19926186180368
998.4318383779311	-73.28574041452187
999.5392395705809	-73.36620074810706
1000.6466407632307	-73.4429356900895
1001.7540419558806	-73.5151421649693
1002.8614431485304	-73.5820256275486
1003.9688443411802	-73.64600908958674
1005.07624553383	-73.70556485777841
1006.1836467264799	-73.76066384605568
1007.2910479191297	-73.81224360286197
1008.3984491117795	-73.85994261102496
1009.5058503044294	-73.90533495855475
1010.6132514970792	-73.94860219533503
1011.720652689729	-73.98776264466557
1012.8280538823789	-74.02383696256095
1013.9354550750287	-74.05750894942702
1015.0428562676785	-74.08833119548997
1016.1502574603284	-74.11727943132394
1017.2576586529782	-74.1437445905521
1018.365059845628	-74.1675400927406
1019.4724610382779	-74.18999045641362
1020.5798622309277	-74.21039846014232
1021.6872634235775	-74.22878060631344
1022.7946646162274	-74.24596057243942
1023.9020658088772	-74.26122556755008
1025.009467001527	-74.27511588829906
1026.1168681941767	-74.28804409256584
1027.2242693868266	-74.29927537551274
1028.9396201140971	-74.31528581137849
1030.6549708413677	-74.33025022909996
1032.3703215686382	-74.3420349629114
1034.0856722959088	-74.35006133415098
1035.8010230231794	-74.35669528118156
1037.51637375045	-74.36245789748766
1039.2317244777205	-74.36704857303205
1042.3215156601623	-74.37424442340932
1045.411306842604	-74.37861023887478
1050.27749118096	-74.38038849295978
1055.1436755193158	-74.37951432962252
1060.0098598576717	-74.37745951112038
1064.8760441960276	-74.37574836885001
1072.2933164466997	-74.37413303413334
1079.7105886973718	-74.37290302608025
1094.324275051253	-74.3739971437031
1108.937961405134	-74.37798021902775
1123.5516477590152	-74.37943062985865
1130.999999999975	-74.38067463399375
1131.0000000000127	-74.38067463399375
