t	v
0.0	-80.0
0.0031441713384118978	-79.98734664663822
0.0062883426768237955	-79.97569808435863
0.01301638029087053	-79.9532264476147
0.019744417904917266	-79.93229929581793
0.032891772124117154	-79.89486579628267
0.04603912634331704	-79.85978358354275
0.06977791040306766	-79.80008766683332
0.09351669446281828	-79.74412310729683
0.14859746743560903	-79.6242744459402
0.2036782404083998	-79.51487873905519
0.25875901338119056	-79.41248483877015
0.31383978635398135	-79.31507185583031
0.36892055932677215	-79.22144068167776
0.4633703109117575	-79.06765407869008
0.5578200624967429	-78.92071313025149
0.7515522439979061	-78.63573869224044
0.9452844254990693	-78.36717915603148
1.1390166070002326	-78.11147101545716
1.3327487885013958	-77.86693814489377
1.526480970002559	-77.63234046204242
1.8965464726406103	-77.20829734549025
2.2666119752786615	-76.81120046944508
2.636677477916713	-76.43721701210029
3.0067429805547645	-76.08391796502924
3.624005172178424	-75.53644267246968
4.241267363802083	-75.03571016729566
4.858529555425743	-74.57688222337609
5.827036384713114	-73.93308853421397
6.795543214000486	-73.3726628157097
7.764050043287858	-72.8865479052295
9.614290257413694	-72.13752257008227
11.46453047153953	-71.58855338923877
13.314770685665367	-71.2046026708708
15.165010899791204	-70.95357639603965
17.01525111391704	-70.81022207972704
18.865491328042875	-70.75248035662875
20.71573154216871	-70.76110950545306
23.656781406984365	-70.87880476018974
26.59783127180002	-71.0862366774608
29.53888113661567	-71.34491858580661
32.479931001431325	-71.62846556071719
35.42098086624698	-71.92299790813694
38.36203073106263	-72.21411043372
41.303080595878285	-72.4943842827595
44.24413046069394	-72.76041584525333
47.18518032550959	-73.00227824604205
50.126230190325245	-73.22186546993304
53.0672800551409	-73.42130627107234
56.00832991995655	-73.59263547295154
58.949379784772205	-73.74240142308089
61.89042964958786	-73.87307528594899
64.83147951440351	-73.98270146039725
67.77252937921916	-74.07688038553633
70.71357924403482	-74.1545232397904
73.65462910885047	-74.21520256866266
76.59567897366612	-74.26730835541765
79.53672883848178	-74.30750381591172
82.47777870329743	-74.33805323408775
85.41882856811308	-74.36371386928924
88.35987843292874	-74.37973137581278
91.30092829774439	-74.38982472790092
94.24197816256005	-74.39965304222702
97.1830280273757	-74.40301646991983
100.12407789219135	-74.4049866475653
103.065127757007	-74.40847888006562
106.00617762182266	-74.40527292484097
108.94722748663831	-74.40214983244132
111.88827735145397	-74.40084810428951
114.82932721626962	-74.39797945127023
117.77037708108527	-74.39698004654555
120.71142694590093	-74.39537139454842
123.65247681071658	-74.3911664783366
126.59352667553223	-74.39044101555
129.53457654034787	-74.389129714999
132.47562640516352	-74.38557550171687
135.41667626997918	-74.3861868175758
138.35772613479483	-74.38480852421347
141.29877599961048	-74.38352086852876
144.23982586442614	-74.38573852191377
147.1808757292418	-74.38434941106448
150.12192559405744	-74.38179097963602
153.0629754588731	-74.38283747132469
156.00402532368875	-74.3805127563645
158.9450751885044	-74.37896359687605
161.88612505332006	-74.38030298624138
164.8271749181357	-74.37970373239061
167.76822478295136	-74.37977892902948
170.70927464776702	-74.3811381898581
173.65032451258267	-74.37948567735394
176.59137437739832	-74.38003639810967
179.53242424221398	-74.38207559169466
182.47347410702963	-74.38016234985399
185.41452397184528	-74.3813348341676
188.35557383666094	-74.38323924048565
191.2966237014766	-74.38054472186181
194.23767356629224	-74.3826599566688
197.1787234311079	-74.38434046774127
200.11977329592355	-74.38500753701766
203.0608231607392	-74.39009808653061
206.00187302555486	-74.39221741078485
208.9429228903705	-74.39072907636748
211.88397275518616	-74.3896964730485
214.82502262000182	-74.38674123917622
217.76607248481747	-74.38514101240894
220.70712234963312	-74.3866389625567
223.64817221444878	-74.38489710955011
226.58922207926443	-74.38409188079267
229.53027194408008	-74.38595551977252
232.47132180889574	-74.38369772906924
235.4123716737114	-74.38383872524102
238.35342153852704	-74.38636520123502
241.2944714033427	-74.38333445144406
244.23552126815835	-74.38430791986501
247.176571132974	-74.38699060446608
250.11762099778966	-74.38292422215088
253.0586708626053	-74.38516379979653
255.99972072742096	-74.38768262659082
258.9407705922366	-74.38867508528485
261.88182045705224	-74.38826354149197
264.82287032186787	-74.38257326235637
267.7639201866835	-74.37949738239776
270.7049700514991	-74.38074659817774
273.64601991631474	-74.38111255516274
276.58706978113037	-74.38315871802455
279.528119645946	-74.38490053594869
282.4691695107616	-74.38317848412393
285.41021937557724	-74.38470989754231
288.35126924039287	-74.38611758264032
291.2923191052085	-74.38402995034448
294.2333689700241	-74.38637040791893
297.17441883483974	-74.38702000878075
300.11546869965537	-74.38418910208976
303.056518564471	-74.38753696498954
305.9975684292866	-74.38728349958976
308.93861829410224	-74.38411401168818
311.87966815891787	-74.38875178082223
314.8207180237335	-74.38703437740567
317.7617678885491	-74.38475622261157
320.70281775336474	-74.38839123355159
323.64386761818037	-74.39088016697404
326.584917482996	-74.39275650332785
329.5259673478116	-74.392266956324
332.46701721262724	-74.38802547320525
335.40806707744287	-74.38776098673246
338.3491169422585	-74.38812969760157
341.2901668070741	-74.38549230462556
344.23121667188974	-74.38708361918968
347.17226653670537	-74.38718944999916
350.113316401521	-74.38425758605143
353.0543662663366	-74.38712501386274
355.99541613115224	-74.38683733534637
358.93646599596786	-74.3839210619728
361.8775158607835	-74.38802035047611
364.8185657255991	-74.39101841663913
367.75961559041474	-74.3926313594859
370.70066545523036	-74.39314440187195
373.641715320046	-74.3894729756317
376.5827651848616	-74.38725448053091
379.52381504967724	-74.38734345312412
382.46486491449286	-74.38690253821828
385.4059147793085	-74.38758942202585
388.3469646441241	-74.3878472772638
391.28801450893974	-74.38636631682634
394.22906437375536	-74.38692304096557
397.170114238571	-74.38742792814014
400.1111641033866	-74.38616730953312
403.05221396820224	-74.38503234345241
405.99326383301786	-74.38345995514463
408.9343136978335	-74.38355891014362
411.8753635626491	-74.38544890973989
414.81641342746474	-74.38558961189135
417.75746329228036	-74.38593730165691
420.698513157096	-74.38697444160856
423.6395630219116	-74.38621922655152
426.58061288672724	-74.3866936358551
429.52166275154286	-74.38770696486628
432.4627126163585	-74.38661783325205
435.4037624811741	-74.38598365888059
438.34481234598974	-74.38589272983391
441.28586221080536	-74.3863216098497
444.226912075621	-74.38748047997696
447.1679619404366	-74.38744658433302
450.10901180525224	-74.38700904212982
453.05006167006786	-74.38731933975764
455.9911115348835	-74.38711057746993
458.9321613996991	-74.38709593247846
461.87321126451474	-74.38667649663125
464.81426112933036	-74.38554528283586
467.755310994146	-74.38559203657772
470.6963608589616	-74.3861525223543
473.63741072377724	-74.38628371947864
476.57846058859286	-74.3869616856689
479.5195104534085	-74.38705803408945
482.4605603182241	-74.38678763849472
485.40161018303974	-74.38738770344817
488.34266004785536	-74.38729283061657
491.283709912671	-74.38717384335088
494.2247597774866	-74.38721257760635
497.16580964230224	-74.38694465921851
500.10685950711786	-74.38764825580797
503.0479093719335	-74.38826565754574
505.9889592367491	-74.38784325756856
508.93000910156474	-74.38775466864517
511.87105896638036	-74.38786571846435
514.812108831196	-74.38830446688095
517.7531586960117	-74.38885333410995
520.6942085608274	-74.38829121246678
523.6352584256431	-74.38787261869362
526.5763082904588	-74.3878838712536
529.5173581552745	-74.3873140317134
530.9999999999882	-74.38723463986874
531.0000000000059	-74.38723463986874
531.0008306200432	-74.4453533621467
531.0016612400805	-74.50081058750195
531.0029609867391	-74.58396310277101
531.0042607333978	-74.66302117459867
531.0074992759265	-74.84624590938006
531.0107378184553	-75.01420107112426
531.013976360984	-75.17135976119744
531.0172149035127	-75.32049038741928
531.0223156091562	-75.5434306440373
531.0274163147997	-75.75410215090713
531.0325170204432	-75.95486619466503
531.0410823716868	-76.27415485331186
531.0496477229304	-76.57516678660019
531.0656886007869	-77.10084831650201
531.0817294786433	-77.58918611082525
531.0977703564997	-78.04872079731147
531.1138112343561	-78.48423731285357
531.1298521122126	-78.89914454540147
531.1564374728615	-79.54828960478065
531.1830228335104	-80.15796725478111
531.2096081941594	-80.73533349070479
531.2508023267636	-81.5770325407019
531.2919964593679	-82.36570926308444
531.3331905919721	-83.11043909791043
531.4083430284298	-84.37712156571304
531.4834954648876	-85.54616151319655
531.5586479013454	-86.63404944374567
531.6338003378031	-87.65396002366622
531.7089527742609	-88.61660135409586
531.7841052107186	-89.52972713504664
531.9085019790069	-90.94717750200738
532.0328987472952	-92.26334477348124
532.1572955155835	-93.4927193338773
532.2816922838718	-94.64751698486627
532.4060890521602	-95.73770334063404
532.603216166662	-97.35150896442391
532.8003432811639	-98.84579366214894
532.9974703956658	-100.23792689331782
533.1945975101677	-101.54153311103096
533.3917246246696	-102.76757756107042
533.7015094361117	-104.55838489162802
534.0112942475538	-106.20514562085744
534.3210790589959	-107.72673475791393
534.630863870438	-109.13792556045522
534.9406486818801	-110.4507618072311
535.4268431079093	-112.33597859682659
535.9130375339386	-114.03202084229012
536.3992319599678	-115.56060434873898
537.1637632560582	-117.66732370086034
537.9282945521487	-119.45609480652503
538.6928258482392	-120.96617436761277
539.4573571443296	-122.22979414191171
540.2218884404201	-123.27519496101438
540.9864197365106	-124.12658972218105
542.1631696114029	-125.10484260021363
543.3399194862951	-125.73713287252748
544.5166693611874	-126.08107183393072
545.6934192360796	-126.18818172823069
546.8701691109719	-126.10349178942943
548.0469189858642	-125.86578182903428
549.2236688607564	-125.50804503259077
551.0407262984951	-124.78312887789076
552.8577837362337	-123.92008397667868
554.6748411739724	-122.98180215964501
556.491898611711	-122.01493013398981
559.2177372838638	-120.57912688160619
561.9435759560166	-119.22350416797522
564.6694146281694	-117.98465347603356
567.3952533003222	-116.87469499974664
570.121091972475	-115.89668332168932
572.8469306446278	-115.04906258475665
575.5727693167806	-114.32454982681234
578.2986079889334	-113.71102934017071
581.0244466610862	-113.19458644940406
583.750285333239	-112.76238814584848
586.4761240053919	-112.40355171028891
589.2019626775447	-112.10818770075716
593.334525879614	-111.76023371648968
597.4670890816834	-111.50725921894815
601.5996522837528	-111.32572954864725
605.7322154858222	-111.19749760617691
609.8647786878915	-111.1089798782174
613.9973418899609	-111.04982786874602
618.1299050920303	-111.0119614022215
622.2624682940997	-110.98906100846229
626.395031496169	-110.9766530756024
630.5275946982384	-110.97142842676263
634.6601579003078	-110.97096571038266
638.7927211023772	-110.97358888072475
642.9252843044466	-110.97813361550563
649.1744434066852	-110.98696357474168
655.4236025089239	-110.99649783525307
661.6727616111625	-111.00587383561341
671.1555995631442	-111.01892028766383
680.6384375151258	-111.0305166107168
690.1212754671075	-111.0400111311257
699.6041134190891	-111.04823981560114
709.0869513710708	-111.05559855941144
718.5697893230524	-111.06184324515341
728.0526272750341	-111.06719999314977
737.5354652270157	-111.07197623392673
747.0183031789974	-111.07609187441813
756.501141130979	-111.07956227707447
765.9839790829607	-111.08264167292927
775.4668170349423	-111.08534295539054
784.949654986924	-111.08753999732822
794.4324929389056	-111.0894536603209
803.9153308908873	-111.0912222349371
813.3981688428689	-111.09258827361
822.8810067948506	-111.09368432930742
832.3638447468322	-111.09467534729266
841.8466826988139	-111.09552892198118
851.3295206507955	-111.096327619656
860.8123586027772	-111.09710499624754
870.2951965547588	-111.09773152149413
879.7780345067405	-111.09823565751778
889.2608724587221	-111.09870938512091
898.7437104107038	-111.09900096900884
908.2265483626854	-111.09921005282858
917.7093863146671	-111.09948769600163
927.1922242666487	-111.09971182158783
930.9999999999793	-111.0997701584607
931.0000000000103	-111.0997701584607
931.0008306039618	-111.04166026298174
931.0016612079133	-110.98621865285591
931.0029608813002	-110.90310368875062
931.004260554687	-110.82409543214482
931.00749857606	-110.64106408831063
931.010736597433	-110.47336450135043
931.0139746188061	-110.31651648297985
931.0172126401791	-110.16774580976897
931.022312005896	-109.94548198656025
931.0274113716129	-109.73558260635573
931.0325107373297	-109.53567728092237
931.0410726390527	-109.21804877352122
931.0496345407756	-108.91889089467755
931.0656664225891	-108.3972174245809
931.0816983044025	-107.9133919705821
931.0977301862159	-107.45880598838512
931.1137620680294	-107.02862305316637
931.1297939498428	-106.6193938003441
931.156357529357	-105.98049386582007
931.1829211088713	-105.38177631907422
931.2094846883855	-104.81599107899713
931.2506497423085	-103.99320999073696
931.2918147962315	-103.22456871293022
931.3329798501545	-102.50082698633707
931.4080215004125	-101.27538678500923
931.4830631506704	-100.14965525340784
931.5581048009284	-99.10678950918306
931.6331464511863	-98.13334985377101
931.7081881014443	-97.21841487828452
931.7832297517023	-96.35406368689779
931.9073157757573	-95.02066431039584
932.0314017998123	-93.7904621961776
932.1554878238674	-92.64864725347026
932.2795738479224	-91.58273017352253
932.4036598719774	-90.58250635530258
932.6004964962032	-89.11152903157952
932.7973331204289	-87.7617912565627
932.9941697446546	-86.51529042137498
933.1910063688804	-85.35786331168751
933.3878429931061	-84.27806784362984
933.696042650172	-82.72164959546335
934.0042423072379	-81.30604907405316
934.3124419643037	-80.01142850952439
934.6206416213696	-78.82217885823151
934.9288412784355	-77.72550860765799
935.4117393779125	-76.1687742250144
935.8946374773894	-74.78263513084742
936.3775355768664	-73.54376366794125
937.163789261784	-71.79384107463477
937.9500429467016	-70.32265648058956
938.7362966316192	-69.08474465004173
939.5225503165368	-68.04531870828957
940.3088040014544	-67.17458775792579
941.095057686372	-66.44670532821611
941.8813113712896	-65.84268796537626
942.6675650562072	-65.3475518514494
943.4538187411248	-64.94700295466572
944.2400724260424	-64.62843395388039
945.450297765047	-64.27477779393256
946.6605231040517	-64.05967852207407
947.8707484430563	-63.958229647618104
949.0809737820609	-63.949552244200895
950.2911991210656	-64.01545495590919
951.5014244600702	-64.14136337827898
952.7116497990748	-64.31568757156631
953.9218751380795	-64.52826598044715
955.8555763766651	-64.92658105414763
957.7892776152507	-65.37417199943798
959.7229788538364	-65.85073499126652
961.656680092422	-66.34241241369126
963.5903813310076	-66.83981362595179
965.5240825695932	-67.3341119957559
967.4577838081789	-67.81995872512739
969.3914850467645	-68.29393264864241
971.3251862853501	-68.75126508769179
973.2588875239358	-69.19137143507234
975.1925887625214	-69.61335925321322
977.126290001107	-70.01360963079601
979.0599912396926	-70.39397935978609
980.9936924782783	-70.75384106594441
982.9273937168639	-71.09034949489109
984.8610949554495	-71.40728689496167
986.7947961940351	-71.70332562362978
988.7284974326208	-71.97659029824965
990.6621986712064	-72.23194121813782
992.595899909792	-72.46705486281415
994.5296011483777	-72.68241157405211
996.4633023869633	-72.88093072301199
998.3970036255489	-73.06067694108546
1000.3307048641345	-73.22334834018186
1002.2644061027202	-73.3721958037827
1004.1981073413058	-73.50538340131631
1006.1318085798914	-73.62485282990666
1008.065509818477	-73.7325866113512
1009.9992110570627	-73.82709461070993
1011.9329122956483	-73.91111987995676
1013.8666135342339	-73.98585741230875
1016.9225708666903	-74.08488919230302
1019.9785281991467	-74.16315181667883
1023.0344855316031	-74.2248506894029
1027.8859067672636	-74.29637035060496
1032.7373280029242	-74.34155093885524
1037.5887492385848	-74.36896103761173
1042.4401704742454	-74.3835228039255
1047.291591709906	-74.38929047975209
1052.1430129455666	-74.39089186950991
1060.7987327100307	-74.38616978412371
1069.4544524744947	-74.38106840194068
1078.1101722389587	-74.37738293346573
1086.7658920034228	-74.37532834759412
1095.4216117678868	-74.37747642996926
1104.0773315323509	-74.37924114051346
1112.733051296815	-74.37828796495847
1121.388771061279	-74.38236349825993
1130.044490825743	-74.38582679205489
1130.999999999975	-74.38557057321512
1131.0000000000127	-74.38557057321512
