t	v
0.0	-80.0
0.0031441713384118978	-79.98734664663822
0.0062883426768237955	-79.97569808435863
0.01301638029087053	-79.9532264476147
0.019744417904917266	-79.93229929581793
0.032891772124117154	-79.89486579628267
0.04603912634331704	-79.85978358354275
0.06977791040306766	-79.80008766683332
0.09351669446281828	-79.74412310729683
0.14859746743560903	-79.6242744459402
0.2036782404083998	-79.51487873905519
0.25875901338119056	-79.41248483877015
0.31383978635398135	-79.31507185583031
0.36892055932677215	-79.22144068167776
0.4633703109117575	-79.06765407869008
0.5578200624967429	-78.92071313025149
0.7515522439979061	-78.63573869224044
0.9452844254990693	-78.36717915603148
1.1390166070002326	-78.11147101545716
1.3327487885013958	-77.86693814489377
1.526480970002559	-77.63234046204242
1.8965464726406103	-77.20829734549025
2.2666119752786615	-76.81120046944508
2.636677477916713	-76.43721701210029
3.0067429805547645	-76.08391796502924
3.624005172178424	-75.53644267246968
4.241267363802083	-75.03571016729566
4.858529555425743	-74.57688222337609
5.827036384713114	-73.93308853421397
6.795543214000486	-73.3726628157097
7.764050043287858	-72.8865479052295
9.614290257413694	-72.13752257008227
11.46453047153953	-71.58855338923877
13.314770685665367	-71.2046026708708
15.165010899791204	-70.95357639603965
17.01525111391704	-70.81022207972704
18.865491328042875	-70.75248035662875
20.71573154216871	-70.76110950545306
23.656781406984365	-70.87880476018974
26.59783127180002	-71.0862366774608
29.53888113661567	-71.34491858580661
32.479931001431325	-71.62846556071719
35.42098086624698	-71.92299790813694
38.36203073106263	-72.21411043372
41.303080595878285	-72.4943842827595
44.24413046069394	-72.76041584525333
47.18518032550959	-73.00227824604205
50.126230190325245	-73.22186546993304
53.0672800551409	-73.42130627107234
56.00832991995655	-73.59263547295154
58.949379784772205	-73.74240142308089
61.89042964958786	-73.87307528594899
64.83147951440351	-73.98270146039725
67.77252937921916	-74.07688038553633
70.71357924403482	-74.1545232397904
73.65462910885047	-74.21520256866266
76.59567897366612	-74.26730835541765
79.53672883848178	-74.30750381591172
82.47777870329743	-74.33805323408775
85.41882856811308	-74.36371386928924
88.35987843292874	-74.37973137581278
91.30092829774439	-74.38982472790092
94.24197816256005	-74.39965304222702
97.1830280273757	-74.40301646991983
100.12407789219135	-74.4049866475653
103.065127757007	-74.40847888006562
106.00617762182266	-74.40527292484097
108.94722748663831	-74.40214983244132
111.88827735145397	-74.40084810428951
114.82932721626962	-74.39797945127023
117.77037708108527	-74.39698004654555
120.71142694590093	-74.39537139454842
123.65247681071658	-74.3911664783366
126.59352667553223	-74.39044101555
129.53457654034787	-74.389129714999
132.47562640516352	-74.38557550171687
135.41667626997918	-74.3861868175758
138.35772613479483	-74.38480852421347
141.29877599961048	-74.38352086852876
144.23982586442614	-74.38573852191377
147.1808757292418	-74.38434941106448
150.12192559405744	-74.38179097963602
153.0629754588731	-74.38283747132469
156.00402532368875	-74.3805127563645
158.9450751885044	-74.37896359687605
161.88612505332006	-74.38030298624138
164.8271749181357	-74.37970373239061
167.76822478295136	-74.37977892902948
170.70927464776702	-74.3811381898581
173.65032451258267	-74.37948567735394
176.59137437739832	-74.38003639810967
179.53242424221398	-74.38207559169466
182.47347410702963	-74.38016234985399
185.41452397184528	-74.3813348341676
188.35557383666094	-74.38323924048565
191.2966237014766	-74.38054472186181
194.23767356629224	-74.3826599566688
197.1787234311079	-74.38434046774127
200.11977329592355	-74.38500753701766
203.0608231607392	-74.39009808653061
206.00187302555486	-74.39221741078485
208.9429228903705	-74.39072907636748
211.88397275518616	-74.3896964730485
214.82502262000182	-74.38674123917622
217.76607248481747	-74.38514101240894
220.70712234963312	-74.3866389625567
223.64817221444878	-74.38489710955011
226.58922207926443	-74.38409188079267
229.53027194408008	-74.38595551977252
232.47132180889574	-74.38369772906924
235.4123716737114	-74.38383872524102
238.35342153852704	-74.38636520123502
241.2944714033427	-74.38333445144406
244.23552126815835	-74.38430791986501
247.176571132974	-74.38699060446608
250.11762099778966	-74.38292422215088
253.0586708626053	-74.38516379979653
255.99972072742096	-74.38768262659082
258.9407705922366	-74.38867508528485
261.88182045705224	-74.38826354149197
264.82287032186787	-74.38257326235637
267.7639201866835	-74.37949738239776
270.7049700514991	-74.38074659817774
273.64601991631474	-74.38111255516274
276.58706978113037	-74.38315871802455
279.528119645946	-74.38490053594869
282.4691695107616	-74.38317848412393
285.41021937557724	-74.38470989754231
288.35126924039287	-74.38611758264032
291.2923191052085	-74.38402995034448
294.2333689700241	-74.38637040791893
297.17441883483974	-74.38702000878075
300.11546869965537	-74.38418910208976
303.056518564471	-74.38753696498954
305.9975684292866	-74.38728349958976
308.93861829410224	-74.38411401168818
311.87966815891787	-74.38875178082223
314.8207180237335	-74.38703437740567
317.7617678885491	-74.38475622261157
320.70281775336474	-74.38839123355159
323.64386761818037	-74.39088016697404
326.584917482996	-74.39275650332785
329.5259673478116	-74.392266956324
332.46701721262724	-74.38802547320525
335.40806707744287	-74.38776098673246
338.3491169422585	-74.38812969760157
341.2901668070741	-74.38549230462556
344.23121667188974	-74.38708361918968
347.17226653670537	-74.38718944999916
350.113316401521	-74.38425758605143
353.0543662663366	-74.38712501386274
355.99541613115224	-74.38683733534637
358.93646599596786	-74.3839210619728
361.8775158607835	-74.38802035047611
364.8185657255991	-74.39101841663913
367.75961559041474	-74.3926313594859
370.70066545523036	-74.39314440187195
373.641715320046	-74.3894729756317
376.5827651848616	-74.38725448053091
379.52381504967724	-74.38734345312412
382.46486491449286	-74.38690253821828
385.4059147793085	-74.38758942202585
388.3469646441241	-74.3878472772638
391.28801450893974	-74.38636631682634
394.22906437375536	-74.38692304096557
397.170114238571	-74.38742792814014
400.1111641033866	-74.38616730953312
403.05221396820224	-74.38503234345241
405.99326383301786	-74.38345995514463
408.9343136978335	-74.38355891014362
411.8753635626491	-74.38544890973989
414.81641342746474	-74.38558961189135
417.75746329228036	-74.38593730165691
420.698513157096	-74.38697444160856
423.6395630219116	-74.38621922655152
426.58061288672724	-74.3866936358551
429.52166275154286	-74.38770696486628
432.4627126163585	-74.38661783325205
435.4037624811741	-74.38598365888059
438.34481234598974	-74.38589272983391
441.28586221080536	-74.3863216098497
444.226912075621	-74.38748047997696
447.1679619404366	-74.38744658433302
450.10901180525224	-74.38700904212982
453.05006167006786	-74.38731933975764
455.9911115348835	-74.38711057746993
458.9321613996991	-74.38709593247846
461.87321126451474	-74.38667649663125
464.81426112933036	-74.38554528283586
467.755310994146	-74.38559203657772
470.6963608589616	-74.3861525223543
473.63741072377724	-74.38628371947864
476.57846058859286	-74.3869616856689
479.5195104534085	-74.38705803408945
482.4605603182241	-74.38678763849472
485.40161018303974	-74.38738770344817
488.34266004785536	-74.38729283061657
491.283709912671	-74.38717384335088
494.2247597774866	-74.38721257760635
497.16580964230224	-74.38694465921851
500.10685950711786	-74.38764825580797
503.0479093719335	-74.38826565754574
505.9889592367491	-74.38784325756856
508.93000910156474	-74.38775466864517
511.87105896638036	-74.38786571846435
514.812108831196	-74.38830446688095
517.7531586960117	-74.38885333410995
520.6942085608274	-74.38829121246678
523.6352584256431	-74.38787261869362
526.5763082904588	-74.3878838712536
529.5173581552745	-74.3873140317134
530.9999999999882	-74.38723463986874
531.0000000000059	-74.38723463986874
531.0016612422015	-74.41513907619431
531.0033224843971	-74.44102416640187
531.0060082155132	-74.47931092387732
531.0086939466294	-74.51503302223618
531.0134799046156	-74.57470749191751
531.0209612785983	-74.6600879787286
531.0344854588948	-74.79815232069485
531.0480096391913	-74.92113739618001
531.0615338194877	-75.03399344354438
531.0750579997842	-75.13945027373269
531.096972917303	-75.29898507404454
531.1188878348217	-75.4467952275208
531.1408027523405	-75.5852800204706
531.1772701671275	-75.79943849020616
531.2137375819145	-75.9972553562607
531.2779902265906	-76.3156610672296
531.3422428712668	-76.60576357798607
531.4064955159429	-76.87449383473808
531.470748160619	-77.12563604026516
531.5350008052951	-77.36175766294363
531.6394458602389	-77.71834615585499
531.7438909151826	-78.04714224743262
531.8483359701264	-78.35307594777271
532.0119567573898	-78.79413307285311
532.1755775446533	-79.19684859779069
532.3391983319167	-79.56809924511487
532.6316733761939	-80.16899042458193
532.9241484204712	-80.70536255878451
533.2166234647484	-81.1897284670986
533.5090985090256	-81.63166090197274
533.8015735533029	-82.0385839515017
534.2423527621628	-82.597160268066
534.6831319710227	-83.10056466039065
535.1239111798826	-83.55707571871868
535.5646903887425	-83.97312853406005
536.0054695976024	-84.35402216181456
536.7549865998889	-84.93245296908292
537.5045036021753	-85.43604013495573
538.2540206044617	-85.87504299925635
539.0035376067482	-86.25731789587206
539.7530546090346	-86.58937086798304
540.9375845504308	-87.02450954478283
542.1221144918269	-87.3638195852246
543.306644433223	-87.6198214703878
545.1101977879125	-87.87348598983104
546.913751142602	-87.99056123225384
548.7173044972915	-87.99716163374586
550.520857851981	-87.91577681222905
552.3244112066704	-87.76611279984571
554.1279645613599	-87.56490215533425
557.1911021987065	-87.14381459899153
560.2542398360531	-86.66859832880351
563.3173774733997	-86.17892623115166
566.3805151107463	-85.70381799116483
569.4436527480929	-85.26184380658599
572.5067903854394	-84.86349906926958
575.569928022786	-84.51388109157853
578.6330656601326	-84.21358299443887
581.6962032974792	-83.96061505999205
584.7593409348258	-83.75163800231205
587.8224785721724	-83.58207345291851
590.885616209519	-83.44697110128601
593.9487538468655	-83.3414469650985
599.1143168785434	-83.21764993662971
604.2798799102212	-83.14375861675344
609.445442941899	-83.10449902107393
614.6110059735769	-83.08818538577745
619.7765690052547	-83.08487553239698
624.9421320369325	-83.08830656428322
630.1076950686104	-83.09472435263878
635.2732581002882	-83.10117827666937
640.438821131966	-83.10637816792389
645.6043841636439	-83.11016766288296
655.2485497212979	-83.11284137192273
664.8927152789519	-83.11274286696573
674.5368808366059	-83.11018205134427
693.8257294439207	-83.10494025115659
713.1145780512356	-83.0984852115271
732.4034266585505	-83.09777589461027
751.6922752658654	-83.09537396113537
770.9811238731803	-83.08840794298196
781.3941049606951	-83.09060024741123
791.80708604821	-83.0917867163617
802.2200671357248	-83.09316428895556
834.4296695732077	-83.09301987766759
866.6392720106905	-83.0945242606176
898.8488744481734	-83.09207177555511
930.9999999999793	-83.09549347285501
931.0000000000103	-83.09549347285501
931.001661172371	-83.06759074287075
931.0033223447316	-83.04170925612986
931.0060079807291	-83.00343221090367
931.0086936167266	-82.96772339101004
931.0134791824312	-82.90808178273501
931.0209604450006	-82.82276214041137
931.034481848442	-82.6848734922867
931.0480032518835	-82.56210272574184
931.061524655325	-82.44949359220554
931.0750460587665	-82.34431131557895
931.0969578993039	-82.185258779941
931.1188697398413	-82.03798355220536
931.1407815803788	-81.90007755040675
931.1772400922026	-81.68698220848817
931.2136986040265	-81.49030701610559
931.2779148970247	-81.17415784905239
931.342131190023	-80.88643608618104
931.4063474830212	-80.62018639319224
931.4705637760195	-80.3716061206951
931.5347800690178	-80.1381189653709
931.639081920493	-79.78622857258327
931.7433837719683	-79.46225707660312
931.8476856234436	-79.16127982372971
932.0110459420252	-78.72835296720048
932.1744062606069	-78.3340972562271
932.4199465181322	-77.7996202770808
932.6654867756574	-77.32110733623858
932.9110270331827	-76.8877140975976
933.1565672907079	-76.49150669384811
933.4021075482332	-76.12646693821395
933.7796527795051	-75.61571233642577
934.157198010777	-75.15622082354616
934.747320873413	-74.52093552567737
935.3374437360488	-73.96855863936332
935.9275665986847	-73.48535265430753
936.5176894613206	-73.0606217623881
937.1078123239565	-72.68425410159286
937.6979351865924	-72.34837056764812
938.2880580492283	-72.04891434315051
939.1985295370346	-71.64997107673483
940.1090010248408	-71.31870053513929
941.0194725126471	-71.04503308757587
941.9299440004534	-70.82050967203793
942.8404154882596	-70.6387883652905
943.7508869760659	-70.49423482232116
944.6613584638721	-70.383543387006
946.2314545297502	-70.25885332851875
947.8015505956282	-70.20568238277151
949.3716466615062	-70.20934202189176
950.9417427273843	-70.2572592471181
952.5118387932623	-70.34066600995277
954.0819348591403	-70.45123862822668
955.6520309250184	-70.58344128603709
958.0858527752565	-70.81909223170385
960.5196746254946	-71.0757187635706
962.9534964757328	-71.34416243422223
965.3873183259709	-71.61392912782024
967.821140176209	-71.87780984870251
970.2549620264472	-72.13498872863525
972.6887838766853	-72.37813325539142
975.1226057269234	-72.6056027210885
977.5564275771616	-72.81976709164941
979.9902494273997	-73.01420343173046
982.4240712776378	-73.19169762812479
984.857893127876	-73.35495754626416
987.2917149781141	-73.49790475629756
989.7255368283522	-73.62677053970017
992.1593586785904	-73.74269160053136
994.5931805288285	-73.84040940334569
997.0270023790666	-73.92845888213941
999.4608242293048	-74.00538195417168
1001.8946460795429	-74.06757201768967
1004.328467929781	-74.12453438780113
1006.7622897800192	-74.17264024965773
1009.1961116302573	-74.21071826710978
1011.6299334804954	-74.24402273262125
1014.0637553307336	-74.27078860390833
1016.4975771809717	-74.29196746037329
1018.9313990312098	-74.31106715927828
1021.365220881448	-74.3247864790123
1023.7990427316861	-74.335252703552
1026.2328645819243	-74.3452854013342
1028.6666864321626	-74.35121926875168
1031.1005082824008	-74.3559228359237
1033.534330132639	-74.36088121504201
1035.9681519828773	-74.36247460660233
1038.4019738331156	-74.3643474626352
1040.8357956833538	-74.36666424690462
1043.269617533592	-74.36618243891289
1045.7034393838303	-74.36703234207627
1048.1372612340685	-74.36808899891582
1050.5710830843068	-74.36682894968085
1053.004904934545	-74.36759365302247
1055.4387267847833	-74.3682140602323
1057.8725486350215	-74.36731311974926
1060.3063704852598	-74.36744085737838
1062.740192335498	-74.36766883330513
1065.1740141857363	-74.36744452866505
1067.6078360359745	-74.36840356496997
1070.0416578862128	-74.36868398484675
1072.475479736451	-74.3683995057801
1074.9093015866893	-74.36943642626328
1077.3431234369275	-74.36971745714185
1079.7769452871657	-74.36972786272116
1082.210767137404	-74.37095645666795
1084.6445889876422	-74.37110851468387
1087.0784108378805	-74.37129501461308
1089.5122326881187	-74.37261240948735
1091.946054538357	-74.37263409488672
1094.3798763885952	-74.37301931444456
1096.8136982388335	-74.37432571355515
1099.2475200890717	-74.37417883338436
1101.68134193931	-74.37475488918085
1104.1151637895482	-74.37596411768203
1106.5489856397865	-74.37565723352864
1108.9828074900247	-74.3754679983186
1111.416629340263	-74.37561535069321
1115.325731239227	-74.37672995320132
1119.234833138191	-74.37790727796225
1123.1439350371552	-74.37801297169698
1130.3698752764608	-74.3794781411839
1130.999999999975	-74.37957194218076
1131.0000000000127	-74.37957194218076
