t	v
0.0	-80.0
0.0031441713384118978	-79.98734664663822
0.0062883426768237955	-79.97569808435863
0.01301638029087053	-79.9532264476147
0.019744417904917266	-79.93229929581793
0.032891772124117154	-79.89486579628267
0.04603912634331704	-79.85978358354275
0.06977791040306766	-79.80008766683332
0.09351669446281828	-79.74412310729683
0.14859746743560903	-79.6242744459402
0.2036782404083998	-79.51487873905519
0.25875901338119056	-79.41248483877015
0.31383978635398135	-79.31507185583031
0.36892055932677215	-79.22144068167776
0.4633703109117575	-79.06765407869008
0.5578200624967429	-78.92071313025149
0.7515522439979061	-78.63573869224044
0.9452844254990693	-78.36717915603148
1.1390166070002326	-78.11147101545716
1.3327487885013958	-77.86693814489377
1.526480970002559	-77.63234046204242
1.8965464726406103	-77.20829734549025
2.2666119752786615	-76.81120046944508
2.636677477916713	-76.43721701210029
3.0067429805547645	-76.08391796502924
3.624005172178424	-75.53644267246968
4.241267363802083	-75.03571016729566
4.858529555425743	-74.57688222337609
5.827036384713114	-73.93308853421397
6.795543214000486	-73.3726628157097
7.764050043287858	-72.8865479052295
9.614290257413694	-72.13752257008227
11.46453047153953	-71.58855338923877
13.314770685665367	-71.2046026708708
15.165010899791204	-70.95357639603965
17.01525111391704	-70.81022207972704
18.865491328042875	-70.75248035662875
20.71573154216871	-70.76110950545306
23.656781406984365	-70.87880476018974
26.59783127180002	-71.0862366774608
29.53888113661567	-71.34491858580661
32.479931001431325	-71.62846556071719
35.42098086624698	-71.92299790813694
38.36203073106263	-72.21411043372
41.303080595878285	-72.4943842827595
44.24413046069394	-72.76041584525333
47.18518032550959	-73.00227824604205
50.126230190325245	-73.22186546993304
53.0672800551409	-73.42130627107234
56.00832991995655	-73.59263547295154
58.949379784772205	-73.74240142308089
61.89042964958786	-73.87307528594899
64.83147951440351	-73.98270146039725
67.77252937921916	-74.07688038553633
70.71357924403482	-74.1545232397904
73.65462910885047	-74.21520256866266
76.59567897366612	-74.26730835541765
79.53672883848178	-74.30750381591172
82.47777870329743	-74.33805323408775
85.41882856811308	-74.36371386928924
88.35987843292874	-74.37973137581278
91.30092829774439	-74.38982472790092
94.24197816256005	-74.39965304222702
97.1830280273757	-74.40301646991983
100.12407789219135	-74.4049866475653
103.065127757007	-74.40847888006562
106.00617762182266	-74.40527292484097
108.94722748663831	-74.40214983244132
111.88827735145397	-74.40084810428951
114.82932721626962	-74.39797945127023
117.77037708108527	-74.39698004654555
120.71142694590093	-74.39537139454842
123.65247681071658	-74.3911664783366
126.59352667553223	-74.39044101555
129.53457654034787	-74.389129714999
132.47562640516352	-74.38557550171687
135.41667626997918	-74.3861868175758
138.35772613479483	-74.38480852421347
141.29877599961048	-74.38352086852876
144.23982586442614	-74.38573852191377
147.1808757292418	-74.38434941106448
150.12192559405744	-74.38179097963602
153.0629754588731	-74.38283747132469
156.00402532368875	-74.3805127563645
158.9450751885044	-74.37896359687605
161.88612505332006	-74.38030298624138
164.8271749181357	-74.37970373239061
167.76822478295136	-74.37977892902948
170.70927464776702	-74.3811381898581
173.65032451258267	-74.37948567735394
176.59137437739832	-74.38003639810967
179.53242424221398	-74.38207559169466
182.47347410702963	-74.38016234985399
185.41452397184528	-74.3813348341676
188.35557383666094	-74.38323924048565
191.2966237014766	-74.38054472186181
194.23767356629224	-74.3826599566688
197.1787234311079	-74.38434046774127
200.11977329592355	-74.38500753701766
203.0608231607392	-74.39009808653061
206.00187302555486	-74.39221741078485
208.9429228903705	-74.39072907636748
211.88397275518616	-74.3896964730485
214.82502262000182	-74.38674123917622
217.76607248481747	-74.38514101240894
220.70712234963312	-74.3866389625567
223.64817221444878	-74.38489710955011
226.58922207926443	-74.38409188079267
229.53027194408008	-74.38595551977252
232.47132180889574	-74.38369772906924
235.4123716737114	-74.38383872524102
238.35342153852704	-74.38636520123502
241.2944714033427	-74.38333445144406
244.23552126815835	-74.38430791986501
247.176571132974	-74.38699060446608
250.11762099778966	-74.38292422215088
253.0586708626053	-74.38516379979653
255.99972072742096	-74.38768262659082
258.9407705922366	-74.38867508528485
261.88182045705224	-74.38826354149197
264.82287032186787	-74.38257326235637
267.7639201866835	-74.37949738239776
270.7049700514991	-74.38074659817774
273.64601991631474	-74.38111255516274
276.58706978113037	-74.38315871802455
279.528119645946	-74.38490053594869
282.4691695107616	-74.38317848412393
285.41021937557724	-74.38470989754231
288.35126924039287	-74.38611758264032
291.2923191052085	-74.38402995034448
294.2333689700241	-74.38637040791893
297.17441883483974	-74.38702000878075
300.11546869965537	-74.38418910208976
303.056518564471	-74.38753696498954
305.9975684292866	-74.38728349958976
308.93861829410224	-74.38411401168818
311.87966815891787	-74.38875178082223
314.8207180237335	-74.38703437740567
317.7617678885491	-74.38475622261157
320.70281775336474	-74.38839123355159
323.64386761818037	-74.39088016697404
326.584917482996	-74.39275650332785
329.5259673478116	-74.392266956324
332.46701721262724	-74.38802547320525
335.40806707744287	-74.38776098673246
338.3491169422585	-74.38812969760157
341.2901668070741	-74.38549230462556
344.23121667188974	-74.38708361918968
347.17226653670537	-74.38718944999916
350.113316401521	-74.38425758605143
353.0543662663366	-74.38712501386274
355.99541613115224	-74.38683733534637
358.93646599596786	-74.3839210619728
361.8775158607835	-74.38802035047611
364.8185657255991	-74.39101841663913
367.75961559041474	-74.3926313594859
370.70066545523036	-74.39314440187195
373.641715320046	-74.3894729756317
376.5827651848616	-74.38725448053091
379.52381504967724	-74.38734345312412
382.46486491449286	-74.38690253821828
385.4059147793085	-74.38758942202585
388.3469646441241	-74.3878472772638
391.28801450893974	-74.38636631682634
394.22906437375536	-74.38692304096557
397.170114238571	-74.38742792814014
400.1111641033866	-74.38616730953312
403.05221396820224	-74.38503234345241
405.99326383301786	-74.38345995514463
408.9343136978335	-74.38355891014362
411.8753635626491	-74.38544890973989
414.81641342746474	-74.38558961189135
417.75746329228036	-74.38593730165691
420.698513157096	-74.38697444160856
423.6395630219116	-74.38621922655152
426.58061288672724	-74.3866936358551
429.52166275154286	-74.38770696486628
432.4627126163585	-74.38661783325205
435.4037624811741	-74.38598365888059
438.34481234598974	-74.38589272983391
441.28586221080536	-74.3863216098497
444.226912075621	-74.38748047997696
447.1679619404366	-74.38744658433302
450.10901180525224	-74.38700904212982
453.05006167006786	-74.38731933975764
455.9911115348835	-74.38711057746993
458.9321613996991	-74.38709593247846
461.87321126451474	-74.38667649663125
464.81426112933036	-74.38554528283586
467.755310994146	-74.38559203657772
470.6963608589616	-74.3861525223543
473.63741072377724	-74.38628371947864
476.57846058859286	-74.3869616856689
479.5195104534085	-74.38705803408945
482.4605603182241	-74.38678763849472
485.40161018303974	-74.38738770344817
488.34266004785536	-74.38729283061657
491.283709912671	-74.38717384335088
494.2247597774866	-74.38721257760635
497.16580964230224	-74.38694465921851
500.10685950711786	-74.38764825580797
503.0479093719335	-74.38826565754574
505.9889592367491	-74.38784325756856
508.93000910156474	-74.38775466864517
511.87105896638036	-74.38786571846435
514.812108831196	-74.38830446688095
517.7531586960117	-74.38885333410995
520.6942085608274	-74.38829121246678
523.6352584256431	-74.38787261869362
526.5763082904588	-74.3878838712536
529.5173581552745	-74.3873140317134
530.9999999999882	-74.38723463986874
531.0000000000059	-74.38723463986874
531.0011746726278	-74.34687106244223
531.0023493452497	-74.30885845280149
531.0041699844228	-74.25294126158973
531.0070801516301	-74.17008710798333
531.0124958367602	-74.03040014383811
531.0179115218903	-73.90430962536635
531.0233272070203	-73.78732031415922
531.0287428921504	-73.67697302929345
531.0376310708924	-73.50627433514275
531.0465192496345	-73.34637938725028
531.0599773958551	-73.11946441196709
531.0734355420757	-72.90761896564615
531.0868936882963	-72.7077809946024
531.1089693529368	-72.40069944034154
531.1310450175773	-72.11456868446658
531.1691593876322	-71.65871993060158
531.2072737576872	-71.23936828088743
531.2453881277421	-70.84809529188398
531.283502497797	-70.4799616242539
531.321616867852	-70.13150689467219
531.3821837443252	-69.61213400428096
531.4427506207984	-69.12759581515782
531.5033174972716	-68.67190607796974
531.5964509200371	-68.01854212013197
531.6895843428026	-67.41329408709187
531.7827177655681	-66.8486121885298
531.95482909017	-65.89288570506649
532.126940414772	-65.030914459295
532.2990517393739	-64.24585717353926
532.4711630639758	-63.52389543977244
532.6432743885778	-62.853926255053025
532.8153857131797	-62.227823157954035
532.9874970377816	-61.639607177196424
533.3123721423175	-60.614921097219295
533.6372472468533	-59.68099143500571
533.9621223513892	-58.81803196634844
534.2869974559251	-58.009913592761336
534.6118725604609	-57.240012491177865
534.9367476649968	-56.49442103428962
535.427854929486	-55.377486268881604
535.9189621939752	-54.21398529431751
536.0417390100974	-53.905360456204285
536.1645158262197	-53.582895187337066
536.3848159582393	-52.954527200551276
536.6051160902589	-52.223528228706414
536.6601911232638	-52.016897984548386
536.7152661562686	-51.79555000103198
536.8104235853225	-51.36492565866483
536.834212942586	-51.24489664808733
536.8580022998494	-51.11832211564247
536.9069385994649	-50.831660952739895
536.9558748990803	-50.49450205318058
536.9681089739842	-50.39946228362996
536.980343048888	-50.298729386800225
536.9993025102915	-50.1288467586879
537.018261971695	-49.93739846761634
537.0372214330985	-49.716252712855756
537.056180894502	-49.45186375737331
537.0691684132374	-49.23455192163312
537.0821559319729	-48.97398918351097
537.0897683333682	-48.79408645445728
537.0973807347634	-48.58809458936653
537.1049931361587	-48.350348336297436
537.1126055375539	-48.075306471362445
537.1202179389492	-47.75884388345375
537.1278303403444	-47.39970350194813
537.1331424920594	-47.12491453134607
537.1384546437744	-46.8322926261782
537.1437667954893	-46.52399020319738
537.1490789472043	-46.20202963510368
537.1543910989193	-45.86811060273123
537.1597032506343	-45.523581392722384
537.1650154023492	-45.16946667577604
537.1730214273906	-44.61924281533916
537.181027452432	-44.050402956496505
537.1890334774733	-43.463577534418526
537.1970395025147	-42.858952574164526
537.2050455275561	-42.236541626344206
537.2130515525974	-41.59621445567018
537.2210575776388	-40.937673830896934
537.2336928493847	-39.86008114678527
537.2463281211307	-38.73294243511933
537.2589633928766	-37.55114675304768
537.2715986646225	-36.306310317917685
537.2842339363684	-34.986148353118125
537.3046331160177	-32.64825220094152
537.325032295667	-29.96529608307426
537.3454314753163	-26.79535242782471
537.3658306549656	-22.946530751286915
537.3862298346149	-18.170837746608225
537.4066290142642	-12.260943082860047
537.4270281939135	-5.182511941395404
537.4373246292548	-1.2548900039867406
537.4476210645961	2.784279762339113
537.4579174999374	6.823688972898751
537.4682139352786	10.742874698087377
537.4785103706199	14.427609675680582
537.4888068059612	17.788092054606317
537.4991032413025	20.76878594722754
537.5093996766437	23.3482867043214
537.519696111985	25.53262678197809
537.5299925473263	27.346354451852925
537.5402889826676	28.824214325922096
537.5505854180088	30.004713901395444
537.5608818533501	30.925838323519
537.5711782886914	31.62262814493905
537.5814747240327	32.126125637609995
537.5917711593739	32.46319744568728
537.6020675947152	32.656838912001646
537.6123640300565	32.72668101720457
537.6226604653978	32.68952997218997
537.632956900739	32.55983597685473
537.6432533360803	32.35006919488374
537.6535497714216	32.071006625693634
537.6638462067629	31.731952442428394
537.6741426421041	31.340918594506885
537.6844390774454	30.904786325002437
537.6947355127867	30.429457929809228
537.705031948128	29.91999892171697
537.7153283834692	29.380767134476518
537.7256248188105	28.815525586012022
537.7359212541518	28.22753783765571
537.751577284079	27.295977453929694
537.7672333140061	26.326756224287028
537.7828893439333	25.326941295283646
537.7985453738605	24.302298659951752
537.8142014037877	23.25760079764118
537.8298574337149	22.196843346783595
537.8455134636421	21.123400620683167
537.8611694935693	20.040135585542547
537.8768255234964	18.949478823007368
537.8924815534236	17.85349079444783
537.9081375833508	16.7539121745824
537.923793613278	15.652208673822212
537.9394496432052	14.54961205072073
537.9551056731324	13.44715685992657
537.9707617030596	12.34571218532425
537.9864177329868	11.24600804440432
538.0020737629139	10.148656844427736
538.0177297928411	9.054170847765326
538.0333858227683	7.962976804425618
538.0573141376578	6.302347397167782
538.0812424525474	4.651218400056047
538.1051707674369	3.010361156549897
538.1290990823264	1.380315741872829
538.153027397216	-0.23856444308684646
538.1769557121055	-1.846079906107295
538.200884026995	-3.4421873225189383
538.2248123418846	-5.027014559001111
538.2487406567741	-6.600832470751304
538.2726689716636	-8.164036954019748
538.2965972865532	-9.717200936141031
538.3205256014427	-11.26119254637686
538.3444539163322	-12.797176823512563
538.3683822312217	-14.32081244539023
538.3923105461113	-15.827093304674138
538.4162388610008	-17.313810285910463
538.4401671758903	-18.780280844657625
538.4640954907799	-20.226068719414414
538.4880238056694	-21.651415054035603
538.5244224240903	-23.78608518399749
538.5608210425112	-25.88999525382065
538.5972196609321	-27.975672955504194
538.633618279353	-30.05321269067963
538.6700168977738	-32.12941900578771
538.7064155161947	-34.20423156504502
538.7428141346156	-36.269880243447574
538.7792127530365	-38.30588701582824
538.8156113714574	-40.28711662058334
538.8520099898783	-42.18406349279485
538.8884086082992	-43.967914025184086
538.9248072267201	-45.626606447401656
538.961205845141	-47.154398083764754
538.9976044635619	-48.54682808461431
539.0340030819827	-49.80125671870458
539.0704017004036	-50.9193077470439
539.1068003188245	-51.90741553968968
539.1431989372454	-52.77544023672311
539.1795975556663	-53.534990889032045
539.2159961740872	-54.19825283691278
539.2523947925081	-54.77726001418615
539.288793410929	-55.28340612363054
539.3251920293499	-55.727122358858374
539.3615906477708	-56.11771031438759
539.3979892661916	-56.46330222954788
539.4550214679371	-56.93009815825061
539.5120536696825	-57.32491685156756
539.5690858714279	-57.665006718527344
539.6261180731733	-57.96326716050587
539.6831502749187	-58.229259897160354
539.7782910407175	-58.618090412345914
539.8734318065162	-58.95750929660894
539.968572572315	-59.26267081186732
540.0637133381138	-59.541833690366765
540.220708942962	-59.95533190696817
540.3777045478103	-60.31637870386756
540.5347001526585	-60.63555812430714
540.6916957575067	-60.91226226467013
540.848691362355	-61.145763306033636
541.0056869672032	-61.3406102829248
541.1626825720515	-61.50292070059102
541.3196781768997	-61.63680206203746
541.476673781748	-61.744326397365725
541.7389008811485	-61.871173582601465
542.0011279805491	-61.939830886311725
542.2633550799496	-61.958049497035944
542.5255821793502	-61.93400998648494
542.7878092787507	-61.87478207933352
543.201078352795	-61.72268373167115
543.6143474268392	-61.5136557507166
544.0276165008835	-61.26187276055713
544.4408855749277	-60.97850067975822
544.854154648972	-60.67192607704861
545.489088595982	-60.17018260849081
546.1240225429921	-59.6458271453075
546.7589564900021	-59.11056214305055
547.3938904370121	-58.5716772445544
548.0288243840222	-58.03241397551334
548.6637583310322	-57.49343854791594
549.696395974172	-56.61583528758295
550.7290336173118	-55.72336592800614
551.7616712604515	-54.78223457601535
552.7943089035913	-53.70547208589986
553.0524683143763	-53.39534892245749
553.3106277251612	-53.05537131156502
553.5687871359462	-52.67573949932121
553.8269465467312	-52.24388362507181
554.0851059575161	-51.73173029137021
554.3432653683011	-51.08113843235138
554.4078052209974	-50.8850243723302
554.4723450736936	-50.66668450654023
554.5368849263899	-50.419773182215685
554.564613203896	-50.30277972787625
554.5923414814021	-50.17754478086619
554.6418876990001	-49.92775054437438
554.6914339165982	-49.63181077959362
554.7227993869407	-49.41006099505665
554.7541648572832	-49.147769931667256
554.7736787919492	-48.95526333093641
554.7931927266153	-48.72974769769983
554.8127066612814	-48.45556438466019
554.8259279257179	-48.22939496785012
554.8391491901544	-47.95519896932661
554.8467024440175	-47.76957162300802
554.8542556978806	-47.55690273938514
554.8618089517437	-47.31188957857356
554.8693622056068	-47.02972815454631
554.8769154594698	-46.70732366477164
554.8844687133329	-46.344451378957544
554.892021967196	-45.944122505180665
554.8995752210591	-45.511649422906814
554.9071284749222	-45.05279387638736
554.9146817287852	-44.572148923330175
554.9222349826483	-44.072633199269006
554.9297882365114	-43.55594263267327
554.9373414903745	-43.02314797831329
554.9448947442376	-42.474930892399385
554.9524479981006	-41.911586915753254
554.9600012519637	-41.33308244885448
554.9675545058268	-40.73917536485085
554.9751077596899	-40.12950000505531
554.9865504082672	-39.174646785600636
554.9979930568446	-38.17971580430779
555.009435705422	-37.14061539452953
555.0273850666533	-35.40634215302628
555.0453344278847	-33.51281414061756
555.063283789116	-31.408813595784657
555.0812331503473	-29.02320396687155
555.0991825115786	-26.261288937080042
555.11713187281	-23.003131934688405
555.1350812340413	-19.11023988218727
555.1530305952726	-14.456124667875125
555.170979956504	-8.994915799015912
555.1889293177353	-2.847691667707627
555.2068786789666	3.6564743154159123
555.224828040198	10.003591062364183
555.2427774014293	15.701816087989934
555.2607267626606	20.457809736732184
555.278676123892	24.19401842647436
555.2918572312426	26.321607764952265
555.3050383385932	27.98168027666915
555.3182194459439	29.24239691221553
555.3314005532945	30.173494118081212
555.3445816606452	30.829959398311455
555.3577627679958	31.25080089307424
555.3709438753465	31.467954546767913
555.3841249826971	31.512555678992687
555.3973060900478	31.413997440287968
555.4104871973984	31.195934443092323
555.4236683047491	30.875330528634503
555.4368494120997	30.46569405408306
555.4500305194504	29.980159714151004
555.463211626801	29.431136828951445
555.4763927341517	28.82840802435252
555.4895738415023	28.178999308436698
555.502754948853	27.48882539828934
555.5159360562036	26.763767758868166
555.5291171635542	26.009262831768822
555.5422982709049	25.229624253671403
555.5554793782555	24.428196868278775
555.5686604856062	23.60798134366215
555.5818415929568	22.771887292114677
555.5950227003075	21.922522040702773
555.6082038076581	21.062015718171462
555.6285770082775	19.714272693834328
555.6489502088968	18.34993100746834
555.6693234095162	16.973700627987288
555.6896966101356	15.589521538213793
555.7100698107549	14.200580110704324
555.7304430113743	12.809396525541304
555.7508162119937	11.41798133790519
555.771189412613	10.027964915959396
555.7915626132324	8.640671697002187
555.8119358138517	7.257169792274094
555.8323090144711	5.878321285533437
555.8526822150905	4.504831628259256
555.8730554157098	3.1372868430953424
555.8934286163292	1.7761743735010398
555.9246475895092	-0.29616561841221467
555.9558665626892	-2.351490699392251
555.9870855358691	-4.3892781905586356
556.0183045090491	-6.409441590804356
556.0495234822291	-8.41224728435282
556.0807424554091	-10.398496747602174
556.1119614285891	-12.369774595975926
556.1431804017691	-14.323678636227934
556.1743993749491	-16.249331420644303
556.2056183481291	-18.142146286217535
556.236837321309	-20.002813145055967
556.268056294489	-21.833156245660284
556.299275267669	-23.634992972078248
556.330494240849	-25.412265139011456
556.361713214029	-27.171434378802115
556.392932187209	-28.919382967436544
556.424151160389	-30.660817386651928
556.455370133569	-32.39669961717462
556.486589106749	-34.123706961430365
556.517808079929	-35.83441638861237
556.549027053109	-37.51820376402781
556.5802460262889	-39.1625814178416
556.6114649994689	-40.75368062027264
556.6426839726489	-42.2775540092442
556.6739029458289	-43.72138824164254
556.7213424979042	-45.752966902958335
556.7687820499794	-47.57832599398015
556.8162216020547	-49.195267510631794
556.86366115413	-50.611376420491155
556.9111007062053	-51.83847684031436
556.9585402582806	-52.893168182980695
557.0059798103558	-53.79616035666208
557.0534193624311	-54.56973378683735
557.1008589145064	-55.23497291468689
557.1482984665817	-55.81045823645374
557.1957380186569	-56.31204036429523
557.2431775707322	-56.753004635755836
557.2906171228075	-57.14432978358965
557.3380566748828	-57.494973733087114
557.4135846307776	-57.985423987570165
557.4891125866724	-58.41273965797901
557.5646405425672	-58.7922123224431
557.640168498462	-59.134915360010346
557.7156964543568	-59.448484336751406
557.7912244102516	-59.73803406542843
557.9144326655941	-60.16611207458276
558.0376409209365	-60.54853790548858
558.1608491762789	-60.89306684576374
558.3495736645635	-61.35783324085005
558.5382981528481	-61.74988760399638
558.7270226411327	-62.08112201893137
558.9157471294174	-62.35516397779544
559.104471617702	-62.57574235927947
559.2931961059866	-62.75066014333177
559.4819205942712	-62.88769911982254
559.7706882716342	-63.03506045816808
560.0594559489972	-63.118767586051675
560.3482236263602	-63.14872951139333
560.6369913037232	-63.13345784912934
560.9257589810862	-63.08139581259137
561.3604972934278	-62.94933247106244
561.7952356057693	-62.76914232413365
562.2299739181109	-62.553273997472715
562.9087565748556	-62.168501540577005
563.5875392316003	-61.74731748692837
564.266321888345	-61.30797240542073
564.9451045450897	-60.865164511968125
565.6238872018345	-60.42949571210827
566.3026698585792	-60.004106175966555
566.9814525153239	-59.59111350380276
567.6602351720686	-59.19301280428203
568.3390178288133	-58.81203933381659
569.017800485558	-58.44294510559531
569.6965831423028	-58.08888601410587
570.3753657990475	-57.74888720730463
571.0541484557922	-57.42426266224753
571.7329311125369	-57.10032459108917
572.4117137692816	-56.79612565681239
572.9066409445836	-56.5867071738871
573.264187576917	-56.432649332643095
573.6217342092505	-56.28409694228756
573.9792808415839	-56.137295293355116
574.3368274739173	-55.99090004066592
574.6943741062507	-55.84711402640538
575.0519207385842	-55.70358351260755
575.4094673709176	-55.55986728840767
575.767014003251	-55.41519893829852
576.1245606355844	-55.274051612792945
576.3561548059965	-55.18662142705996
576.5154640453651	-55.125014255642405
576.6747732847336	-55.060730052962164
576.8340825241022	-54.994463151469134
576.9933917634708	-54.9286614253804
577.1527010028393	-54.864455558998365
577.3120102422079	-54.8000969323963
577.4713194815764	-54.73339474850454
577.630628720945	-54.666695478395525
577.7899379603135	-54.602465967455196
577.9492471996821	-54.5390064269447
578.1085564390506	-54.47058613921655
578.2678656784192	-54.40025502980148
578.4271749177877	-54.33297103037736
578.5864841571563	-54.26805450790539
578.7457933965248	-54.197417127467546
578.9051026358934	-54.121855031746506
579.020698403342	-54.0693692802458
579.1362941707905	-54.01785982486953
579.2518899382391	-53.9645423157228
579.3674857056876	-53.90822600683592
579.4830814731362	-53.851721396844404
579.5986772405847	-53.79690012982434
579.6836041489895	-53.75616118023175
579.7685310573943	-53.713696402680426
579.8534579657991	-53.67021283876596
579.9383848742038	-53.627384326813065
580.0233117826086	-53.584650417318635
580.1082386910134	-53.5401908581271
580.1931655994182	-53.49338401345607
580.278092507823	-53.446350832687315
580.3630194162278	-53.39964972055103
580.4479463246325	-53.35228397489489
580.5328732330373	-53.30238615577498
580.6178001414421	-53.25163241276858
580.7027270498469	-53.20019541656102
580.763322749228	-53.161862951859035
580.8239184486091	-53.12287348209923
580.8845141479902	-53.084180247296416
580.9451098473713	-53.04585595991413
581.0057055467524	-53.00687770349921
581.0663012461335	-52.96639899777413
581.1268969455147	-52.92419012695401
581.1874926448958	-52.88111663335284
581.2480883442769	-52.83788020559784
581.308684043658	-52.79424837758156
581.3692797430391	-52.7490516625182
581.4298754424202	-52.702232175203584
581.4904711418013	-52.65438721114584
581.5510668411824	-52.60588638850896
581.6116625405635	-52.555821948307766
581.6722582399447	-52.504090332859434
581.7328539393258	-52.45083834493338
581.7934496387069	-52.39643155997246
581.854045338088	-52.33988341357915
581.9146410374691	-52.28133423638237
581.9752367368502	-52.221491395522115
582.0358324362313	-52.159631870562976
582.0964281356124	-52.094798671218555
582.1570238349935	-52.02649364230954
582.2176195343746	-51.95514642733945
582.2782152337558	-51.88070958432698
582.3388109331369	-51.80332655325399
582.399406632518	-51.72197951781069
582.4600023318991	-51.635070042113746
582.5205980312802	-51.54170516923795
582.5811937306613	-51.44268072471986
582.6417894300424	-51.338090983214606
582.7023851294235	-51.22575205108349
582.7629808288046	-51.102854774891355
582.8235765281858	-50.967761407611086
582.8841722275669	-50.81902558058868
582.944767926948	-50.65339490710192
583.0053636263291	-50.4636453338207
583.0659593257102	-50.238721378397145
583.1100043880671	-50.04422491379709
583.1540494504239	-49.81152214061133
583.1980945127808	-49.517273612766054
583.20910577837	-49.429438058936014
583.2201170439592	-49.33372504120897
583.2386461780262	-49.15014825254952
583.2571753120932	-48.92793968698265
583.2757044461601	-48.64763793453354
583.2872047767972	-48.43067475214449
583.2987051074343	-48.16654601763555
583.3102054380714	-47.839571865883435
583.3187082844936	-47.547770590749785
583.3272111309158	-47.208470273885375
583.335713977338	-46.821648069410394
583.3442168237601	-46.39203534636664
583.3503746566503	-46.05869523159625
583.3565324895404	-45.70974659289462
583.3626903224306	-45.347049178813556
583.3688481553207	-44.97219113612692
583.3750059882109	-44.58686176212781
583.381163821101	-44.19240808082884
583.3873216539912	-43.7893038017083
583.3934794868813	-43.37751381807593
583.3996373197715	-42.9572549022666
583.4057951526617	-42.52895982219282
583.4119529855518	-42.092650095029555
583.418110818442	-41.64793876632243
583.4242686513321	-41.194662256066245
583.4304264842223	-40.73297702034615
583.4365843171124	-40.2627747000711
583.4427421500026	-39.78351165002596
583.4488999828927	-39.294716804153346
583.4582667414526	-38.53226721004393
583.4676335000124	-37.74545559099159
583.4770002585723	-36.93141372357469
583.4863670171321	-36.086291993042224
583.5027535000218	-34.51926604036531
583.5191399829114	-32.81225660606762
583.535526465801	-30.92349961793782
583.5519129486906	-28.798867720375977
583.5682994315803	-26.369873213357806
583.5846859144699	-23.55373813820594
583.6010723973595	-20.256412076407756
583.6174588802492	-16.387841779306303
583.6338453631388	-11.894627240473488
583.6502318460284	-6.81238865903703
583.666618328918	-1.2843922533786176
583.6830048118077	4.398884928089163
583.6993912946973	9.871747701522102
583.7157777775869	14.823889422842495
583.7321642604766	19.04670101315693
583.7485507433662	22.462252807232247
583.7649372262558	25.122649735184893
583.7813237091455	27.129245417289138
583.7977101920351	28.584890656137276
583.8140966749247	29.583055771295466
583.8304831578143	30.206897723305374
583.846869640704	30.52473451736065
583.8632561235936	30.591319827398447
583.8796426064832	30.451080461011976
583.8960290893729	30.14042146242268
583.9124155722625	29.689120065436434
583.9288020551521	29.12143103357922
583.9451885380417	28.45710608829979
583.9615750209314	27.712289978830928
583.977961503821	26.9002624818108
583.9943479867106	26.03203374607933
584.0107344696003	25.116814036597876
584.0271209524899	24.16237662622167
584.0435074353795	23.17532879799895
584.0598939182692	22.161310336495273
584.0762804011588	21.12514320603996
584.0926668840484	20.070951034950006
584.109053366938	19.002257838139855
584.1254398498277	17.922071215178676
584.1418263327173	16.83295250985128
584.1582128156069	15.737077791346248
584.1745992984966	14.63629238054237
584.1909857813862	13.532159739562628
584.2073722642758	12.426004255364372
584.2237587471654	11.318947314787408
584.2495721032335	9.575450586528842
584.2753854593016	7.835044636895234
584.3011988153696	6.1000095184160985
584.3270121714377	4.37211307294473
584.3528255275057	2.6527487163556156
584.3786388835738	0.9430200436764848
584.4044522396418	-0.756222547964271
584.4302655957099	-2.444376477550763
584.456078951778	-4.121031931626781
584.481892307846	-5.785896710675104
584.5077056639141	-7.438840257003899
584.5335190199821	-9.080082741566594
584.5593323760502	-10.710247807306406
584.5851457321182	-12.330221700592384
584.6109590881863	-13.938263284044792
584.6367724442543	-15.528675887515842
584.6625858003224	-17.098552895389027
584.6883991563905	-18.647257299358664
584.7142125124585	-20.174483256838393
584.7400258685266	-21.68015214480744
584.7658392245946	-23.16552770415468
584.7916525806627	-24.633436667755856
584.833076083714	-26.960323879262898
584.8744995867653	-29.262137130890764
584.9159230898166	-31.5461305338396
584.9573465928679	-33.81012646916966
584.9987700959192	-36.03981068175952
585.0401935989705	-38.212300334249264
585.0816171020218	-40.3003495273831
585.1230406050731	-42.27643598892872
585.1644641081244	-44.115743620194756
585.2058876111757	-45.810954623859374
585.247311114227	-47.36019549739243
585.2887346172784	-48.76089822849676
585.3301581203297	-50.012778534477526
585.371581623381	-51.122548536379675
585.4130051264323	-52.10275433451495
585.4544286294836	-52.967303239559655
585.4958521325349	-53.729003463238946
585.5372756355862	-54.39994360203973
585.5786991386375	-54.99218082251985
585.6201226416888	-55.517310885437425
585.6615461447401	-55.98564320136297
585.7029696477914	-56.40589992685477
585.7443931508427	-56.78541670243461
585.785816653894	-57.13041616020696
585.8540149635321	-57.63615770690306
585.9222132731702	-58.08030150478232
585.9904115828083	-58.477092817006735
586.0586098924464	-58.83685519879719
586.1268082020845	-59.16693378674101
586.1950065117226	-59.47254042235906
586.3071256089819	-59.930097289729616
586.4192447062412	-60.341965586460645
586.5313638035005	-60.71654546946419
586.7035328750867	-61.23058557544169
586.8757019466728	-61.67558623868217
587.047871018259	-62.06236833290016
587.2200400898452	-62.3945607535947
587.3922091614313	-62.675565565398784
587.5643782330175	-62.91205669943411
587.7365473046036	-63.11091935035451
588.013540301774	-63.363297565342265
588.2905332989444	-63.545411109403275
588.5675262961148	-63.667998881534125
588.8445192932852	-63.73967251062609
589.1215122904556	-63.76928844301715
589.398505287626	-63.76522764176728
589.8909645431555	-63.693405095387305
590.383423798685	-63.560964323950245
590.8758830542146	-63.38554495799847
591.3683423097441	-63.17927068937969
591.8608015652736	-62.952354245790346
592.3532608208031	-62.71329924017187
593.1187144897536	-62.331359720741375
593.8841681587041	-61.94957418013228
594.6496218276546	-61.57644473466381
595.4150754966051	-61.216545059307215
596.1805291655556	-60.87268887599243
596.9459828345061	-60.54690874070984
598.1155317459518	-60.08675264830222
599.2850806573974	-59.671943430440976
600.4546295688431	-59.29918497252287
601.6241784802887	-58.96325378867975
602.7937273917344	-58.66133837564344
603.96327630318	-58.39007349471482
605.1328252146257	-58.14794654055193
606.3023741260713	-57.930964810643424
607.471923037517	-57.74061617983838
608.6414719489626	-57.572834127945306
609.8110208604082	-57.42764501882619
610.9805697718539	-57.29716685425886
612.1501186832995	-57.17687935829996
613.3196675947452	-57.0716278134747
614.4892165061908	-56.975535080975874
615.6587654176365	-56.893753009033425
616.8283143290821	-56.828830133107274
617.9978632405277	-56.770908517295375
619.1674121519734	-56.720730231538624
620.336961063419	-56.68241232625357
621.5065099748647	-56.652951878884316
622.6760588863103	-56.62792309209513
623.845607797756	-56.61486977556432
625.0151567092016	-56.60151362348283
626.1847056206473	-56.591937432607686
627.3542545320929	-56.588787791728144
628.5238034435386	-56.5879058534923
629.6933523549842	-56.58859013020107
630.8629012664298	-56.5862938536755
632.0324501778755	-56.58911703340897
633.2019990893211	-56.60147066126424
634.3715480007668	-56.629119795524545
635.5410969122124	-56.65165956465505
636.7106458236581	-56.66009269600631
637.8801947351037	-56.6724213777356
639.0497436465494	-56.682260510492384
640.219292557995	-56.723637971372135
640.9733041430848	-56.74157872236611
641.4739534951756	-56.73919117090937
641.9746028472664	-56.740811939994025
642.4752521993572	-56.74694349548432
642.975901551448	-56.75309636175537
643.4765509035389	-56.760999896242794
643.9772002556297	-56.76823498103206
644.4778496077205	-56.776121137140336
644.9784989598113	-56.784160858866855
645.4791483119021	-56.79150933069322
645.9797976639929	-56.79326880121892
646.4804470160838	-56.79475419859248
646.9810963681746	-56.79958029116894
647.4817457202654	-56.80886733096641
647.9823950723562	-56.813757860275544
648.483044424447	-56.8156974188891
648.9836937765378	-56.81779370557359
649.4843431286287	-56.825416796349224
649.9849924807195	-56.83553743705443
650.4856418328103	-56.84230328544381
650.9862911849011	-56.84777304440963
651.4869405369919	-56.8534828119665
651.9875898890828	-56.86083299242274
652.4882392411736	-56.867355098044264
652.9888885932644	-56.87161234042735
653.4895379453552	-56.87378634886929
653.990187297446	-56.878168079253015
654.4908366495368	-56.8828700673077
654.9914860016277	-56.88840282758821
655.4921353537185	-56.89085858119163
655.9927847058093	-56.89598588950008
656.4934340579001	-56.90004486367144
656.9940834099909	-56.9042190586408
657.4947327620818	-56.90688819296786
657.9953821141726	-56.911215988883036
658.3432751888598	-56.91280741189999
658.6911682635471	-56.91379803124177
659.0390613382343	-56.91616913000435
659.3869544129216	-56.91996306262186
659.7348474876088	-56.92235990637041
660.0827405622961	-56.924123652767
660.4306336369833	-56.92445702877822
660.7785267116706	-56.924621311818036
661.1264197863578	-56.92390216322749
661.4743128610451	-56.92487888087565
661.8222059357323	-56.92809479163034
662.1700990104196	-56.93359732524992
662.5179920851068	-56.936826687272756
662.8658851597941	-56.93823364683723
663.2137782344813	-56.93958399768462
663.5616713091686	-56.94355248233653
663.9095643838558	-56.94716498712333
664.2574574585431	-56.94885494872192
664.6053505332303	-56.94596296731186
664.9532436079176	-56.942879762058034
665.3011366826048	-56.943328891418716
665.649029757292	-56.94517282796381
665.9969228319793	-56.94668572656472
666.3448159066666	-56.94737605567514
666.6927089813538	-56.94785777583692
667.040602056041	-56.94907247351957
667.3884951307283	-56.950331380625435
667.7363882054156	-56.951497209949956
668.0842812801028	-56.95175705259485
668.43217435479	-56.95289235752596
668.7800674294773	-56.95289830832528
669.1279605041645	-56.954173647167515
669.4758535788518	-56.95267242152667
669.823746653539	-56.95023542722122
670.1716397282263	-56.949984676388326
670.5195328029135	-56.950788212228225
670.8674258776008	-56.95409388742653
671.215318952288	-56.95472162273594
671.5632120269753	-56.9530703872774
671.9111051016625	-56.9497675145331
672.2589981763498	-56.94798824074401
672.606891251037	-56.94802718808771
672.9547843257243	-56.949970523735914
673.3026774004115	-56.94995609166121
673.6505704750988	-56.94854803274827
673.998463549786	-56.94668870952186
674.3463566244733	-56.946506502411665
674.6942496991605	-56.946396432199315
675.0421427738478	-56.94795235897498
675.390035848535	-56.94969825172732
675.7379289232223	-56.95156427839128
676.0858219979095	-56.9512034774043
676.4337150725968	-56.950615715758
676.781608147284	-56.950362019750905
677.1295012219713	-56.95141573865618
677.4773942966585	-56.95166000582106
677.8252873713458	-56.95093722359515
678.173180446033	-56.94704964489947
678.5210735207203	-56.942881275864345
678.8689665954075	-56.939879118693064
679.2168596700948	-56.938499929495954
679.564752744782	-56.93700537731121
679.9126458194693	-56.93644393969431
680.2605388941565	-56.935277072826295
680.6084319688438	-56.933684047571575
680.956325043531	-56.9308138425536
681.3042181182183	-56.92879764751046
681.6521111929055	-56.92723612122989
682.0000042675928	-56.92846264553269
682.34789734228	-56.92993554575778
682.6957904169673	-56.930409335546756
683.0436834916545	-56.92840564638236
683.3915765663418	-56.926854798409174
683.739469641029	-56.92609973049264
684.0873627157163	-56.925858953046045
684.4352557904035	-56.9244452789411
684.7831488650908	-56.92247767372565
685.131041939778	-56.91877739709848
685.4789350144653	-56.91700136896645
685.8268280891525	-56.91654171339995
686.1747211638398	-56.915059303074266
686.522614238527	-56.91282219899345
686.8705073132143	-56.90850608808
687.2184003879015	-56.90584074127212
687.5662934625888	-56.904816099798886
687.914186537276	-56.90506405540707
688.2620796119633	-56.903304514205544
688.6099726866505	-56.90064294641418
688.9578657613378	-56.89566491172745
689.305758836025	-56.89422676065879
689.6536519107123	-56.89477535439634
690.0015449853995	-56.893384734785975
690.3494380600868	-56.890597412652774
690.697331134774	-56.88496960296019
691.0452242094613	-56.88200106964087
691.3931172841485	-56.88125707587271
691.7410103588358	-56.881911938188715
692.088903433523	-56.87972481846928
692.4367965082103	-56.876551248396176
692.7846895828975	-56.873843627606966
693.1325826575847	-56.87109211632272
693.480475732272	-56.86867879428775
693.8283688069592	-56.8641540109546
694.1762618816465	-56.85921277211485
694.5241549563337	-56.85513926141018
694.872048031021	-56.85320440573095
695.2199411057082	-56.850593996296915
695.5678341803955	-56.84853630491067
695.9157272550827	-56.84396791698492
696.26362032977	-56.838671726878914
696.6115134044572	-56.832570730111726
696.9594064791445	-56.82910785960252
697.3072995538317	-56.82809553997787
697.655192628519	-56.82924393044592
698.0030857032062	-56.82773713773118
698.3509787778935	-56.82467783651108
698.6988718525807	-56.821656791633956
699.046764927268	-56.82124955763605
699.3946580019552	-56.8203807458721
699.7425510766425	-56.817711168255975
700.0904441513297	-56.813747327098696
700.438337226017	-56.81162583716478
700.7862303007042	-56.81012497579087
701.1341233753915	-56.80765832246783
701.4820164500787	-56.80071092659792
701.829909524766	-56.793147014642194
702.1778025994532	-56.78826949835247
702.5256956741405	-56.78658785308708
702.8735887488277	-56.78319976575048
703.221481823515	-56.77786503814818
703.5693748982022	-56.77295103486406
703.9172679728895	-56.77034151704782
704.2651610475767	-56.76776390838528
704.613054122264	-56.764874771912744
704.9609471969512	-56.75965622400546
705.3088402716385	-56.75781663466377
705.6567333463257	-56.758048702686644
706.004626421013	-56.75587636262632
706.3525194957002	-56.75213122497077
706.7004125703875	-56.745493592572615
707.0483056450747	-56.73935261356588
707.396198719762	-56.73381500178183
707.7440917944492	-56.729319355791745
708.0919848691365	-56.72522807060969
708.4398779438237	-56.722796428223475
708.787771018511	-56.71973056801603
709.1356640931982	-56.717231678688655
709.4835571678855	-56.711907541636265
709.8314502425727	-56.70611285098896
710.17934331726	-56.6998315149006
710.5272363919472	-56.69595362078999
710.8751294666345	-56.69412000308634
711.2230225413217	-56.69450298672333
711.570915616009	-56.6924913970869
711.9188086906962	-56.68899951601847
712.2667017653835	-56.6853529755854
712.6145948400707	-56.68437652893359
712.962487914758	-56.68310049616423
713.3103809894452	-56.68010971051267
713.6582740641325	-56.67158079001634
714.0061671388197	-56.662645474414916
714.354060213507	-56.658016636179674
714.7019532881942	-56.6552113368908
715.0498463628815	-56.653821480585115
715.3977394375687	-56.64921376391577
715.745632512256	-56.646480359405224
716.0935255869432	-56.64504410048484
716.4414186616305	-56.644591350839065
716.7893117363177	-56.64116550413549
717.137204811005	-56.636915539872916
717.4850978856922	-56.63322877534876
717.8329909603794	-56.631384988672366
718.1808840350667	-56.62850718833946
718.528777109754	-56.62426356373958
718.8766701844412	-56.61717416087789
719.2245632591284	-56.61037635503231
719.5724563338157	-56.60458025747725
719.920349408503	-56.60099394411987
720.2682424831902	-56.596458826037654
720.6161355578774	-56.591325596051725
720.9640286325647	-56.5872264975945
721.3119217072519	-56.58316591702219
721.6598147819392	-56.580990795041245
722.0077078566264	-56.579060760470135
722.3556009313137	-56.576644373757205
722.7034940060009	-56.5720187029006
723.0513870806882	-56.56783346730558
723.3992801553754	-56.562308125011654
723.7471732300627	-56.55655451339869
724.0950663047499	-56.54999527025268
724.4429593794372	-56.54561538461427
724.7908524541244	-56.541345272264635
725.1387455288117	-56.5368240216243
725.4866386034989	-56.53044959669361
725.8345316781862	-56.525180896098334
726.1824247528734	-56.52069279754588
726.5303178275607	-56.516826777384615
726.8782109022479	-56.51119612274664
727.2261039769352	-56.50587913841765
727.5739970516224	-56.50113865788529
727.9218901263097	-56.49744255573475
728.2697832009969	-56.49241524568818
728.6176762756842	-56.487338326227366
728.9655693503714	-56.483907773726145
729.3134624250587	-56.483917431671664
729.6613554997459	-56.48286138637987
730.0092485744332	-56.47963829451231
730.3571416491204	-56.471657846284344
730.7050347238077	-56.468632351533365
730.9451388939481	-56.469569605120384
731.1852430640885	-56.46848874387329
731.4253472342289	-56.465279989482156
731.6654514043693	-56.46031420621822
731.9055555745097	-56.45687895821312
732.1456597446501	-56.4544809880059
732.3857639147905	-56.4533623848772
732.6258680849309	-56.45041274908697
732.8659722550713	-56.44776569472662
733.1060764252117	-56.44400964637357
733.346180595352	-56.44234723778247
733.5862847654925	-56.4386946853963
733.8263889356328	-56.43382784545106
734.0664931057732	-56.42845734513275
734.3065972759136	-56.42526891281013
734.546701446054	-56.42297978275212
734.7868056161944	-56.42243209871438
735.0269097863348	-56.419865854894724
735.2670139564752	-56.417912568268235
735.5071181266156	-56.41669196417894
735.747222296756	-56.41482650186922
735.9873264668964	-56.41258513667794
736.2274306370368	-56.40893572079222
736.4675348071772	-56.40570179624923
736.7076389773176	-56.402539383896524
736.947743147458	-56.39953648115564
737.1878473175984	-56.39617565044129
737.4279514877388	-56.393047597893684
737.6680556578792	-56.39031829912195
737.9081598280196	-56.3885757568724
738.14826399816	-56.38642960562646
738.3883681683004	-56.384138695260226
738.6284723384408	-56.38091846857986
738.8685765085812	-56.3786108492667
739.1086806787216	-56.37580848755256
739.348784848862	-56.373958583727074
739.5888890190024	-56.37052405599975
739.8289931891428	-56.36843268543732
740.0690973592832	-56.36726010931211
740.3092015294236	-56.3667390337564
740.549305699564	-56.36526640827462
740.7894098697044	-56.362651139623
741.0295140398448	-56.35882838934724
741.2696182099852	-56.35565597366049
741.5097223801256	-56.35265443198693
741.749826550266	-56.35056453313064
741.9899307204064	-56.34742708172292
742.2300348905468	-56.3437026966359
742.4701390606872	-56.3398887709552
742.7102432308276	-56.336998645864405
742.950347400968	-56.334410545022855
743.1904515711084	-56.332524099222674
743.4305557412488	-56.32988602351791
743.6706599113892	-56.3275886265174
743.9107640815296	-56.324309235503435
744.15086825167	-56.32216577940208
744.3909724218104	-56.318857377788405
744.6310765919508	-56.31702684000113
744.8711807620912	-56.31317361175729
745.1112849322316	-56.30841276959628
745.351389102372	-56.30506900053088
745.5914932725124	-56.30262022777929
745.8315974426528	-56.301642826997316
746.0717016127932	-56.299791170014544
746.3118057829336	-56.297708345505875
746.551909953074	-56.29554177699791
746.7920141232144	-56.29387451315668
747.1575371623267	-56.290512916319585
747.523060201439	-56.2867339458695
747.8885832405513	-56.28213595336937
748.2541062796636	-56.27790587325514
748.6196293187759	-56.27337831077327
748.9851523578882	-56.26991756818743
749.3506753970005	-56.265559333403786
749.7161984361128	-56.26224730297249
750.0817214752251	-56.25733500115201
750.4472445143374	-56.2524735419777
750.8127675534497	-56.24762414663211
751.178290592562	-56.24362533476929
751.5438136316743	-56.239652584554264
751.9093366707866	-56.23657452863927
752.2748597098989	-56.232570777166856
752.6403827490112	-56.22934368836358
753.0059057881235	-56.224649225232305
753.3714288272358	-56.221618905711715
753.7369518663481	-56.216617746453686
754.1024749054604	-56.21166634849813
754.4679979445727	-56.20774123420393
754.833520983685	-56.203752492073086
755.1990440227974	-56.20083674272514
755.5645670619097	-56.19704025785676
755.930090101022	-56.19395941915099
756.2956131401343	-56.1893478960747
756.6611361792466	-56.18624559997564
757.0266592183589	-56.1832059272986
757.3921822574712	-56.18034206452095
757.7577052965835	-56.17670073817382
758.1232283356958	-56.1729823364058
758.4887513748081	-56.1683859738782
758.8542744139204	-56.16467442931325
759.2197974530327	-56.16029739917796
759.585320492145	-56.15726832424204
759.9508435312573	-56.152690118531666
760.3163665703696	-56.14987378340244
760.6818896094819	-56.144701756531965
761.0474126485942	-56.139640099310384
761.4129356877065	-56.13452397275816
761.7784587268188	-56.13042413969002
762.1439817659311	-56.12682320978307
762.5095048050434	-56.12402465943291
762.8750278441557	-56.12058204837088
763.240550883268	-56.11749886197134
763.6060739223803	-56.11335805441002
763.9715969614927	-56.11030915326021
764.337120000605	-56.105981637840294
764.7026430397173	-56.10338843545931
765.0681660788296	-56.10075534630646
765.4336891179419	-56.09818535391303
765.7992121570542	-56.09473198597028
766.1647351961665	-56.09124289772575
766.5302582352788	-56.08673282411541
766.8957812743911	-56.083252739425404
767.2613043135034	-56.078907333044974
767.6268273526157	-56.076247364455845
767.992350391728	-56.07164432177236
768.3578734308403	-56.06700016267445
768.7233964699526	-56.06223535162553
769.0889195090649	-56.05856596479669
769.4544425481772	-56.05555167152419
769.8199655872895	-56.052964054194
770.1854886264018	-56.04996324264109
770.7601620257885	-56.04457743937748
771.3348354251752	-56.03903277496318
772.2698090013934	-56.02909368238168
773.6933484623262	-56.015669227640906
775.116887923259	-56.00323923686715
777.625499103183	-55.98001144343837
780.1341102831069	-55.95825828269036
782.6427214630309	-55.937298068075755
786.6873678560119	-55.90320958132998
790.7320142489929	-55.87166938146436
794.7766606419739	-55.8419922296709
801.3064802845905	-55.79443559714387
807.8362999272072	-55.75376833660455
814.3661195698238	-55.71145781913497
815.9985744804779	-55.70329176953244
817.6310293911321	-55.69386838258042
819.2634843017862	-55.68780752689959
820.8959392124403	-55.67768701646471
822.5283941230945	-55.669517717330436
824.1608490337486	-55.66262384989534
827.078248798846	-55.64953752104857
829.9956485639433	-55.64066444004471
832.9130483290406	-55.62743255767314
835.830448094138	-55.619833216725986
838.7478478592353	-55.608416126802425
841.6652476243327	-55.60128422930079
844.58264738943	-55.58838189534844
847.5000471545274	-55.58317795576042
850.4174469196247	-55.57385625228453
853.334846684722	-55.569658174346266
856.2522464498194	-55.562368520387864
859.1696462149167	-55.55837773474264
862.0870459800141	-55.54939220589228
865.0044457451114	-55.547016405342696
867.9218455102088	-55.54127978559483
870.8392452753061	-55.53995445932109
873.7566450404034	-55.53596828904003
876.6740448055008	-55.538030833870486
879.5914445705981	-55.533982938515116
882.5088443356955	-55.534369414597855
885.4262441007928	-55.53097257359831
888.3436438658902	-55.531239054211994
891.2610436309875	-55.52592609576514
894.1784433960848	-55.52787433132231
897.0958431611822	-55.52587752368897
900.0132429262795	-55.52866331249302
902.9306426913769	-55.52829324539481
905.8480424564742	-55.534535830021355
908.7654422215716	-55.53373752565739
911.6828419866689	-55.53768361059757
914.6002417517662	-55.53722168499442
917.5176415168636	-55.54060310121119
920.4350412819609	-55.54135973266083
923.3524410470583	-55.54779181993768
926.2698408121556	-55.54824275752095
929.187240577253	-55.55262010486568
930.9999999999793	-55.55467882997685
931.0000000000103	-55.55467882997685
931.0011745017763	-55.59502832625087
931.0023490035422	-55.63302050905046
931.0041692846197	-55.6888943319701
931.007080352211	-55.77169760713792
931.0124963095083	-55.911185502155696
931.0179122668055	-56.03701415632178
931.0233282241028	-56.153697866109376
931.0287441814	-56.26371202443962
931.037642095747	-56.43401853331654
931.0465400100938	-56.59350509051429
931.060015862902	-56.819919629858504
931.0734917157101	-57.031399579266115
931.0869675685183	-57.231066629781594
931.1090742286727	-57.53842255312804
931.1311808888272	-57.8255144347278
931.1696292271589	-58.28782519248844
931.2080775654906	-58.71504256962844
931.2465259038223	-59.11529788137527
931.284974242154	-59.493203436108644
931.3234225804857	-59.85186817491164
931.3848809141147	-60.39069579357542
931.4463392477436	-60.893765097114965
931.5077975813725	-61.36655862395817
931.6038974279707	-62.05375925622075
931.6999972745688	-62.686741307883544
931.7960971211669	-63.27345238076703
931.9761165862583	-64.26926133563688
932.1561360513497	-65.15443065713086
932.3361555164411	-65.9502176999045
932.5161749815325	-66.67375116837518
932.6961944466238	-67.33817704595005
932.8762139117152	-67.95273789966504
933.0562333768066	-68.52414392524037
933.3735620904936	-69.44330090883746
933.6908908041805	-70.26893090806973
934.0082195178675	-71.01726038787216
934.3255482315544	-71.70084700570472
934.6428769452414	-72.32950551474467
934.9602056589283	-72.91077825555503
935.5244205145336	-73.84537540661954
936.088635370139	-74.67359796616303
936.6528502257443	-75.41272507934916
937.2170650813496	-76.07609642506476
937.7812799369549	-76.67443327121167
938.3454947925602	-77.21612316448474
939.2787912566326	-78.0047147012599
940.2120877207051	-78.6775883556506
941.1453841847775	-79.25041597883194
942.5831756424739	-79.96596027998366
944.0209671001702	-80.5094473972807
945.4587585578665	-80.90712667823824
946.8965500155629	-81.17974865477622
948.3343414732592	-81.34624705662512
950.6719257594215	-81.4302682783799
953.0095100455837	-81.33355810605215
955.347094331746	-81.1022777169964
957.6846786179083	-80.77733572834936
960.0222629040705	-80.38683383670245
962.3598471902328	-79.95648060052284
964.6974314763951	-79.51096502236553
967.0350157625574	-79.06244431221384
969.3726000487196	-78.62448366981536
971.7101843348819	-78.20748961996802
974.0477686210442	-77.81170408715944
976.3853529072064	-77.44672870751423
978.7229371933687	-77.1138742219749
981.060521479531	-76.80688854161333
983.3981057656932	-76.53586124643722
985.7356900518555	-76.29273064943968
988.0732743380178	-76.07152377060793
990.41085862418	-75.88681599757481
992.7484429103423	-75.71729785090112
994.4583877725734	-75.60101928646905
996.1683326348044	-75.5024496620848
997.8782774970355	-75.41429530859689
999.5882223592665	-75.3362887705922
1001.2981672214976	-75.26916745009686
1003.0081120837286	-75.20379028387293
1004.7180569459597	-75.14708293887472
1006.4280018081907	-75.09836954717618
1008.1379466704218	-75.04882790218157
1009.8478915326529	-75.01038360594583
1011.5578363948839	-74.97558086962327
1013.267781257115	-74.93793660743856
1014.977726119346	-74.91366723786457
1016.2357745644224	-74.90138795242301
1017.4938230094988	-74.88332435214039
1018.7518714545752	-74.86171490540232
1020.0099198996515	-74.8424684301899
1021.2679683447279	-74.82826026543864
1022.5260167898043	-74.81718933090363
1023.7840652348807	-74.80485962387439
1025.042113679957	-74.79190669327835
1026.3001621250335	-74.78124036924073
1027.5582105701098	-74.77168586303344
1028.8162590151862	-74.76253523827215
1030.0743074602626	-74.7540002420457
1031.332355905339	-74.74530107764836
1032.5904043504154	-74.7375725802689
1033.8484527954918	-74.73084063801038
1035.1065012405682	-74.72366489968478
1036.3645496856445	-74.71707053060899
1037.622598130721	-74.71104725619625
1038.8806465757973	-74.70474596392812
1040.1386950208737	-74.6992173075746
1041.39674346595	-74.6941445294703
1042.6547919110265	-74.68867109977734
1043.9128403561028	-74.68332304460621
1045.1708888011792	-74.67830507612972
1046.4289372462556	-74.67346322222082
1047.686985691332	-74.66893189613964
1048.9450341364084	-74.6642374841602
1050.2030825814848	-74.65946560760709
1051.4611310265611	-74.6551892017508
1052.7191794716375	-74.65091588430842
1053.977227916714	-74.64650706687456
1055.2352763617903	-74.6423300769789
1056.4933248068667	-74.63809936325241
1057.751373251943	-74.63396980004073
1059.0094216970194	-74.63006665371059
1060.2674701420958	-74.62594855818783
1061.5255185871722	-74.6219366924453
1062.7835670322486	-74.61816031819836
1064.041615477325	-74.61421195640284
1065.2996639224014	-74.61039405563284
1066.5577123674777	-74.60669390472195
1067.8157608125541	-74.60284786256835
1069.0738092576305	-74.59921372632039
1070.3318577027069	-74.59562428257087
1071.5899061477833	-74.59189938294276
1072.8479545928597	-74.58840817007085
1074.106003037936	-74.58491319509947
1075.3640514830124	-74.5813397646214
1076.6220999280888	-74.5779935962037
1077.8801483731652	-74.57458649887619
1079.1381968182416	-74.57116637544038
1080.396245263318	-74.56796115700746
1081.6542937083943	-74.56465680911853
1082.9123421534707	-74.56139635353395
1084.170390598547	-74.55831924387508
1085.4284390436235	-74.555128577515
1086.6864874886999	-74.55203540047677
1087.9445359337763	-74.54907946525535
1089.2025843788526	-74.54601170902893
1090.460632823929	-74.54308579651857
1091.7186812690054	-74.5402464256585
1092.9767297140818	-74.53731278413272
1094.2347781591582	-74.5345495464235
1095.4928266042346	-74.53182211081666
1096.750875049311	-74.52903258112072
1098.0089234943873	-74.526424584909
1099.2669719394637	-74.5238064378502
1100.52502038454	-74.52116803858576
1101.7830688296165	-74.5187046935039
1103.0411172746929	-74.5161960111672
1104.2991657197692	-74.51371240759381
1105.5572141648456	-74.51138096267748
1106.815262609922	-74.50898428490905
1108.0733110549984	-74.50665502333261
1109.3313595000748	-74.50444259791493
1110.5894079451512	-74.50216209857234
1111.8474563902275	-74.49998195307316
1113.105504835304	-74.49787738823115
1114.3635532803803	-74.49571776009644
1115.6216017254567	-74.4936771246353
1116.879650170533	-74.49167226726117
1118.1376986156095	-74.48963704224089
1119.3957470606858	-74.48772332256839
1120.6537955057622	-74.48581366710033
1121.9118439508386	-74.48390357778679
1123.169892395915	-74.48210306579234
1124.4279408409914	-74.48028744264997
1125.6859892860678	-74.4784995063442
1126.9440377311441	-74.47679937437415
1128.2020861762205	-74.47507869262432
1129.460134621297	-74.47340620143709
1130.7181830663733	-74.47179616120928
1130.999999999975	-74.47143861211337
1131.0000000000127	-74.47143861211337
