t	v
0.0	-70.0
0.0018387236857967577	-70.00193955142043
0.006555523100763456	-70.00552190836531
0.015211936456544745	-70.01070819075565
0.023868349812326037	-70.01516154082793
0.04030993895235423	-70.02245582506835
0.05675152809238242	-70.02854408345796
0.10904717786081428	-70.04220159758935
0.16134282762924615	-70.04924727929418
0.21363847739767802	-70.05198038888207
0.26593412716610987	-70.05183920176417
0.3531151460913135	-70.04778304848465
0.44029616501651714	-70.04023745339441
0.5776070147977967	-70.02453413115173
0.7149178645790764	-70.00583705845457
0.852228714360356	-69.98565103276407
1.0770852115658955	-69.951520620981
1.3019417087714351	-69.91757226117137
1.6840506272172382	-69.86239218535869
2.0661595456630413	-69.81183744285389
2.4482684641088444	-69.76586564094718
2.8303773825546474	-69.72378116249793
3.4156770497581697	-69.66565991834507
4.000976716961691	-69.61410084480576
4.918471639674749	-69.54448366256862
5.8359665623878065	-69.48606195121612
6.753461485100864	-69.43666971127
7.670956407813922	-69.39474156048901
8.58845133052698	-69.35926351307735
9.505946253240037	-69.32931800044078
10.423441175953094	-69.30388303289426
11.340936098666152	-69.28227538829543
12.25843102137921	-69.26404574991555
12.88915597509184	-69.25321036070532
13.519880928804472	-69.24355157839763
14.150605882517103	-69.23501319007794
14.781330836229735	-69.22756726255392
15.412055789942366	-69.22115641413741
16.042780743654998	-69.21570736707476
16.67350569736763	-69.21108828964145
17.30423065108026	-69.20717795430605
17.93495560479289	-69.2039317696171
18.56568055850552	-69.20126629306868
19.19640551221815	-69.1990972267779
19.60342067067034	-69.19797902555621
20.010435829122528	-69.19712718441983
20.417450987574718	-69.19651212019787
20.824466146026907	-69.19606124106348
21.231481304479097	-69.19572471310647
21.638496462931286	-69.19548595409648
22.045511621383476	-69.19534575743536
22.452526779835665	-69.19531120980005
22.859541938287855	-69.19538263060325
23.266557096740044	-69.19555163268436
23.673572255192234	-69.1958112792421
24.080587413644423	-69.19615671606432
24.487602572096613	-69.19658162163576
24.894617730548802	-69.19708174423413
25.30163288900099	-69.19765409425602
25.70864804745318	-69.1982930405013
26.376977205019596	-69.199471839913
27.04530636258601	-69.20078102351418
27.713635520152426	-69.20216331468762
28.38196467771884	-69.20358081036686
29.050293835285256	-69.20506305144215
29.71862299285167	-69.20666687375333
30.386952150418086	-69.20841974198919
31.0552813079845	-69.21031762258455
31.723610465550916	-69.21232251014122
32.39193962311733	-69.21437750522618
33.06026878068374	-69.21647091029288
33.728597938250154	-69.21860054508291
34.396927095816565	-69.22072902065723
34.80104817608994	-69.22201186078885
35.20516925636332	-69.223324509431
35.6092903366367	-69.22468580622163
36.013411416910074	-69.22608352332723
36.41753249718345	-69.22749184328538
36.82165357745683	-69.22888796098924
37.225774657730206	-69.2302581381985
37.62989573800358	-69.23160172912962
38.03401681827696	-69.23292542961102
38.43813789855034	-69.23423380883624
38.842258978823715	-69.23552922145197
39.24638005909709	-69.23681269072773
39.65050113937047	-69.23808251431333
40.054622219643846	-69.23933822134127
40.458743299917224	-69.240582110679
40.8628643801906	-69.24181479438121
41.26698546046398	-69.24303595696271
41.671106540737355	-69.24424681124123
42.07522762101073	-69.24544722041446
42.47934870128411	-69.24663627288979
42.88346978155749	-69.2478161955176
43.287590861830864	-69.24899054781106
43.69171194210424	-69.25016030004815
44.09583302237762	-69.25132359210157
44.499954102650996	-69.25247681589167
44.90407518292437	-69.25361657665813
45.30819626319775	-69.25474206746809
45.71231734347113	-69.25585395972935
46.116438423744505	-69.25695265658538
46.52055950401788	-69.25803900157896
46.92468058429126	-69.25911359023611
47.32880166456464	-69.26017582063322
47.732922744838014	-69.26122570437884
48.13704382511139	-69.26226397669242
48.54116490538477	-69.26329044723737
49.18529111414641	-69.26490100723626
49.82941732290805	-69.26647846676421
50.47354353166969	-69.2680182119305
51.11766974043133	-69.26951951961094
51.76179594919297	-69.27098964667448
52.40592215795461	-69.27243473576274
53.46971078561974	-69.27477392047979
54.533499413284865	-69.27706386353222
55.59728804094999	-69.27930933979371
56.66107666861512	-69.28150132584113
57.72486529628024	-69.28362290769917
59.33021910061678	-69.28667666485646
60.93557290495332	-69.28954970092751
62.540926709289856	-69.29225862678193
64.1462805136264	-69.29481572911675
65.75163431796292	-69.29721994291037
67.35698812229946	-69.29947820020799
68.96234192663599	-69.30163676194978
70.56769573097252	-69.30371965011707
72.17304953530905	-69.30569585185322
73.77840333964558	-69.30758526597961
74.66527422881113	-69.30861057874304
75.55214511797668	-69.30962497273549
76.43901600714223	-69.3106212586963
77.32588689630778	-69.31158835078793
78.21275778547333	-69.31250973317549
79.09962867463888	-69.31337772215089
79.98649956380443	-69.31419942456833
80.87337045296998	-69.31497557662857
81.76024134213553	-69.31570895810788
82.64711223130108	-69.31641997036904
83.53398312046663	-69.3171108095677
84.42085400963218	-69.31776789974316
85.30772489879773	-69.31841249336914
86.19459578796328	-69.31905356835519
86.70014063014449	-69.3194079824122
87.2056854723257	-69.31974256384446
87.7112303145069	-69.32005749406954
88.21677515668812	-69.32035846949093
88.72231999886932	-69.32065195670829
89.22786484105053	-69.32094386349654
89.73340968323174	-69.32123767978051
90.57800577320364	-69.32173320892224
91.42260186317554	-69.32223133011034
94.6247321765247	-69.32403484507388
97.82686248987386	-69.32572960016088
101.02899280322302	-69.32728535636237
104.23112311657218	-69.32860872490929
107.43325342992134	-69.3297912540182
110.6353837432705	-69.33102995975034
113.83751405661965	-69.33218311762396
117.03964436996881	-69.3330840005478
121.88552278434663	-69.33421116041232
126.73140119872446	-69.33504434391828
131.5772796131023	-69.33567624028369
133.79400267501046	-69.33598303660435
136.01072573691863	-69.33628107305995
138.2274487988268	-69.33661099965029
140.44417186073497	-69.33692035479503
142.66089492264314	-69.3371722002425
148.20151293316374	-69.33779173856584
153.74213094368434	-69.33837267237013
159.28274895420495	-69.33856435928487
164.82336696472555	-69.33910046919466
170.36398497524615	-69.33952357659116
175.90460298576676	-69.33864343079571
177.2897574883969	-69.33842650603417
178.67491199102705	-69.3383861566645
180.0600664936572	-69.33847080446431
182.2761931774771	-69.33884170615734
184.492319861297	-69.33921475502903
186.7084465451169	-69.33952271210072
190.50921958240758	-69.33999230502374
196.8357587909857	-69.34039363270284
203.1622979995638	-69.34072524612752
209.48883720814192	-69.34115779213622
215.81537641672003	-69.34118364187219
222.14191562529814	-69.34136288395675
228.46845483387625	-69.34179540029946
234.79499404245436	-69.34160120291932
241.12153325103247	-69.34191050453725
247.4480724596106	-69.34175570608895
253.7746116681887	-69.34134370612304
255.35624647033322	-69.34137529100894
256.93788127247774	-69.34144061210748
258.5195160746223	-69.34150139907042
262.0434736828862	-69.34167091464323
265.5674312911501	-69.34178592990611
269.091388899414	-69.34192732060316
272.61534650767794	-69.34202851957257
276.13930411594185	-69.34202713725593
279.66326172420577	-69.34205503358147
283.1872193324697	-69.34218753905392
286.7111769407336	-69.3422162023467
290.2351345489975	-69.34211321398563
297.49973965683205	-69.34241262953128
304.7643447646666	-69.34210774091582
312.02894987250113	-69.34255604020315
319.29355498033567	-69.34315257373284
321.1097062572943	-69.34308222908605
322.92585753425294	-69.34298780682578
324.7420088112116	-69.3428673321979
327.78826893728103	-69.34273258703
330.8345290633505	-69.34262746258209
337.0016687610766	-69.34247012847699
349.56659689008296	-69.34265536099535
362.13152501908934	-69.34226143584725
374.6964531480957	-69.34288340204432
377.8376851803473	-69.34277955862308
380.9789172125989	-69.34266018222046
384.1201492448505	-69.34269399722982
390.3319356274454	-69.34262658988523
396.54372201004026	-69.3424587371222
402.75550839263514	-69.34305300654925
405.93069446441854	-69.34318621380572
409.10588053620194	-69.3432242330652
412.28106660798534	-69.34340325461486
415.45625267976874	-69.34348223040969
418.63143875155214	-69.34332333007613
424.05726757252097	-69.34310051941644
429.4830963934898	-69.34273645775373
434.90892521445863	-69.34277521428294
440.33475403542747	-69.34322564029135
441.6912112406697	-69.34330383980452
443.04766844591194	-69.34330570632179
444.4041256511542	-69.34322661599673
445.7605828563964	-69.34310940033633
447.11704006163865	-69.34300914549115
448.17701660589825	-69.34294502922177
449.23699315015784	-69.34288871753623
450.29696969441744	-69.34284090166942
453.51101089219645	-69.34270301066383
456.72505208997546	-69.34267294757764
459.9390932877545	-69.34263180141345
463.1531344855335	-69.34254544533606
465.63005253039563	-69.34254729201385
468.1069705752578	-69.34254433373751
470.5838886201199	-69.34260666266199
473.06080666498207	-69.34264067511894
475.5377247098442	-69.34259805638747
479.3626082909152	-69.34256602038751
483.1874918719862	-69.34267445716267
487.0123754530572	-69.3426983613809
490.8372590341282	-69.34275218986964
494.6621426151992	-69.34272091722552
498.48702619627016	-69.34274146036235
502.31190977734116	-69.34285580069351
504.30577403059885	-69.34294458034557
506.29963828385655	-69.34292590991343
508.29350253711425	-69.34290164320436
510.28736679037195	-69.34288316537847
515.669274203524	-69.34276454990284
521.051181616676	-69.34277219210047
526.433089029828	-69.34261854621307
530.9999999999882	-69.34254696285223
531.0000000000059	-69.34254696285223
531.0003084368071	-69.32437852117903
531.0006168736084	-69.30860223439223
531.0013018323259	-69.27908568323795
531.0023310952838	-69.24094818402747
531.0033603582417	-69.2065680383123
531.0050182102885	-69.1569682920469
531.0066760623354	-69.11125483674455
531.0083339143822	-69.0683861377303
531.0118875028215	-68.98276894226478
531.0154410912609	-68.90356638630398
531.0237010879231	-68.73666866320133
531.0319610845853	-68.58780546621975
531.0402210812475	-68.45118299748654
531.0484810779097	-68.32350546331746
531.056741074572	-68.20286415521646
531.0706807232252	-68.01159076948468
531.0846203718785	-67.83373445710325
531.1064611104745	-67.57701729365787
531.1283018490705	-67.34239877409696
531.166080752635	-66.97783394874878
531.2038596561996	-66.65373083496031
531.2416385597642	-66.36128131437546
531.2794174633287	-66.09490867206173
531.3171963668933	-65.85049238164765
531.3778314465998	-65.49648888173193
531.4384665263062	-65.18040664305204
531.4991016060127	-64.89445283298654
531.5951166492338	-64.49054059574507
531.6911316924549	-64.13289199004367
531.787146735676	-63.810460265132576
531.9585763059409	-63.29843317377874
532.1300058762059	-62.84534762661849
532.3014354464709	-62.43495846915698
532.4728650167359	-62.05572209581729
532.6442945870009	-61.699048270145596
532.8157241572659	-61.35965011061587
533.0979309496199	-60.83075149205269
533.380137741974	-60.33290280081353
533.662344534328	-59.861285787330225
533.944551326682	-59.41145257166538
534.3819660356236	-58.7505019507028
534.8193807445651	-58.127169859559025
535.2567954535067	-57.53509575248195
535.6942101624483	-56.96844467115111
536.3569249501535	-56.143805782019086
537.0196397378587	-55.341780929076926
537.6823545255639	-54.535426061727755
538.3450693132692	-53.69606755978408
539.0077841009744	-52.75550710003082
539.6704988886796	-51.575794242560214
539.8361775856059	-51.211666262871184
540.0018562825322	-50.79239430746144
540.1675349794585	-50.29821018946886
540.3332136763848	-49.70272062349001
540.4988923733112	-48.92807249789513
540.5403120475427	-48.69032896209355
540.5817317217742	-48.42408643435538
540.6231513960057	-48.12329256126413
540.6645710702372	-47.782313371975135
540.7059907444687	-47.38833782573825
540.7474104187003	-46.92030275064342
540.7888300929318	-46.34597650624198
540.8302497671633	-45.61072915038566
540.8406046857212	-45.39299469559642
540.8509596042792	-45.15579066045663
540.8613145228371	-44.895771115718894
540.8792320621463	-44.37938361535939
540.8971496014556	-43.753915555477306
540.9150671407648	-42.97677231078978
540.932984680074	-41.98530755414265
540.9430541168311	-41.303527978624295
540.9531235535883	-40.507866136073375
540.9631929903454	-39.581299195917346
540.9732624271026	-38.511879048544756
540.9833318638597	-37.29460447518462
540.9934013006168	-35.93299958451103
541.003470737374	-34.437546970627345
541.0135401741311	-32.81901326761397
541.0236096108882	-31.084948001681468
541.0336790476454	-29.23708663907789
541.0437484844025	-27.273227084991664
541.0538179211596	-25.187037427213532
541.0638873579168	-22.970315798227638
541.0739567946739	-20.614595281051994
541.084026231431	-18.114651631814674
541.0940956681882	-15.469972422321513
541.1041651049453	-12.688704094156359
541.1142345417024	-9.790460134188017
541.1243039784596	-6.805421006707956
541.1396195262694	-2.196845491477906
541.1549350740792	2.328997874365513
541.170250621889	6.585421808410273
541.1855661696987	10.424484220903848
541.2008817175085	13.765990398651162
541.2161972653183	16.594703297030165
541.2315128131281	18.941203134011236
541.2468283609379	20.861168581833265
541.2621439087477	22.419342489472868
541.2774594565575	23.67884778333287
541.2927750043673	24.6952958023722
541.3080905521771	25.5145791203027
541.3234060999869	26.173009960919202
541.3387216477967	26.69873554905321
541.3540371956065	27.113495318496437
541.3693527434162	27.434027017447193
541.384668291226	27.673087568140854
541.3999838390358	27.84045801498559
541.4152993868456	27.94402447006663
541.4306149346554	27.990664302936402
541.4459304824652	27.98675278161139
541.461246030275	27.93831081486188
541.4765615780848	27.850973510163527
541.4918771258946	27.72978753249431
541.5071926737044	27.57895259064009
541.5225082215142	27.401639642745256
541.537823769324	27.200013621004903
541.5531393171337	26.975411224503976
541.5632330328856	26.81518183162315
541.5733267486374	26.645395675571454
541.5834204643893	26.46609891734856
541.5935141801411	26.277293213918576
541.603607895893	26.07896430362666
541.6137016116448	25.871104449880747
541.6237953273967	25.653725139066122
541.6338890431485	25.426864080484712
541.6439827589004	25.190589102753037
541.6540764746522	24.944998542817753
541.6641701904041	24.690217874150637
541.6742639061559	24.426393732074494
541.6843576219078	24.153686886720603
541.6944513376596	23.872265390361143
541.7045450534115	23.582298862270616
541.7146387691633	23.283954555809526
541.7247324849152	22.977395310468932
541.734826200667	22.662779021057712
541.7449199164189	22.340259104292716
541.7550136321707	22.009985514567177
541.7651073479226	21.67210600568413
541.7752010636744	21.32676746068672
541.7852947794263	20.974117388222908
541.7953884951781	20.614305515924226
541.80548221093	20.247485403635025
541.8155759266818	19.873815767219636
541.8256696424337	19.493461210180694
541.8357633581855	19.106592238649537
541.8458570739374	18.713384636587122
541.8559507896892	18.314018381236814
541.8660445054411	17.908676285837867
541.876138221193	17.497542539314473
541.8862319369448	17.08080130244733
541.8963256526966	16.658635493463517
541.9064193684485	16.231225839268195
541.9165130842003	15.798750203147097
541.9266067999522	15.361383153383466
541.936700515704	14.919295718131
541.9467942314559	14.472655272600663
541.9568879472077	14.021625515792303
541.9669816629596	13.566366507905927
541.9770753787114	13.107034749045429
541.9871690944633	12.643783282468064
541.9972628102151	12.176761806590907
542.007356525967	11.706116785401338
542.0174502417188	11.231991555656855
542.0275439574707	10.754526434581312
542.0376376732225	10.273858830492191
542.0530967311026	9.531789157312755
542.0685557889827	8.782994230588729
542.0840148468628	8.027931580439056
542.0994739047429	7.267045686927221
542.114932962623	6.50076873127613
542.1303920205031	5.729521181719786
542.1458510783832	4.953712324373194
542.1613101362633	4.173740640508861
542.1767691941434	3.3899984217274417
542.1922282520235	2.60288244387179
542.2076873099036	1.8128003160498936
542.2231463677837	1.0201608613462083
542.2386054256638	0.2253626274460832
542.2540644835439	-0.5712052686372433
542.269523541424	-1.3691573358487408
542.284982599304	-2.168121134305316
542.3004416571841	-2.9677372798663924
542.3159007150642	-3.7676690596778672
542.3313597729443	-4.567599702632099
542.3468188308244	-5.367221847750913
542.3622778887045	-6.166249706833788
542.3777369465846	-6.964417545658619
542.3931960044647	-7.761468159476792
542.4086550623448	-8.557172595506207
542.4241141202249	-9.35128802154502
542.439573178105	-10.143583798676724
542.4550322359851	-10.93377773933217
542.4704912938652	-11.721619043270382
542.4859503517453	-12.506896244710783
542.5014094096254	-13.289044148043402
542.5168684675054	-14.067649974464318
542.5323275253855	-14.842366264243806
542.5477865832656	-15.612779336837344
542.5632456411457	-16.378451304178743
542.5787046990258	-17.139011739579235
542.5941637569059	-17.894185332689364
542.609622814786	-18.643757987066586
542.6250818726661	-19.38754510538014
542.6405409305462	-20.125394759698597
542.6559999884263	-20.857199919559857
542.6714590463064	-21.58289002592406
542.6869181041865	-22.302409526916584
542.7023771620666	-23.01570664238694
542.7178362199467	-23.72273441052503
542.7332952778268	-24.423449832690046
542.7487543357068	-25.117805773277464
542.7642133935869	-25.805743005245823
542.779672451467	-26.487184777357573
542.7951315093471	-27.162033246863963
542.8105905672272	-27.830165746248806
542.8260496251073	-28.491431275865203
542.8415086829874	-29.145647850022772
542.8569677408675	-29.792600824958907
542.8724267987476	-30.43204262471831
542.8878858566277	-31.063694271105575
542.9033449145078	-31.68724845133257
542.9188039723879	-32.30237358773868
542.934263030268	-32.90871872535846
542.9497220881481	-33.50591964541834
542.9651811460282	-34.09360661909763
542.9806402039083	-34.6714123490758
542.9960992617883	-35.23897816947059
543.0115583196684	-35.79595975947452
543.0270173775485	-36.34203229773726
543.0424764354286	-36.8768966556101
543.0579354933087	-37.400284085009474
543.0733945511888	-37.91196187358885
543.0888536090689	-38.41173754836078
543.104312666949	-38.89946104654733
543.1197717248291	-39.37502818686786
543.1352307827092	-39.83837964974353
543.1506898405893	-40.28950151723524
543.1661488984694	-40.72842490633472
543.1816079563495	-41.155219439628176
543.1970670142296	-41.56999143294223
543.2125260721097	-41.97287757535355
543.2279851299897	-42.36403691999108
543.2434441878698	-42.74365742876899
543.2589032457499	-43.1120072148339
543.27436230363	-43.469289049547044
543.2898213615101	-43.815702271602966
543.3052804193902	-44.15145391664316
543.3207394772703	-44.476760248381034
543.3361985351504	-44.7918297423243
543.3516575930305	-45.096865699393334
543.3671166509106	-45.392076124357956
543.3825757087907	-45.67767846769594
543.3980347666708	-45.95389914489218
543.4134938245509	-46.22097206924472
543.428952882431	-46.479138153124296
543.444411940311	-46.728645360068484
543.4687306967558	-47.10424386305081
543.4930494532005	-47.460073190177624
543.5173682096452	-47.797170583449514
543.5416869660899	-48.116611115617935
543.5660057225346	-48.419465282350195
543.5903244789793	-48.70680008723762
543.614643235424	-48.97966815197127
543.6529084884988	-49.38218928413185
543.6911737415737	-49.755193589201546
543.7294389946486	-50.10227311367642
543.7677042477235	-50.426640277681976
543.8059695007984	-50.73119316556258
543.8442347538733	-51.01851967566563
543.8825000069481	-51.29090214098789
543.9406078486061	-51.68030675545784
543.998715690264	-52.045632023357435
544.056823531922	-52.39157792583439
544.1617267284979	-52.97827425863089
544.2666299250739	-53.528493093169466
544.3715331216498	-54.05078350363647
544.4764363182258	-54.55027872665217
544.5813395148017	-55.0297277933381
544.6862427113776	-55.490236409956935
544.7911459079536	-55.932062896353244
544.9645138973468	-56.622067572197786
545.13788188674	-57.26217128002376
545.3112498761333	-57.85201208566827
545.4846178655265	-58.39174922168477
545.6579858549197	-58.883142453944686
545.831353844313	-59.32944482446113
546.0992969642712	-59.93814930033845
546.3672400842294	-60.45988490245794
546.6351832041876	-60.90431882642145
546.9031263241458	-61.27897866805527
547.171069444104	-61.59181987250327
547.4390125640622	-61.8511960033013
547.7069556840204	-62.0642365646173
548.1376620014971	-62.32323976778208
548.5683683189739	-62.49591817094944
548.9990746364506	-62.59837423415144
549.4297809539273	-62.64417483715878
549.860487271404	-62.64459975015231
550.2911935888808	-62.60891009100886
550.993872928759	-62.49249607622136
551.6965522686371	-62.32553518847312
552.3992316085153	-62.126509765453704
553.1019109483934	-61.90902907572421
553.8045902882716	-61.68309244363459
554.5072696281497	-61.455575530795706
555.2099489680279	-61.231635905332524
555.9126283079061	-61.01452908445898
556.6153076477842	-60.806505535268556
557.3179869876624	-60.60874433083074
558.0206663275405	-60.42225290133903
558.7233456674187	-60.24711425029205
559.4260250072969	-60.083509374390864
560.128704347175	-59.93092883760011
560.8313836870532	-59.789101582085955
561.5340630269313	-59.65724612950075
562.2367423668095	-59.53533484275152
562.9394217066877	-59.42270601174542
563.6421010465658	-59.318950813209305
564.344780386444	-59.222853293351655
565.0474597263221	-59.13414253885729
565.7501390662003	-59.052492442973936
566.4528184060784	-58.9772754639651
567.1554977459566	-58.907865512549414
567.8581770858348	-58.843582053004056
568.5608564257129	-58.784219291723
569.2635357655911	-58.72946015518361
569.9662151054692	-58.678902837215496
570.6688944453474	-58.63212911768759
571.3715737852256	-58.58884649689914
572.4603025448577	-58.52808925499612
573.5490313044897	-58.474087004419154
574.6377600641218	-58.42581600980167
575.7264888237539	-58.382408036524794
576.815217583386	-58.343253294892776
577.9039463430181	-58.307719667632306
578.9926751026502	-58.275342441167766
580.0814038622823	-58.245385923957244
581.1701326219144	-58.21757751780326
582.2588613815465	-58.191569582956696
583.3475901411786	-58.16714436275463
584.4363189008106	-58.14388183837597
585.5250476604427	-58.12183510491597
586.6137764200748	-58.10034946577298
587.2759787127719	-58.087565232186535
587.938181005469	-58.07494533190307
588.6003832981661	-58.06242877655711
589.2625855908632	-58.05003174353186
589.9247878835603	-58.037705433194326
591.081560322772	-58.01636852302521
592.2383327619838	-57.99510057790235
593.3951052011955	-57.97383751355263
595.3400350851539	-57.93764270100204
597.2849649691123	-57.900605438229746
600.8591845965561	-57.82938780717113
604.433404224	-57.753364239016236
606.6467894990819	-57.703729768021226
608.8601747741639	-57.65214112303015
611.0735600492458	-57.59842397231079
613.2869453243277	-57.542459920463266
615.5003305994096	-57.484881078237166
616.6755262486611	-57.45391338772698
617.8507218979125	-57.42246009431479
619.025917547164	-57.3902801097384
620.2011131964155	-57.35740096104431
621.3763088456669	-57.32387929985017
622.5515044949184	-57.289919554255285
623.2989252438254	-57.26808297647656
624.0463459927323	-57.24607966863727
624.7937667416393	-57.22391613821599
625.5411874905462	-57.201581342429684
626.2886082394532	-57.17904999133919
627.9277581879765	-57.128993622512695
629.5669081364997	-57.07821198323336
631.206058085023	-57.02664449709095
632.8452080335462	-56.97476686746606
634.4843579820695	-56.921690053078265
636.1235079305927	-56.86797089399958
637.762657879116	-56.81386207572643
639.4018078276392	-56.75899552405439
641.0409577761625	-56.7046920854819
642.6801077246857	-56.64819203930048
644.319257673209	-56.591365617762094
645.9584076217322	-56.53496467525628
647.5975575702555	-56.477194252441635
649.2367075187788	-56.42274554236312
650.875857467302	-56.361469421445584
651.7863005664714	-56.32842812127383
652.6967436656407	-56.29714024084622
653.6071867648101	-56.26449184794723
654.5176298639794	-56.23511109809996
655.4280729631488	-56.19919641370248
656.3385160623181	-56.17215265653271
657.2489591614875	-56.14179710097964
658.1594022606569	-56.114107006193514
659.0698453598262	-56.08102696543
659.9802884589956	-56.048086754383284
660.8907315581649	-56.006653213392106
661.8011746573343	-55.98142005050544
662.7116177565036	-55.95278101852826
663.622060855673	-55.91439311607766
664.5325039548424	-55.8773863771048
665.4429470540117	-55.83515685392482
666.3533901531811	-55.79916992522276
667.2638332523504	-55.76408497147547
668.1742763515198	-55.739138389006456
669.0847194506891	-55.70822147557931
669.9951625498585	-55.6692718575661
670.9056056490278	-55.63850452657665
671.8160487481972	-55.60647370153431
672.7264918473666	-55.57304345717122
673.6369349465359	-55.53621413622981
674.5473780457053	-55.50248555675987
675.4578211448746	-55.46018756827011
676.368264244044	-55.42045699503405
677.2787073432133	-55.37987679782738
678.1891504423827	-55.34910316598494
679.099593541552	-55.31680671256361
680.0100366407214	-55.27753707027959
680.9204797398908	-55.24644948502029
681.8309228390601	-55.212979334772356
682.7413659382295	-55.17722937889927
683.6518090373988	-55.13886169340306
685.1192229603614	-55.07659038301422
686.586636883324	-55.01065259389176
688.0540508062866	-54.9454126214516
689.5214647292491	-54.874361265234256
690.9888786522117	-54.812931617612996
692.4562925751743	-54.74590775716355
693.9237064981369	-54.68164826272971
695.3911204210995	-54.61107147519314
696.858534344062	-54.54366479020066
698.3259482670246	-54.47052793945644
699.7933621899872	-54.399267718695164
701.2607761129498	-54.32183175639597
702.7281900359123	-54.245874697476026
704.1956039588749	-54.16294049353811
705.6630178818375	-54.080908698486006
707.1304318048001	-53.99022081828869
708.5978457277627	-53.90005234478971
710.0652596507252	-53.7983588463377
711.5326735736878	-53.69691087304426
713.0000874966504	-53.57866907758754
714.467501419613	-53.460833520160335
714.8343549003536	-53.425466398979026
715.2012083810941	-53.38913068547668
715.5680618618347	-53.353014988384416
716.1974877630183	-53.289474989797
716.8269136642019	-53.22497063995395
717.4563395653855	-53.15355736769934
718.0857654665691	-53.07945428168068
718.7151913677527	-53.00263648403963
719.1435847650303	-52.94591719199898
719.5719781623078	-52.88787522196432
720.0003715595853	-52.82550436571839
720.4287649568629	-52.7587012639583
721.2467590536105	-52.62237337516231
722.0647531503581	-52.46589913201428
722.8827472471057	-52.28368219452516
723.7007413438533	-52.0733301379919
724.518735440601	-51.81268058457462
725.3367295373486	-51.47529982899731
726.1547236340962	-51.055098265829024
726.4647271633754	-50.83843871515179
726.7747306926547	-50.56903889059582
727.0847342219339	-50.238144211386135
727.3947377512131	-49.81192136481168
727.4722386335329	-49.68642987109967
727.5497395158527	-49.54899441159741
727.6712625699051	-49.30515407111197
727.7927856239576	-49.01789378777877
727.91430867801	-48.67447945995777
728.0358317320624	-48.246820225065974
728.0662124955755	-48.12420964845313
728.0965932590886	-47.99257611512407
728.1611674409181	-47.67531639026046
728.2257416227476	-47.29735112263881
728.2608707966203	-47.05899421436233
728.2959999704931	-46.789708769728115
728.3311291443658	-46.48179067638065
728.3662583182386	-46.12245222265721
728.4013874921113	-45.69366139157417
728.4198424890906	-45.43500026001671
728.4382974860698	-45.146289704761124
728.4567524830491	-44.81993452714216
728.4752074800283	-44.44725900528371
728.4936624770075	-44.01455991061416
728.5121174739868	-43.502970758694254
728.5213338057549	-43.21310103749668
728.530550137523	-42.89440579424367
728.5397664692912	-42.542010219145155
728.5489828010593	-42.15022656852503
728.5581991328274	-41.7124695861214
728.5674154645956	-41.221298200613816
728.5766317963637	-40.668642893930624
728.5858481281318	-40.046280903719776
728.5950644599	-39.346367069453336
728.6042807916681	-38.56342800447865
728.6134971234362	-37.69392725541554
728.6180744756155	-37.22922991793687
728.6226518277947	-36.74274559691444
728.6304773016794	-35.861998193490486
728.6383027755642	-34.92093799499079
728.6461282494489	-33.921804578333656
728.6539537233336	-32.86709569856707
728.6617791972184	-31.759024535763523
728.6696046711031	-30.59901066241971
728.6774301449879	-29.387549860725063
728.6894027733298	-27.43254494483588
728.7013754016717	-25.35131624123629
728.7133480300137	-23.137855305558773
728.7253206583556	-20.786117484287455
728.7372932866975	-18.29283596783987
728.7492659150395	-15.66265889199891
728.7612385433814	-12.910033863693915
728.7732111717233	-10.063287213015833
728.7851838000653	-7.161211082837875
728.7971564284072	-4.251743636253519
728.8091290567492	-1.389692254793996
728.8211016850911	1.370650827281574
728.833074313433	3.9820573308573284
728.845046941775	6.408952714096149
728.8570195701169	8.629196186362023
728.8689921984588	10.63352032230035
728.8809648268008	12.423476372796088
728.8929374551427	14.008653728622482
728.9049100834847	15.403839283333552
728.9168827118266	16.62657075032379
728.9288553401685	17.695287333573205
728.9408279685105	18.628071803130698
728.9528005968524	19.441858858603478
728.9647732251943	20.15197228437877
728.9767458535363	20.77189947577851
728.9887184818782	21.313250096641454
729.0006911102201	21.78584711089041
729.0126637385621	22.197888944731616
729.024636366904	22.556136040102977
729.036608995246	22.866110185719442
729.0485816235879	23.132312409111464
729.0605542519298	23.358451977144398
729.0725268802718	23.54765645892336
729.0844995086137	23.702700069747426
729.0964721369556	23.826125541382833
729.1084447652976	23.92037195221622
729.1204173936395	23.987811681542095
729.1323900219815	24.030753529109997
729.1443626503234	24.051397384233304
729.1563352786653	24.051765671990132
729.1683079070073	24.033632597122693
729.1802805353492	23.99848163141387
729.1922531636911	23.947476699394567
729.2042257920331	23.88147432482749
729.216198420375	23.801052564424566
729.228171048717	23.706555519937577
729.2401436770589	23.59814935837538
729.2521163054008	23.475874493986908
729.2640889337428	23.339698259195206
729.2760615620847	23.189556127428162
729.2836993891317	23.08644758957151
729.2913372161787	22.97761739773125
729.2989750432257	22.863063414213812
729.3066128702727	22.742793486163855
729.3142506973197	22.616825493269896
729.3218885243667	22.485186882446662
729.3295263514137	22.347913747321584
729.3371641784607	22.205049521333635
729.3448020055077	22.05664345619791
729.3524398325548	21.902749097532052
729.3600776596018	21.743422925704316
729.3677154866488	21.578723250529364
729.3753533136958	21.408709381057054
729.3829911407428	21.233441053458012
729.3906289677898	21.0529780839373
729.3982667948368	20.867380207538584
729.4059046218838	20.67670705990154
729.4135424489308	20.481018258617055
729.4211802759778	20.280373547115556
729.4288181030248	20.074832976013845
729.4364559300718	19.86445711135088
729.4440937571188	19.64930726900815
729.4517315841658	19.429445776272107
729.4593694112128	19.204936254762956
729.4670072382598	18.975843907915127
729.4746450653068	18.74223578646573
729.4822828923539	18.50418100139108
729.4899207194009	18.261750856925982
729.4975585464479	18.015018885294733
729.5051963734949	17.764060776748266
729.5128342005419	17.508954210492846
729.5204720275889	17.24977858476565
729.5281098546359	16.9866147661442
729.5357476816829	16.719544657767777
729.5433855087299	16.448650877237238
729.5510233357769	16.17401641263209
729.5586611628239	15.895724299073784
729.5662989898709	15.613857336818148
729.5739368169179	15.32849785660784
729.5815746439649	15.039727532686689
729.5892124710119	14.747627240491699
729.5968502980589	14.452276953404814
729.604488125106	14.153755671406334
729.6160093653185	13.697625585652126
729.6275306055311	13.23472053723851
729.6390518457437	12.765298341200893
729.6505730859562	12.289611014907063
729.6620943261688	11.807904957423437
729.6736155663814	11.320421148272356
729.685136806594	10.827395244528002
729.6966580468065	10.329057624487538
729.7081792870191	9.825633443550876
729.7197005272317	9.317342732789262
729.7312217674443	8.804400538207197
729.7427430076568	8.28701708530237
729.7542642478694	7.76539795515914
729.765785488082	7.239744266148186
729.7773067282945	6.710252861919085
729.7888279685071	6.177116506965718
729.8003492087197	5.640524085127402
729.8118704489323	5.100660788428794
729.8233916891448	4.557708279620858
729.8349129293574	4.011844814071864
729.84643416957	3.463245313049089
729.8579554097826	2.91208173500583
729.8694766499951	2.3585245020378696
729.8809978902077	1.8027443903578255
729.8925191304203	1.2449130749046722
729.9040403706329	0.6852016254399659
729.9155616108454	0.12377932669429186
729.927082851058	-0.4391860976825807
729.9386040912706	-1.0035298700695812
729.9501253314832	-1.5690895781702967
729.9616465716957	-2.1357053579084293
729.9731678119083	-2.703223821817177
729.9846890521209	-3.271494882117126
729.9962102923334	-3.8403703606697572
730.007731532546	-4.409709904395879
730.0192527727586	-4.979378241565618
730.0307740129712	-5.54924062454528
730.0422952531837	-6.119168731327854
730.0538164933963	-6.689044579020583
730.0653377336089	-7.25874746236667
730.0768589738215	-7.828156678405151
730.088380214034	-8.397162954039587
730.0999014542466	-8.965663130798243
730.1114226944592	-9.533541174176184
730.1229439346718	-10.100687354133976
730.1344651748843	-10.66698360618824
730.1459864150969	-11.232307092204554
730.1575076553095	-11.796550017611883
730.169028895522	-12.359589364567025
730.1805501357346	-12.92121020896747
730.1920713759472	-13.481243660202347
730.2035926161598	-14.039533175306289
730.2223109864696	-14.942400074531427
730.2410293567793	-15.839371184757058
730.2597477270891	-16.729842363849002
730.2784660973989	-17.613247182916574
730.2971844677087	-18.489115123729782
730.3159028380185	-19.357109029745335
730.3346212083283	-20.216968696150893
730.353339578638	-21.06848863892508
730.3720579489478	-21.911501007418693
730.3907763192576	-22.745863982272276
730.4094946895674	-23.5714525601621
730.4282130598772	-24.388146526131532
730.446931430187	-25.195815157908484
730.4656498004967	-25.994303628821793
730.4843681708065	-26.78342321419169
730.5030865411163	-27.562943705173122
730.5218049114261	-28.332586946552734
730.5405232817359	-29.092022138534166
730.5592416520457	-29.840864604738766
730.5779600223555	-30.57867964290209
730.5966783926652	-31.304991744836304
730.615396762975	-32.01929438640019
730.6341151332848	-32.72106325837257
730.6528335035946	-33.409769010821876
730.6715518739044	-34.08489064279393
730.6902702442142	-34.74592982205188
730.708988614524	-35.39242496754815
730.7277069848337	-36.023964036608476
730.7464253551435	-36.64019568844325
730.7651437254533	-37.24083826633724
730.7838620957631	-37.825685731373035
730.8025804660729	-38.39461043765149
730.8212988363827	-38.947564988198216
730.8400172066924	-39.48457802795184
730.8587355770022	-40.00575089684654
730.877453947312	-40.511244036236974
730.8961723176218	-41.00126361244393
730.9148906879316	-41.47604391785027
730.9336090582414	-41.935845747604375
730.9523274285511	-42.38096541091422
730.9710457988609	-42.81172973774318
730.9897641691707	-43.22849725617977
731.0084825394805	-43.631573915451774
731.0272009097903	-44.02126224455128
731.0459192801001	-44.39788092555067
731.0646376504098	-44.7617454555618
731.0833560207196	-45.1131608499178
731.1020743910294	-45.452432658210235
731.1207927613392	-45.77987875811801
731.139511131649	-46.09583244999069
731.1582295019588	-46.40063956784659
731.1769478722686	-46.69465562173744
731.2054553362673	-47.12252567561692
731.233962800266	-47.52754112580065
731.2624702642647	-47.91106573698477
731.2909777282634	-48.2744830733313
731.3194851922622	-48.61917619759294
731.3479926562609	-48.94650822753708
731.3911869361314	-49.41233264397086
731.4343812160018	-49.845694574611585
731.4775754958723	-50.250637953351195
731.5207697757428	-50.630814699976575
731.5639640556133	-50.98946774805132
731.6296627549606	-51.50001260080418
731.6953614543079	-51.97568949022031
731.7948056986222	-52.64415046353978
731.8942499429365	-53.26522682766237
731.9936941872509	-53.84954587308313
732.0931384315652	-54.40478400757267
732.1925826758795	-54.93610373024406
732.2920269201938	-55.44592394575726
732.3914711645082	-55.935064798310485
732.4909154088225	-56.40427376708332
732.5903596531368	-56.85447963469813
732.6898038974512	-57.28616238786886
732.7892481417655	-57.69926580171341
732.8886923860798	-58.09381627343519
732.9881366303941	-58.470267400915134
733.1575998340012	-59.07135227255005
733.3270630376082	-59.623697405286414
733.4965262412153	-60.13035904844444
733.6659894448223	-60.594373208813614
733.8354526484294	-61.01856101675448
734.0049158520364	-61.40574406261406
734.2625742778246	-61.929717849389334
734.5202327036127	-62.383775918781296
734.7778911294008	-62.775803708678225
735.0355495551889	-63.11302653353682
735.2932079809771	-63.401973341847956
735.5508664067652	-63.64809208241223
735.8085248325533	-63.85608461227533
736.0661832583414	-64.03034593603724
736.3238416841295	-64.17485934632626
736.7362460523815	-64.35232911732018
737.1486504206334	-64.47391527160418
737.5610547888854	-64.54951697854291
737.9734591571373	-64.58725183757964
738.3858635253893	-64.59393511972507
738.7982678936412	-64.5752524615408
739.2106722618931	-64.53592071273522
739.6230766301451	-64.47990664895539
740.035480998397	-64.41056289940832
740.447885366649	-64.33069342612852
741.0811908546451	-64.19278977331018
741.7144963426413	-64.04218412410262
742.3478018306374	-63.88386541231748
743.3094167806416	-63.637016362306774
744.2710317306459	-63.39021466783873
745.2326466806501	-63.148761416353196
746.1942616306543	-62.91577786920359
747.1558765806585	-62.69293066624807
748.1174915306627	-62.48124678483185
749.079106480667	-62.281104579399994
750.0407214306712	-62.09225840533247
751.0023363806754	-61.91400805524538
751.9639513306796	-61.74586217984719
752.605740646268	-61.638950460364434
753.2475299618565	-61.53592843893706
753.8893192774449	-61.436529460030606
754.5311085930333	-61.340595415705536
755.1728979086217	-61.248063422689214
755.8146872242102	-61.15885091796777
756.4564765397986	-61.07278023577903
757.098265855387	-60.98962031661494
757.7400551709754	-60.909211474669696
758.3818444865639	-60.83133868879434
759.0236338021523	-60.75584807479113
759.6654231177407	-60.68267883347321
760.106753004664	-60.63368024271775
760.5480828915873	-60.58563232834217
760.9894127785107	-60.53846407944472
761.430742665434	-60.49219710934249
761.8720725523573	-60.44687370974591
762.3134024392806	-60.40247675691091
762.7547323262039	-60.35896488162131
763.1960622131272	-60.31629227703735
763.6373921000505	-60.2744257883603
764.0787219869738	-60.233323905485804
764.5200518738972	-60.192953756740295
764.9613817608205	-60.153295896189874
765.4027116477438	-60.114347723339144
765.8440415346671	-60.07607727609263
766.2853714215904	-60.03845858448805
766.7267013085137	-60.001472015633574
767.168031195437	-59.96510828258869
767.6093610823604	-59.929336717166606
768.0506909692837	-59.89415174317576
768.492020856207	-59.85952670272957
768.9333507431303	-59.825441963606536
769.3746806300536	-59.791882686286144
769.8160105169769	-59.75884542028588
770.2573404039002	-59.72631400798426
770.6986702908235	-59.694284026013
771.1400001777469	-59.662729870967475
771.5813300646702	-59.63164619409513
772.0226599515935	-59.60100788645479
772.4639898385168	-59.57081663125057
772.9053197254401	-59.541031242710496
773.3466496123634	-59.51167347938489
773.7879794992867	-59.482704325591236
774.22930938621	-59.45414993539563
774.6706392731334	-59.425944570534675
775.1119691600567	-59.39811464907485
775.55329904698	-59.370636748939
775.9946289339033	-59.343532816374584
776.4359588208266	-59.31674342180887
776.8772887077499	-59.29031967954889
777.3186185946732	-59.26417350802845
777.7599484815966	-59.23834696739087
778.2012783685199	-59.21281989991811
778.6426082554432	-59.18764511565299
779.0839381423665	-59.16272120188316
779.5252680292898	-59.13812384357181
779.9665979162131	-59.11370671032889
780.4079278031364	-59.0896498707872
780.8492576900597	-59.0657207912787
781.2905875769831	-59.04222739333399
781.7319174639064	-59.0187441704414
782.1732473508297	-58.995798837173425
782.614577237753	-58.972666964031106
783.0559071246763	-58.95031120832177
783.4972370115996	-58.927435642510964
783.9385668985229	-58.90573715232829
784.3798967854462	-58.88292051820042
784.8212266723696	-58.86046573706489
785.2625565592929	-58.83800082157115
785.7038864462162	-58.81738199095531
786.1452163331395	-58.795717386264165
786.5865462200628	-58.77414122089964
787.0278761069861	-58.752295671453766
787.4692059939094	-58.732382623800696
787.9105358808328	-58.71140134155883
788.3518657677561	-58.69290708200372
788.7931956546794	-58.670775125679654
789.2345255416027	-58.648941187893435
789.675855428526	-58.626707579648674
790.1171853154493	-58.609525892936134
790.5585152023726	-58.58850727764349
790.999845089296	-58.57300375768186
791.4411749762193	-58.547373529582366
791.8825048631426	-58.52354305072354
792.3238347500659	-58.4981229422025
792.7651646369892	-58.48615074969564
793.2064945239125	-58.47453728478136
793.6478244108358	-58.454622856335746
794.0891542977591	-58.43317837538106
794.5304841846825	-58.41001983987327
794.9718140716058	-58.39299696960336
795.4131439585291	-58.37769691637764
795.8544738454524	-58.363688129013795
796.2958037323757	-58.343014463283374
796.737133619299	-58.323964548514965
797.1784635062223	-58.306998565656805
797.6197933931456	-58.293642152414044
798.061123280069	-58.27411187640217
798.5024531669923	-58.25558027951908
798.9437830539156	-58.23094799919605
799.3851129408389	-58.219861229975734
799.8264428277622	-58.20841940876321
800.2677727146855	-58.187582719060494
800.7091026016088	-58.166901666481095
801.1504324885321	-58.14525491257996
801.5917623754555	-58.129594023639356
802.0330922623788	-58.11048153647476
802.4744221493021	-58.09912446412485
802.9157520362254	-58.07597576295832
803.3570819231487	-58.062910763509834
803.6638620216153	-58.055568108194976
803.9706421200818	-58.041140149089856
804.2774222185484	-58.02526607438956
804.584202317015	-58.0091856440803
804.8909824154815	-57.99769373376906
805.1977625139481	-57.987646009274364
805.5045426124146	-57.97935275091235
805.8113227108812	-57.965951900241315
806.1181028093478	-57.95309107273311
806.4248829078143	-57.93866118003253
806.7316630062809	-57.930641969922796
807.0384431047474	-57.91626016006127
807.345223203214	-57.906570218238535
807.6520033016806	-57.89782950650498
807.9587834001471	-57.89108460395468
808.2655634986137	-57.87581719941843
808.5723435970802	-57.863499475823595
808.8791236955468	-57.85333699291138
809.1859037940134	-57.84540729025806
809.4926838924799	-57.831316791815354
809.7994639909465	-57.81564484881273
810.106244089413	-57.80356954130513
810.4130241878796	-57.79214637280625
810.7198042863462	-57.78219748248452
811.0265843848127	-57.77045835862056
811.3333644832793	-57.75899751390849
811.6401445817459	-57.743480624956504
811.9469246802124	-57.73220603340118
812.253704778679	-57.71993443217797
812.5604848771455	-57.71254398878311
812.8672649756121	-57.69426871660488
813.1740450740787	-57.67662766254688
813.4808251725452	-57.66228577693393
813.7876052710118	-57.65748476455672
814.0943853694783	-57.64086932667847
814.3046614630783	-57.627572525874335
814.5149375566783	-57.622874375674876
814.7252136502783	-57.61920575812062
814.9354897438783	-57.61264614835766
815.1457658374783	-57.6046604511505
815.3560419310783	-57.59815070368277
815.5663180246783	-57.58991110934572
815.7765941182782	-57.58028190023495
815.9868702118782	-57.57220280137581
816.1971463054782	-57.56676815843303
816.4074223990782	-57.55942808283629
816.6176984926782	-57.549974111188185
816.8279745862782	-57.54108507448423
817.0382506798782	-57.53493288048438
817.2485267734781	-57.52760941426158
817.4588028670781	-57.51903352360587
817.6690789606781	-57.51007250112409
817.8793550542781	-57.503587457841434
818.0896311478781	-57.49576962379284
818.2999072414781	-57.487910197551805
818.5101833350781	-57.480454126750374
818.720459428678	-57.4738139450596
818.930735522278	-57.4657483341694
819.141011615878	-57.45753489999987
819.351287709478	-57.448468971135696
819.561563803078	-57.441204267571976
819.771839896678	-57.432820496491374
819.982115990278	-57.425980638583916
820.192392083878	-57.41937450736791
820.402668177478	-57.41248935771928
820.6129442710779	-57.403626696116035
820.8232203646779	-57.39565107909548
821.0334964582779	-57.38664736074531
821.2437725518779	-57.37934464957296
821.4540486454779	-57.370186898090026
821.6643247390779	-57.36385589851884
821.8746008326779	-57.3544212205603
822.0848769262778	-57.348089790309444
822.2951530198778	-57.33694841105797
822.5054291134778	-57.33155764745505
822.6518423841675	-57.3300175340394
822.7982556548571	-57.32398491018153
822.9446689255468	-57.31638235557827
823.0910821962365	-57.309572386405996
823.2374954669261	-57.3042475401747
823.3839087376158	-57.29872685017102
823.5303220083055	-57.293745142450106
823.6767352789951	-57.28881912020616
823.8231485496848	-57.283650611386236
823.9695618203745	-57.27738418453233
824.1159750910641	-57.271657526503894
824.2623883617538	-57.26642881204115
824.4088016324434	-57.26158021323941
824.5552149031331	-57.255789117306605
824.7016281738228	-57.250184995667034
824.8480414445124	-57.24463102574519
824.9944547152021	-57.2396103906729
825.1408679858918	-57.23392774605642
825.2872812565814	-57.22850571048816
825.4336945272711	-57.22286523628741
825.5801077979607	-57.217137775425094
825.7265210686504	-57.21141651233154
825.8729343393401	-57.206105377431825
826.1314603112578	-57.19668162362743
826.3899862831755	-57.187073446147856
826.7997887023276	-57.17227964445681
827.4154239813257	-57.149847142529794
828.0310592603238	-57.12604098195018
828.6466945393219	-57.10383450286859
829.2623298183199	-57.07967165618883
829.877965097318	-57.05924263737968
830.4936003763161	-57.033068561035435
831.1092356553141	-57.008905203914814
831.7248709343122	-56.98401527767799
832.3405062133103	-56.96409485125415
832.9561414923083	-56.938666449256644
833.5717767713064	-56.92217710282373
834.1874120503045	-56.901835388817574
834.8030473293026	-56.8822939872566
835.4186826083006	-56.85463620251535
836.0343178872987	-56.83614825515763
836.6499531662968	-56.8150903819496
837.2655884452948	-56.795347290005466
837.8812237242929	-56.768120776878206
838.496859003291	-56.74239127948721
839.112494282289	-56.71493802333374
839.7281295612871	-56.691835260710775
840.3437648402852	-56.668933826612495
840.9594001192833	-56.65063400790363
841.5750353982813	-56.623776306623995
842.1906706772794	-56.59868506633625
842.8063059562775	-56.5731252532298
843.4219412352755	-56.554267690922224
844.0375765142736	-56.52743548029381
844.6532117932717	-56.502954227397126
845.2688470722698	-56.47738817901898
845.8844823512678	-56.45910559220212
846.5001176302659	-56.439208667460655
847.115752909264	-56.42056599635465
847.731388188262	-56.39508277760773
848.3470234672601	-56.37012505610353
848.9626587462582	-56.34330644666719
849.5782940252562	-56.32339289957158
850.1939293042543	-56.29688201179699
850.8095645832524	-56.272845999167394
851.4251998622505	-56.24671820967941
852.0408351412485	-56.22465739603256
852.6564704202466	-56.20185306501405
853.2721056992447	-56.18504604906206
853.8877409782427	-56.16492638669515
854.5033762572408	-56.14460909966111
855.1190115362389	-56.11793306615434
855.7346468152369	-56.10016467753764
856.350282094235	-56.080038964214864
856.9659173732331	-56.06032837787047
857.5815526522312	-56.03308166830949
858.1971879312292	-56.00739489560449
858.8128232102273	-55.98017535575361
859.4284584892254	-55.960688571714435
860.0440937682234	-55.94071926468164
860.6597290472215	-55.92267742537965
861.2753643262196	-55.89674932997095
861.8909996052176	-55.870782125941446
862.5066348842157	-55.84267778408992
863.1222701632138	-55.822918701004696
863.7379054422119	-55.803098400486654
864.3535407212099	-55.77889803411812
864.969176000208	-55.75800538934093
865.5848112792061	-55.72885356539193
866.2004465582041	-55.703212816265086
866.8160818372022	-55.677438203983854
867.4317171162003	-55.659477736082145
868.0473523951983	-55.639299124960566
868.6629876741964	-55.619395158088906
869.2786229531945	-55.59246944025702
869.8942582321926	-55.566595266096606
870.5098935111906	-55.539399916854435
871.1255287901887	-55.51889732106415
871.7411640691868	-55.49816474914437
872.3567993481848	-55.47902495542694
872.9724346271829	-55.45299836771275
873.588069906181	-55.426615892204865
874.203705185179	-55.398236010296735
874.8193404641771	-55.377192366953075
875.4349757431752	-55.35646411871416
876.0506110221733	-55.33733839971281
876.6662463011713	-55.313889771961954
877.2818815801694	-55.2897206476234
877.8975168591675	-55.25922481720557
878.5131521381655	-55.23236706882246
879.1287874171636	-55.20659490271064
879.7444226961617	-55.18741702543515
880.3600579751597	-55.165866902990565
880.9756932541578	-55.14421956822692
881.5913285331559	-55.11604838201532
882.206963812154	-55.08847706978893
882.822599091152	-55.05912585503831
883.4382343701501	-55.03694124188956
884.0538696491482	-55.01521817606539
884.6695049281462	-54.99554832726868
885.2851402071443	-54.96777774343407
885.9007754861424	-54.93865343960509
886.5164107651404	-54.906629972650194
887.1320460441385	-54.883765947057654
887.7476813231366	-54.86217125063199
888.3633166021347	-54.834481478431805
888.9789518811327	-54.80683229279417
889.5945871601308	-54.775623314651945
890.2102224391289	-54.74769662577963
890.8258577181269	-54.72032994413616
891.441492997125	-54.7006417090993
892.0571282761231	-54.666480721739035
892.6727635551212	-54.63304292603701
893.2883988341192	-54.60956656317575
893.9040341131173	-54.58527309628595
894.5196693921154	-54.55534022206306
895.1353046711134	-54.532941137111514
895.7509399501115	-54.50786682155022
896.3665752291096	-54.47880237403428
896.9822105081076	-54.44702783197713
897.9208684453725	-54.400542705375614
898.8595263826375	-54.357049879358286
899.7981843199024	-54.3062561404133
900.7368422571673	-54.26356963122894
901.6755001944322	-54.21097681097588
902.6141581316971	-54.16439315354249
903.552816068962	-54.110460204926945
904.4914740062269	-54.052868170935874
905.4301319434918	-53.998958163525685
906.3687898807567	-53.945458804609075
907.3074478180216	-53.887592716101935
908.2461057552865	-53.83451330047496
909.1847636925514	-53.77653532892204
910.1234216298163	-53.71053984351005
911.0620795670812	-53.642226033519584
912.0007375043461	-53.565259291065814
912.939395441611	-53.486324826426966
913.878053378876	-53.40184819266045
914.8167113161409	-53.31299455582148
915.7553692534058	-53.21390258667681
916.6940271906707	-53.10945630547566
917.6326851279356	-52.998128450620314
918.5713430652005	-52.86859565909517
919.5100010024654	-52.72870976279642
919.7446654867816	-52.68825422582895
919.9793299710979	-52.6459575925127
920.2139944554141	-52.60330459586188
920.6656513235782	-52.517517845735505
921.1173081917424	-52.4265488580337
921.5689650599065	-52.32342088213102
922.0206219280707	-52.21518170954447
922.4722787962348	-52.08792436682462
922.923935664399	-51.95274867289973
923.3755925325631	-51.79933060627321
923.8272494007273	-51.619583679743194
924.2789062688914	-51.41152108010833
924.7305631370556	-51.16389988298779
925.1822200052197	-50.86666656856847
925.6338768733839	-50.47876536526378
925.8594940794809	-50.23121148892218
926.0851112855779	-49.93305218119484
926.3107284916749	-49.56147735008416
926.5363456977719	-49.077528654488994
926.5927499992962	-48.93331135530801
926.6491543008204	-48.77517112309809
926.7055586023447	-48.60111807434818
926.761962903869	-48.40868849116228
926.8485377364408	-48.065314295356934
926.9351125690126	-47.6445368971311
926.9803982232172	-47.38476994819236
927.0256838774218	-47.087521226693354
927.0709695316264	-46.73981745780525
927.1162551858309	-46.32379087924344
927.1404924680822	-46.066663615186684
927.1647297503335	-45.777755620623665
927.1889670325849	-45.44828036279006
927.2132043148362	-45.06813254573513
927.2374415970875	-44.62010891477047
927.2498441483939	-44.35965266897872
927.2622466997003	-44.07213545648206
927.2746492510067	-43.75237220136498
927.2870518023132	-43.39335406094811
927.2994543536196	-42.98717703191524
927.311856904926	-42.52270437710075
927.3242594562324	-41.986453024937575
927.3366620075388	-41.36217704255616
927.3490645588453	-40.63229045794588
927.3614671101517	-39.77698946711191
927.3670968939913	-39.34335113268745
927.3727266778309	-38.87829587450717
927.3783564616705	-38.38078089423325
927.3839862455101	-37.85013738981546
927.3896160293497	-37.28607051666845
927.3993904425777	-36.2281067138345
927.4091648558057	-35.07286530439832
927.4189392690337	-33.82476126172391
927.4287136822617	-32.48929982273976
927.4384880954897	-31.071201815259066
927.4482625087177	-29.57259599748449
927.4580369219457	-27.992869425495364
927.4740043737917	-25.23014135777261
927.4899718256377	-22.22802222931855
927.5059392774837	-18.979806765590343
927.5219067293297	-15.484836938287087
927.5378741811757	-11.77612807565697
927.5538416330216	-7.928399512610791
927.5698090848676	-4.043733400526922
927.5857765367136	-0.25095712199607106
927.6017439885596	3.325430871942395
927.6177114404056	6.589203805657073
927.6336788922516	9.485417003184521
927.6496463440976	11.998539732011324
927.6656137959436	14.14281406083769
927.6815812477896	15.950912964011588
927.6975486996356	17.464232075757298
927.7135161514816	18.725939108408873
927.7294836033276	19.776654061797338
927.7454510551736	20.652100839896523
927.7614185070196	21.382138100526912
927.7773859588656	21.99077693551825
927.7933534107116	22.49657895801121
927.8093208625576	22.914328321240788
927.8252883144036	23.25504335306431
927.8412557662496	23.527081029775132
927.8572232180956	23.737167785475865
927.8731906699416	23.891392135000384
927.8891581217875	23.99549020379815
927.9051255736335	24.05499174111166
927.9210930254795	24.075040773897808
927.9370604773255	24.0602452215769
927.9461901976082	24.03771114497993
927.9553199178908	24.005652834779312
927.9644496381735	23.96451020249987
927.9735793584562	23.914624065664643
927.9827090787388	23.856248728511435
927.9918387990215	23.789564170971197
928.0009685193041	23.714686160820598
928.0100982395868	23.631676559870538
928.0192279598695	23.54055561979293
928.0283576801521	23.441315539378348
928.0374874004348	23.333933424856234
928.0466171207174	23.21838237410183
928.0557468410001	23.094640346251502
928.0648765612827	22.962696906657968
928.0740062815654	22.822557873394146
928.0831360018481	22.67424777278892
928.0922657221307	22.517810127877752
928.1013954424134	22.35330586038799
928.110525162696	22.18081059731039
928.1196548829787	22.000411095049337
928.1287846032614	21.81220178008933
928.137914323544	21.61628199212478
928.1470440438267	21.41275336374986
928.1561737641093	21.201718324062067
928.165303484392	20.983279219693134
928.1744332046746	20.757537980088582
928.1835629249573	20.52459621640985
928.19269264524	20.28455559649629
928.2018223655226	20.037518361676693
928.2109520858053	19.783587906863517
928.2200818060879	19.52286939857314
928.2292115263706	19.25547042844208
928.2383412466532	18.981501684524943
928.2474709669359	18.70107758536604
928.2566006872186	18.41431679035578
928.2657304075012	18.12134249542243
928.2748601277839	17.822282449573283
928.2839898480665	17.517268673933312
928.2931195683492	17.206436913615313
928.3022492886319	16.88992589035359
928.3113790089145	16.567876407085592
928.3205087291972	16.240430597461632
928.3296384494798	15.907730917778023
928.3387681697625	15.569919505435763
928.3478978900451	15.227137590606295
928.3570276103278	14.87952503194523
928.3661573306105	14.527219984685832
928.3752870508931	14.170358677948295
928.3844167711758	13.809075274137228
928.3935464914584	13.443501786299256
928.4026762117411	13.073768034677553
928.4118059320238	12.700001629232643
928.4209356523064	12.322327969119614
928.4300653725891	11.9408702528091
928.4391950928717	11.555749494409467
928.4483248131544	11.1670845434731
928.457454533437	10.774992107281596
928.4665842537197	10.37958677599803
928.4757139740024	9.980981051813584
928.48998282014	9.35185183300855
928.5042516662776	8.715586185495575
928.5185205124152	8.072584989262253
928.5327893585528	7.423237468237935
928.5470582046904	6.767922002312656
928.561327050828	6.1070070895195805
928.5755958969656	5.440852039277373
928.5898647431032	4.769807429644118
928.6041335892409	4.094215456480216
928.6184024353785	3.414410210637428
928.6326712815161	2.730718866712418
928.6469401276537	2.043465780816647
928.6612089737913	1.3529763719365677
928.6754778199289	0.6595765952122227
928.6897466660665	-0.03641046912669108
928.7040155122041	-0.7346680116137986
928.7182843583417	-1.4348858345872764
928.7325532044794	-2.1367592806797218
928.746822050617	-2.8399943397369825
928.7610908967546	-3.544304957264299
928.7753597428922	-4.249416022623975
928.7896285890298	-4.95506870476447
928.8038974351674	-5.661009681500077
928.818166281305	-6.366996375867141
928.8324351274426	-7.072803226425932
928.8467039735802	-7.778203319986344
928.8609728197179	-8.482981959152873
928.8752416658555	-9.18693943582372
928.8895105119931	-9.88986383994002
928.9037793581307	-10.591544110160596
928.9180482042683	-11.291739955570547
928.9323170504059	-11.990245789358722
928.9465858965435	-12.68679482962479
928.9608547426811	-13.381005571178006
928.9751235888187	-14.072556798080326
928.9893924349564	-14.761139423421694
929.003661281094	-15.44641357047149
929.0179301272316	-16.128050019257802
929.0321989733692	-16.80577314280448
929.0464678195068	-17.479358431251317
929.0607366656444	-18.148611578692957
929.075005511782	-18.81336217995104
929.0892743579196	-19.473471241916123
929.1035432040572	-20.12882920179818
929.1178120501949	-20.77934680856008
929.1320808963325	-21.42494642247028
929.1463497424701	-22.06555910960442
929.1606185886077	-22.701124662018596
929.1748874347453	-23.33158936485175
929.1891562808829	-23.95690093301103
929.2034251270205	-24.577003830175727
929.2176939731581	-25.191836712690122
929.2319628192957	-25.801330479108824
929.2462316654334	-26.405405299610216
929.260500511571	-27.003967357345896
929.2747693577086	-27.59690675023665
929.2890382038462	-28.184096538157693
929.3033070499838	-28.76539210605505
929.3175758961214	-29.340630792447097
929.331844742259	-29.909632398837196
929.3461135883966	-30.47220078507691
929.3603824345342	-31.02812616211854
929.3746512806719	-31.577187734730888
929.3889201268095	-32.119156671196954
929.4031889729471	-32.653799416538725
929.4174578190847	-33.18088121160551
929.4317266652223	-33.70016967893028
929.4459955113599	-34.21143844798483
929.4602643574975	-34.71447074237837
929.4745332036351	-35.20906290196869
929.4888020497727	-35.69502781937971
929.5030708959104	-36.17219795943293
929.517339742048	-36.64042760143409
929.5316085881856	-37.0995949473082
929.5458774343232	-37.54960408964002
929.5601462804608	-37.99038598368877
929.5744151265984	-38.42189809994852
929.588683972736	-38.844124145092735
929.6029528188736	-39.25707363798827
929.6172216650112	-39.66078208265505
929.6314905111489	-40.05530731694741
929.6540900385028	-40.6615797564509
929.6766895658567	-41.24537998993697
929.6992890932106	-41.80714278254682
929.7218886205645	-42.347380007952125
929.7444881479184	-42.86661798338868
929.7670876752724	-43.36552488898174
929.7896872026263	-43.84463720049629
929.8122867299802	-44.30448197863331
929.8348862573341	-44.745602269624015
929.857485784688	-45.16854852345839
929.880085312042	-45.57387831110891
929.9026848393959	-45.96216448419443
929.9252843667498	-46.334002014998305
929.9478838941037	-46.6900093673572
929.9704834214576	-47.03082646052992
929.9930829488115	-47.35711213994655
930.0156824761655	-47.66954090625273
930.0382820035194	-47.96879787759734
930.0608815308733	-48.255572613276684
930.1007346665075	-48.73297579989045
930.1405878021417	-49.17735684563563
930.1804409377759	-49.59230376044428
930.2202940734101	-49.981112298390876
930.2601472090442	-50.346827421858606
930.3000003446784	-50.69222254347186
930.3398534803126	-51.01978429401078
930.3797066159468	-51.331716247983756
930.4419079056513	-51.79169876703118
930.5041091953558	-52.2243427788857
930.5663104850603	-52.634660758572366
930.6603228381906	-53.220795100210786
930.7543351913209	-53.77433241579379
930.8483475444513	-54.301874039036214
930.9423598975816	-54.80747409856207
930.9999999999793	-55.107561444766745
931.0000000000103	-55.107561444766745
931.0003084362472	-55.127313521929516
931.0006168724841	-55.144671393716926
931.0013019918052	-55.17769927832626
931.0023318367743	-55.221109312010434
931.0033616817433	-55.26074593129674
931.0050217976009	-55.318821240830644
931.0066819134585	-55.372975054821566
931.008342029316	-55.424253069843346
931.0118983922763	-55.52775297320026
931.0154547552365	-55.62474089573099
931.0237394348126	-55.83304772930245
931.0320241143886	-56.022771184137994
931.0403087939646	-56.199773196247385
931.0485934735407	-56.367396261825554
931.0568781531167	-56.527582973754704
931.0708988623494	-56.785483671486766
931.0849195715821	-57.02893550002256
931.106893579879	-57.38668638654552
931.128867588176	-57.72031969289283
931.1667824607632	-58.250772063323524
931.2046973333504	-58.7364394360296
931.2426122059376	-59.18658550458388
931.2805270785248	-59.60707108423925
931.3184419511119	-60.0022056883759
931.3793293111511	-60.59165658205347
931.4402166711902	-61.13522789447232
931.5011040312294	-61.64111020538187
931.5977741612335	-62.38033309364532
931.6944442912376	-63.05561569826952
931.7911144212417	-63.67878366582593
931.9630506999209	-64.68397025200133
932.1349869786002	-65.58175214447351
932.3069232572794	-66.39138828745811
932.4788595359587	-67.12724737618646
932.650795814638	-67.80058969540923
932.8227320933172	-68.41984941133083
933.1091393159737	-69.34796010823155
933.3955465386302	-70.16444165546132
933.6819537612868	-70.88465088339511
933.9683609839433	-71.521625586932
934.2547682065998	-72.08694988824242
934.7048071468148	-72.85290617437121
935.1548460870298	-73.49402412523062
935.6048850272448	-74.03178305988149
936.0549239674598	-74.48332732357471
936.5049629076748	-74.86299077399055
936.9550018478898	-75.18242878954584
937.6673106708917	-75.58709535458038
938.3796194938935	-75.89199087289872
939.0919283168954	-76.11750085677082
940.2125483453556	-76.34863987441626
941.3331683738157	-76.46556242815207
942.4537884022759	-76.49634266019952
943.5744084307361	-76.46007325837364
944.6950284591962	-76.37291852887515
945.8156484876564	-76.24834277204236
946.9362685161166	-76.09571523664614
948.0568885445767	-75.92157125502571
949.1775085730369	-75.73101455246378
950.2981286014971	-75.52924941978911
951.4187486299572	-75.32062553655433
952.5393686584174	-75.10809070195539
953.6599886868776	-74.89415236685294
954.7806087153377	-74.68121324587912
955.6090074071037	-74.52550743579181
956.4374060988697	-74.37159973516957
957.2658047906357	-74.2198309184065
958.0942034824017	-74.07073924761049
958.9226021741677	-73.92483979192771
959.7510008659336	-73.78248554507638
960.3622877668666	-73.67978235828215
960.9735746677997	-73.57907475355502
961.5848615687327	-73.48042053259837
962.1961484696657	-73.38391030099856
962.8074353705987	-73.28962436971894
963.4187222715317	-73.19763880563148
963.863602748921	-73.13214377569825
964.3084832263104	-73.06780243552956
964.7533637036997	-73.00456528507458
965.1982441810891	-72.94245874550927
965.6431246584784	-72.88153463224262
966.0880051358678	-72.8218200159867
966.5328856132571	-72.76331277872565
966.9777660906465	-72.70597691915472
967.3043141553628	-72.66461777151936
967.6308622200792	-72.6238961065504
967.9574102847955	-72.58383716016459
968.2839583495119	-72.54441605602432
968.6105064142282	-72.5055789793189
968.9370544789446	-72.46729949424814
969.2636025436609	-72.42958338710253
969.5901506083773	-72.39244183961843
969.9166986730936	-72.35587669382416
970.24324673781	-72.31987587422003
970.5697948025263	-72.28442347856708
970.8963428672427	-72.24951524694983
971.222890931959	-72.21515181317369
971.5494389966753	-72.18132786765415
971.8759870613917	-72.14803713000333
972.202535126108	-72.11527169877623
972.5290831908244	-72.08302100172666
972.7615800601259	-72.06037116051785
972.9940769294274	-72.03798118843633
973.2265737987289	-72.01583891874981
973.4590706680303	-71.99392973539281
973.6915675373318	-71.97225675666569
973.9240644066333	-71.95083461955343
974.1565612759348	-71.92966718869553
974.3890581452363	-71.9087456547089
974.6215550145378	-71.88806316054342
974.8540518838392	-71.86761946614331
975.0865487531407	-71.84741494493754
975.3190456224422	-71.82744736844289
975.5515424917437	-71.80771302845204
975.7840393610452	-71.78820831944874
976.0165362303467	-71.76893071000258
976.2490330996482	-71.74987824713907
976.4815299689496	-71.73104837008223
976.7140268382511	-71.71243805346316
976.9465237075526	-71.69404452340278
977.1790205768541	-71.6758651734827
977.4115174461556	-71.6578973966699
977.8639872077255	-71.62352621251175
978.3164569692954	-71.58992414170011
978.7689267308652	-71.55706449635332
979.2213964924351	-71.52491838494012
979.673866254005	-71.49346467900371
980.1263360155749	-71.46269663388279
980.5788057771448	-71.432614668919
981.0312755387147	-71.40321499055179
981.4837453002846	-71.37448603343024
982.2199567770474	-71.3291273668625
982.9561682538102	-71.28541650476286
983.6923797305731	-71.24327973181774
984.4285912073359	-71.20264396793664
985.1648026840987	-71.16343247420153
985.9010141608616	-71.12557926548978
986.6372256376244	-71.08902645246904
987.3734371143872	-71.05371121038706
988.1096485911501	-71.01958066146872
988.8458600679129	-70.98659334246122
989.5820715446757	-70.95470220032804
990.3182830214386	-70.92386074444886
991.0544944982014	-70.89402565699089
991.7907059749642	-70.86514525049506
992.5269174517271	-70.83717222875043
993.2631289284899	-70.81007559044151
993.9993404052527	-70.78381681531702
994.7355518820156	-70.75835311264555
995.4717633587784	-70.733661296885
996.2079748355412	-70.70971167647797
996.944186312304	-70.68645934094884
997.6803977890669	-70.66387096624476
998.4166092658297	-70.6419227229935
999.1528207425926	-70.62058649627075
999.8890322193554	-70.59984355391649
1000.6252436961182	-70.57967956042378
1001.361455172881	-70.5600691167866
1002.0976666496439	-70.54098722464941
1003.208619476607	-70.51312014837417
1004.3195723035702	-70.4863200284278
1005.4305251305334	-70.46052604060121
1006.5414779574966	-70.43567693417526
1007.6524307844597	-70.41171407632575
1008.7633836114229	-70.38859305816075
1009.8743364383861	-70.36626307922992
1010.9852892653493	-70.34466976978607
1012.0962420923124	-70.32377961880566
1013.8484342197048	-70.29214241011042
1015.6006263470972	-70.26202309712275
1017.3528184744896	-70.23330384268246
1019.105010601882	-70.20587142051177
1020.8572027292744	-70.17960685068941
1022.6093948566668	-70.15446284095214
1024.3615869840592	-70.13034854977347
1026.1137791114515	-70.10718248402263
1027.865971238844	-70.08492511112429
1029.6181633662363	-70.06352557216412
1031.3703554936287	-70.04286680443603
1033.122547621021	-70.02295978685093
1034.8747397484135	-70.00377235032884
1036.626931875806	-69.98520580577146
1038.3791240031983	-69.96730040734967
1040.1313161305907	-69.9500966599896
1041.883508257983	-69.93338794796296
1043.6357003853755	-69.91716442076962
1045.3878925127678	-69.90166291186043
1047.1400846401602	-69.88661579411931
1047.9830671145003	-69.87949636821341
1048.8260495888403	-69.87249423140699
1049.6690320631803	-69.8656112521864
1050.5120145375204	-69.8588163213352
1051.3549970118604	-69.85211879309458
1052.1979794862004	-69.84553793497432
1053.0409619605405	-69.83905826380528
1053.8839444348805	-69.83267096623499
1054.7269269092205	-69.82638849479972
1055.5699093835606	-69.82020728963147
1056.4128918579006	-69.8141145363077
1057.2558743322406	-69.80811370146256
1058.560737275443	-69.79900224679938
1059.8656002186453	-69.79009498661229
1061.1704631618477	-69.78139194917216
1063.4228679388762	-69.76682471382411
1065.6752727159046	-69.75281657207606
1067.927677492933	-69.73936440943181
1070.1800822699615	-69.72643623527156
1072.43248704699	-69.71395933148106
1074.6848918240185	-69.70197061042744
1076.937296601047	-69.69048458498658
1079.1897013780754	-69.67939992736918
1081.4421061551038	-69.66879109074301
1083.6945109321323	-69.65852281380435
1085.9469157091607	-69.64853064613135
1088.1993204861892	-69.63897197803982
1090.4517252632177	-69.62979268527482
1092.7041300402461	-69.62088350000542
1094.9565348172746	-69.61227942928284
1097.208939594303	-69.60401027215944
1099.4613443713315	-69.59599010543128
1101.71374914836	-69.5882217883404
1103.9661539253884	-69.5806365146764
1106.2185587024169	-69.57334737793573
1108.4709634794453	-69.56634598294323
1110.7233682564738	-69.55961975409286
1112.9757730335023	-69.5532607020188
1115.2281778105307	-69.54707362929182
1117.4805825875592	-69.54103720316489
1119.7329873645876	-69.53525371117739
1121.985392141616	-69.52957591565158
1124.2377969186446	-69.5239169142416
1126.490201695673	-69.51848322307133
1128.7426064727015	-69.51328035227401
1130.99501124973	-69.50827271677
1130.999999999975	-69.50826185401503
1131.0000000000127	-69.50826185401503
