t	v
0.0	-80.0
0.00493569941317	-79.9989601155
0.00987139882634	-79.9966317455
0.019641419775	-79.9898045858
0.0294114407237	-79.9816921562
0.0474173504067	-79.964813245
0.0760361193506	-79.9342289542
0.131382308812	-79.8668268788
0.186728498273	-79.7918709541
0.242074687734	-79.7122428257
0.297420877196	-79.6295169422
0.388974199624	-79.4884829901
0.480527522052	-79.3435725061
0.572080844481	-79.1961794059
0.73353447187	-78.933006906
0.89498809926	-78.668150036
1.14125177328	-78.2654402751
1.38751544729	-77.8684425441
1.63377912131	-77.4798534612
1.88004279533	-77.1011123651
2.12630646935	-76.733097999
2.52111027675	-76.1667561174
2.91591408415	-75.6308197552
3.31071789155	-75.1258340491
3.95759487321	-74.3645441562
4.60447185487	-73.6828423197
5.58426849165	-72.7924576826
7.2644201553	-71.6196486806
8.94457181895	-70.8146609335
10.6247234826	-70.2910269767
12.3048751462	-69.9822462316
13.9850268099	-69.8290948954
15.6651784735	-69.7920446673
17.3453301372	-69.8441449909
19.0254818008	-69.9501780675
20.7056334645	-70.0956333847
22.3857851281	-70.2750948485
23.5365738303	-70.4079311805
24.6873625324	-70.5432541273
25.8381512345	-70.6814175616
26.9889399366	-70.8227181011
28.1397286388	-70.9653933023
29.2905173409	-71.1071909402
30.441306043	-71.246613084
31.5920947451	-71.3829580987
32.7428834473	-71.5167107942
33.8936721494	-71.6478119279
35.0444608515	-71.7748461634
36.1952495536	-71.8978015168
37.3460382557	-72.0172018435
38.4968269579	-72.1317641896
39.64761566	-72.2419583407
40.7984043621	-72.3487530116
41.9491930642	-72.4502214815
43.0999817664	-72.5471280655
43.8937300954	-72.6123706584
44.6874784244	-72.6760571898
45.4812267534	-72.7376147637
46.2749750824	-72.7967045036
47.0687234114	-72.8531760056
48.3781166998	-72.9415147667
49.6875099882	-73.0253404918
50.9969032766	-73.1052908117
52.306296565	-73.1804686736
53.6156898534	-73.2500996251
54.9250831418	-73.3144050447
57.0573770499	-73.4093594929
59.189670958	-73.4934472195
61.321964866	-73.5678792593
63.4542587741	-73.6342185132
65.5865526822	-73.6930948656
67.7188465903	-73.7447007933
69.8511404983	-73.7900912777
71.9834344064	-73.8299001929
75.3299131479	-73.8823534741
80.9045283481	-73.9481894193
86.4791435484	-73.9904569281
92.0537587486	-74.0193608619
97.6283739489	-74.0351059451
102.215277224	-74.0441555451
106.802180499	-74.0496864991
111.389083774	-74.0528136418
115.975987049	-74.0551533867
120.562890324	-74.0564320786
128.89949569	-74.0561109266
141.851535994	-74.0588012687
154.803576298	-74.0569684559
167.755616602	-74.0570201686
180.707656907	-74.0623548545
193.659697211	-74.0584271528
206.611737515	-74.0590388877
219.563777819	-74.0688087356
225.255369807	-74.0663548637
230.946961794	-74.0642854229
236.638553781	-74.0624245681
247.98397114	-74.0606982951
259.329388499	-74.0597368935
270.674805858	-74.0602943577
282.020223217	-74.060684299
311.782011755	-74.0595964702
341.543800294	-74.0619382602
371.305588832	-74.0584999146
382.891213482	-74.0612099805
394.476838133	-74.0602887947
406.062462783	-74.0608119537
417.648087433	-74.0618130595
436.377719823	-74.0602336787
455.107352213	-74.0618801184
473.836984603	-74.0610601208
492.566616993	-74.0587261517
511.296249383	-74.0620704052
515.97865748	-74.0613522678
520.661065578	-74.060985203
529.486008742	-74.0610116054
531.0	-74.0609749262
531.0	-74.0609749262
531.000908131	-74.1085841123
531.001816262	-74.1532816737
531.003242746	-74.219760406
531.00466923	-74.2822929264
531.008184837	-74.4250104473
531.011700444	-74.5560624142
531.015216051	-74.6797828346
531.018731658	-74.7984251673
531.024474102	-74.9843737265
531.030216546	-75.1619358568
531.03595899	-75.3325337774
531.045878694	-75.6136643159
531.055798398	-75.8802700338
531.074412178	-76.349069333
531.093025958	-76.7855934463
531.111639738	-77.1963984212
531.130253518	-77.5854593913
531.148867298	-77.9556651992
531.179889591	-78.536592144
531.210911885	-79.0797794922
531.241934178	-79.5914813639
531.29005808	-80.3328073523
531.338181981	-81.0208433452
531.386305883	-81.6642915143
531.475758954	-82.7637025442
531.565212026	-83.7605717612
531.654665097	-84.6737042698
531.744118169	-85.5180292932
531.833571241	-86.3055320383
531.923024312	-87.044941084
532.064924225	-88.1345236028
532.206824138	-89.1375780631
532.348724051	-90.0677709782
532.490623964	-90.9361564777
532.632523877	-91.7515423609
532.856696219	-92.9478213708
533.080868562	-94.0485355515
533.305040905	-95.0681342259
533.529213248	-96.017918747
533.75338559	-96.9069979031
534.124120272	-98.2631083446
534.494854954	-99.49725683
534.865589636	-100.626562366
535.236324317	-101.664005709
535.607058999	-102.619918243
535.977793681	-103.502476495
536.618202664	-104.87270725
537.258611647	-106.068205416
537.89902063	-107.107343038
538.539429613	-108.005125346
539.179838596	-108.7745758
539.820247579	-109.426917741
541.013074913	-110.362845337
542.205902246	-110.981014338
543.398729579	-111.328704183
544.591556913	-111.449213763
545.784384246	-111.381908097
546.977211579	-111.161725375
548.170038913	-110.819413603
549.362866246	-110.38199831
551.409014851	-109.476589696
553.455163456	-108.457407726
555.501312061	-107.396998175
557.547460666	-106.34813263
559.593609271	-105.347490862
561.639757876	-104.417615716
563.685906481	-103.570514535
565.732055086	-102.811466297
567.778203691	-102.140954332
569.824352296	-101.555633935
571.870500901	-101.049585771
573.916649506	-100.615618353
575.962798111	-100.246018362
578.008946717	-99.933140249
580.055095322	-99.6698579171
582.101243927	-99.4492948175
584.147392532	-99.2650824202
586.193541137	-99.1120806907
588.239689742	-98.9857152649
590.285838347	-98.8813530795
592.331986952	-98.79497071
594.378135557	-98.7233825658
596.424284162	-98.6638741208
598.470432767	-98.6142838152
600.516581372	-98.5732480368
602.562729977	-98.5397183604
604.608878582	-98.5123145694
606.655027187	-98.4897461995
608.701175792	-98.4710842366
610.747324397	-98.4555296713
612.248720344	-98.4459026181
613.750116291	-98.437877445
615.251512238	-98.4310833749
616.752908186	-98.4248407452
618.254304133	-98.4188098695
619.75570008	-98.41311979
621.257096027	-98.4081189557
622.758491974	-98.4037998578
624.259887921	-98.3997445911
625.761283869	-98.3959228828
626.824307595	-98.3935127465
627.887331321	-98.3910446252
628.950355047	-98.3883197106
630.013378774	-98.3856818543
631.0764025	-98.3835182314
632.139426226	-98.3817920088
633.202449952	-98.3802063388
634.265473679	-98.3785614887
635.328497405	-98.3769446294
636.391521131	-98.3755090873
637.454544857	-98.3741990269
638.517568583	-98.3729138372
639.58059231	-98.3716476229
640.643616036	-98.370408959
641.706639762	-98.3692451363
642.769663488	-98.3681590488
643.832687215	-98.36706915
644.895710941	-98.3660038912
645.958734667	-98.3650071906
646.7251493	-98.3642820906
647.491563933	-98.3636161223
648.257978566	-98.3631637643
649.024393199	-98.3628413625
649.790807832	-98.3623836647
650.557222465	-98.3617234573
651.323637098	-98.361031948
652.090051731	-98.3604376619
652.856466364	-98.3598977172
653.622880997	-98.35931379
654.38929563	-98.3586770739
655.155710263	-98.3580639372
655.922124896	-98.3575130641
656.688539529	-98.3569835025
657.454954162	-98.3564376669
658.221368795	-98.355891385
658.987783428	-98.3553757524
659.754198061	-98.3548929698
660.520612694	-98.3544201221
661.287027327	-98.3539470029
662.05344196	-98.3534893677
662.819856593	-98.353057856
663.586271226	-98.3526426409
664.802731412	-98.35201468
666.019191598	-98.3514385361
667.235651784	-98.35094641
668.452111971	-98.3505383259
669.668572157	-98.3501498378
670.885032343	-98.3497168664
672.101492529	-98.3492371166
673.317952716	-98.3487497486
674.534412902	-98.3482919312
676.388568811	-98.3476446241
678.242724719	-98.347051767
680.096880628	-98.346514009
681.951036536	-98.3460349684
687.328466226	-98.3450377815
692.705895916	-98.344301695
698.083325605	-98.3438135643
707.677462191	-98.3434537702
717.271598776	-98.3430647716
733.173969498	-98.3436053841
749.07634022	-98.343840126
780.151160348	-98.3447945013
811.225980475	-98.3461983201
842.300800603	-98.346630772
850.069505634	-98.3461556651
857.838210666	-98.346222878
865.606915698	-98.3464802917
886.533476173	-98.3468742011
922.260758265	-98.3467652603
931.0	-98.3467711372
931.0	-98.3467711372
931.000908127	-98.2991638576
931.001816255	-98.2544697473
931.003242712	-98.1879997084
931.004669169	-98.1254786964
931.008184628	-97.982805137
931.011700087	-97.8518135579
931.015215546	-97.7281694885
931.018731005	-97.6096189069
931.024473138	-97.4238536193
931.030215271	-97.2465115056
931.035957404	-97.0761682045
931.045876392	-96.7955581686
931.055795381	-96.529562037
931.074407807	-96.0621240264
931.093020234	-95.6272152201
931.11163266	-95.2182526988
931.130245087	-94.8312403496
931.148857513	-94.4632730931
931.179872781	-93.8865516321
931.210888049	-93.3480014393
931.241903317	-92.84133001
931.290013552	-92.108558467
931.338123788	-91.4298541565
931.386234023	-90.7964421944
931.475688045	-89.7170576725
931.565142067	-88.7422140893
931.654596089	-87.8528707906
931.744050111	-87.033918114
931.833504132	-86.2732231434
931.922958154	-85.5619358582
932.06462469	-84.5210697066
932.206291226	-83.5692104215
932.347957761	-82.6925081863
932.489624297	-81.8797593072
932.631290833	-81.122023937
932.85464463	-80.022729756
933.077998428	-79.0229013677
933.301352226	-78.1077790901
933.524706024	-77.2657630192
933.748059822	-76.4874409431
934.117405419	-75.3203521215
934.486751015	-74.2811755596
934.856096612	-73.3515053463
935.225442208	-72.5171079209
935.594787805	-71.7663231409
935.964133401	-71.0896072217
936.588736968	-70.0923589843
937.213340534	-69.2550816776
937.8379441	-68.5547213667
938.462547667	-67.9719762555
939.087151233	-67.4896512693
939.7117548	-67.0936286533
940.336358366	-66.7721857955
941.296329819	-66.3999208873
942.256301271	-66.1490750711
943.216272723	-65.9961659008
944.176244176	-65.9213799641
945.136215628	-65.9087980237
946.096187081	-65.9459239539
947.056158533	-66.0221708167
948.016129986	-66.1297335191
948.976101438	-66.2624777424
949.936072891	-66.4145887844
950.896044343	-66.5818232887
951.856015796	-66.7607071353
952.815987248	-66.9476946255
953.775958701	-67.1410216233
954.735930153	-67.338728275
955.695901606	-67.5382609392
956.655873058	-67.7394480789
957.61584451	-67.9409482976
958.575815963	-68.1408753338
959.535787415	-68.3392886527
960.495758868	-68.5356758166
961.45573032	-68.72940283
962.415701773	-68.9206550932
963.375673225	-69.1085665435
964.335644678	-69.2923679904
965.29561613	-69.4724960472
966.255587583	-69.6482439634
967.215559035	-69.8195903808
968.175530488	-69.9873654491
969.13550194	-70.1503584068
970.095473393	-70.3086337588
971.055444845	-70.4631800997
972.015416298	-70.6131980085
972.97538775	-70.7586379552
973.935359202	-70.8996201495
974.895330655	-71.0354371216
975.855302107	-71.1668425976
976.81527356	-71.2943759812
977.775245012	-71.4171481658
978.735216465	-71.5358092591
979.695187917	-71.6507666775
980.65515937	-71.76147757
981.615130822	-71.8681000536
982.575102275	-71.9707216954
983.535073727	-72.0688919051
984.49504518	-72.1631645199
985.455016632	-72.2539191756
986.414988085	-72.3408365694
987.374959537	-72.4243105712
988.927755189	-72.5518753556
990.480550841	-72.6705093511
992.033346493	-72.7808140774
993.586142145	-72.8836946648
996.456920598	-73.0544927376
999.327699051	-73.2021451006
1003.98642284	-73.3988282427
1008.64514663	-73.551739627
1015.81444645	-73.718016693
1022.98374626	-73.82810863
1030.15304607	-73.896435342
1037.32234589	-73.9425747522
1044.4916457	-73.976300663
1051.66094551	-73.9950869794
1058.83024533	-74.008762619
1065.99954514	-74.0177316303
1076.89780138	-74.0270382726
1087.79605763	-74.0341608765
1098.69431387	-74.0418887847
1109.59257011	-74.0451826027
1120.49082635	-74.0487809148
1131.0	-74.0559444278
1131.0	-74.0559444278
