t	v
0.0	-70.0
0.0009423582875106963	-70.00355883268092
0.0018847165750213925	-70.00686286908713
0.003502089469695959	-70.01207358618315
0.005119462364370525	-70.01699264345122
0.008098473364856093	-70.0256282698482
0.011077484365341662	-70.03386339471089
0.01819602261627364	-70.05249260313762
0.025314560867205616	-70.06997260161506
0.03243309911813759	-70.08658029475464
0.03955163736906957	-70.1024266786755
0.05102787702820169	-70.1264842448649
0.06250411668733381	-70.14874982897376
0.07398035634646594	-70.16929246567868
0.09473460357327512	-70.20235513771954
0.11548885080008431	-70.230607503906
0.1468194392874047	-70.26559242282019
0.1781500277747251	-70.293185261941
0.2094806162620455	-70.3151616291129
0.2408112047493659	-70.33285766242021
0.2904454247016865	-70.35473558247142
0.3864701963895805	-70.38215092311034
0.48249496807747455	-70.39532035804329
0.6420702239798962	-70.39916026680423
0.8016454798823179	-70.39041201554019
0.9612207357847397	-70.37585026312024
1.1207959916871613	-70.35837741355937
1.280371247589583	-70.33911842802793
1.4399465034920047	-70.31865028072282
1.7277088755779082	-70.27989243149582
2.1687716854762757	-70.21893063964397
2.6098344953746433	-70.1592084693098
3.050897305273011	-70.10200242550586
3.4919601151713784	-70.04751774739313
3.933022925069746	-69.9957449398314
4.678260280418926	-69.9144729232409
5.423497635768107	-69.84093685799174
6.1687349911172875	-69.77483456288603
7.4584095166526785	-69.67647311536564
8.74808404218807	-69.59618416417368
10.037758567723461	-69.53141382332173
11.327433093258852	-69.4798498323266
12.617107618794243	-69.43940322590461
13.906782144329634	-69.40834743888996
15.196456669865025	-69.38520638053632
16.486131195400418	-69.36859032669517
17.77580572093581	-69.35741828333379
19.065480246471203	-69.3508455254288
20.355154772006596	-69.34785688116894
21.158285348523666	-69.34738935033624
21.961415925040736	-69.34786107665049
22.764546501557806	-69.34922515664886
23.567677078074876	-69.35140651479215
24.370807654591946	-69.35432334465833
25.173938231109016	-69.35787997676566
25.977068807626086	-69.3619552277119
26.780199384143156	-69.36645393290945
27.583329960660226	-69.37130383122975
28.386460537177296	-69.37641486038484
29.189591113694366	-69.38172738497423
29.992721690211436	-69.38721292441605
30.795852266728506	-69.3928210738391
31.598982843245576	-69.39850463532922
32.40211341976265	-69.40424386649747
33.20524399627972	-69.40999805184401
34.00837457279679	-69.41572831741222
34.81150514931386	-69.42143930138391
35.61463572583093	-69.42710406938019
36.076573304987	-69.43031828507863
36.53851088414307	-69.43349008139118
37.00044846329914	-69.43662778978843
37.462386042455215	-69.43974025920667
37.924323621611286	-69.44283023200465
38.38626120076736	-69.44589642085016
38.84819877992343	-69.44893509155399
39.64884321687858	-69.45412361900547
40.449487653833735	-69.45919903607623
41.00604851826361	-69.46265349384319
41.56260938269349	-69.46604546871666
43.294224442346604	-69.47618501673624
45.02583950199972	-69.48568254126154
49.83054984827269	-69.50880724592693
54.63526019454566	-69.52714330057762
59.43997054081863	-69.54147565302121
64.24468088709159	-69.55266371836186
69.04939123336456	-69.56108284805718
73.85410157963753	-69.56713633088884
75.05527916620576	-69.56829603690016
76.256456752774	-69.56937673911447
77.45763433934223	-69.57037017000653
78.65881192591047	-69.57124115732879
79.8599895124787	-69.57202663411935
81.06116709904694	-69.57276257532327
82.26234468561518	-69.57340494769527
83.46352227218341	-69.57395526336806
84.66469985875165	-69.57448308869651
85.86587744531988	-69.57496109738689
87.06705503188812	-69.57533407168543
88.26823261845635	-69.57563805888087
89.46941020502459	-69.5758770069842
90.67058779159282	-69.57606552960571
91.87176537816106	-69.57626792769105
93.0729429647293	-69.5764756569279
94.27412055129753	-69.57662139177805
95.47529813786576	-69.57672420259031
96.676475724434	-69.57679489345949
97.87765331100223	-69.57683405575825
99.07883089757047	-69.5768607559012
100.2800084841387	-69.57688651946708
101.48118607070694	-69.57692543514467
102.68236365727518	-69.57696664963373
103.88354124384341	-69.5769849697428
106.09774970985234	-69.5769924610448
108.31195817586126	-69.57690567860783
110.52616664187019	-69.57673990112211
112.74037510787912	-69.57666345124821
114.95458357388804	-69.57654321063761
117.16879203989697	-69.57630822048068
119.3830005059059	-69.57618435012597
121.59720897191482	-69.57601044228642
123.81141743792375	-69.57569360605774
126.02562590393268	-69.57555517828327
127.20436743233	-69.57552778483563
128.38310896072733	-69.57547377390397
129.56185048912465	-69.57539200577669
130.74059201752198	-69.57527326322536
131.9193335459193	-69.57510140120229
134.15388524147002	-69.57472940418575
136.38843693702074	-69.57427021797176
138.62298863257146	-69.57379162767292
140.85754032812218	-69.57347228306402
143.0920920236729	-69.57317138223307
145.32664371922363	-69.57284647165294
147.56119541477435	-69.57266620472353
149.79574711032507	-69.57242625943441
152.0302988058758	-69.57185369479366
152.58893672976347	-69.57167359878521
153.14757465365116	-69.57150518381584
153.70621257753885	-69.57135462657477
154.8280119756999	-69.57115078727696
155.94981137386094	-69.57099372768164
157.07161077202198	-69.57087102089311
159.10475310407227	-69.57072042214124
167.26644978486152	-69.56987997541371
175.42814646565077	-69.56986289120955
178.72962931816497	-69.56958084896915
182.03111217067917	-69.56929998747805
185.33259502319336	-69.56920840604452
188.63407787570756	-69.568938129126
191.93556072822176	-69.56865602697124
195.23704358073596	-69.56857604512241
198.53852643325015	-69.56842673716464
201.84000928576435	-69.56801649189553
205.14149213827855	-69.56792016722463
208.44297499079275	-69.56779642430125
211.74445784330695	-69.56746006603908
215.04594069582114	-69.567334586665
218.34742354833534	-69.56752517023416
221.64890640084954	-69.56729637160477
224.95038925336374	-69.56675243744776
228.25187210587794	-69.56678421035784
231.55335495839213	-69.56661419113208
234.85483781090633	-69.56665160302826
238.15632066342053	-69.56655817346791
241.45780351593473	-69.56656280656172
244.75928636844893	-69.56648625619243
248.06076922096312	-69.56646539134887
251.36225207347732	-69.56639395648787
254.66373492599152	-69.5663597810159
257.9652177785057	-69.56629264930244
261.2667006310199	-69.56625374004815
266.512098475277	-69.56631914801763
268.6686444166488	-69.56631737644965
270.8251903580206	-69.56626817533896
275.11423346830685	-69.56619045052192
279.4032765785931	-69.56596028022831
283.6923196888793	-69.56584557284424
287.98136279916554	-69.56603588473423
292.27040590945177	-69.56584892389571
296.559449019738	-69.56572662922545
300.8484921300242	-69.56601251909332
307.8059143973478	-69.56608038569618
314.7633366646714	-69.56481593892805
316.5026922315023	-69.56454821951822
318.2420477983332	-69.56445906907152
319.9814033651641	-69.56452402570063
321.720758931995	-69.56469897672174
323.46011449882593	-69.56485909389863
325.19947006565684	-69.56498747616233
326.93882563248775	-69.56521611894006
328.67818119931866	-69.56540094793873
330.41753676614957	-69.56534845752381
332.1568923329805	-69.56517196530203
333.8962478998114	-69.56505821422876
335.6356034666423	-69.56507900214973
337.3749590334732	-69.56511460467583
339.1143146003041	-69.56514588667582
340.853670167135	-69.56532667287864
342.59302573396593	-69.5655239443419
344.33238130079684	-69.5656762084723
346.07173686762775	-69.56586734828275
346.73690728270714	-69.56594811138379
347.4020776977865	-69.56601724322877
348.0672481128659	-69.5660699424735
349.3433051092471	-69.56609868534912
350.61936210562834	-69.56609048078495
351.89541910200955	-69.56606693561135
354.18885512187205	-69.56600277117316
361.77608137432856	-69.56571975160405
369.36330762678506	-69.56572144390982
376.95053387924156	-69.56546854267958
384.53776013169806	-69.56564849630558
392.12498638415457	-69.56530311533035
399.71221263661107	-69.56569615343237
407.2994388890676	-69.56513442235129
410.1818025181858	-69.56523075799844
413.06416614730404	-69.56524657097482
415.94652977642227	-69.5653754331584
418.8288934055405	-69.56549991717883
421.71125703465873	-69.56541471184033
424.59362066377696	-69.56534187051167
427.4759842928952	-69.56553445912705
431.86782355043295	-69.56573666534833
436.2596628079707	-69.56526883255816
440.65150206550845	-69.56531641307011
442.79828189694996	-69.56538875287224
444.94506172839147	-69.5654642445286
447.091841559833	-69.5653920749266
449.2386213912745	-69.56522074134655
451.385401222716	-69.56535373963028
452.4886061968072	-69.56550298552186
453.59181117089844	-69.56560079108435
454.69501614498967	-69.5656684298167
455.7982211190809	-69.56573757891802
456.9014260931721	-69.56575079378706
458.00463106726335	-69.56571430860339
459.1078360413546	-69.56566958541484
460.810470776013	-69.565624086552
462.51310551067144	-69.56560096229644
467.9653699432707	-69.56541065799657
473.4176343758699	-69.56549436751142
478.86989880846915	-69.56529388156486
484.3221632410684	-69.56501713367606
489.7744276736676	-69.56553323899095
495.22669210626685	-69.56600121077439
496.58975821441663	-69.56599356141504
497.9528243225664	-69.56595409411905
499.3158904307162	-69.56587576882858
501.5557874855324	-69.56577494629127
503.7956845403486	-69.5656804357202
507.71956257695547	-69.56551435725761
517.8981658403468	-69.56564430427363
528.0767691037381	-69.56513269902548
530.9999999999882	-69.56518588984316
531.0000000000059	-69.56518588984316
531.000345686185	-69.62094777924268
531.0006913723641	-69.66918224705073
531.0012228924911	-69.73462431459001
531.0020641694166	-69.82147048234675
531.003552279477	-69.94597475300574
531.0050403895375	-70.04736988557192
531.006528499598	-70.13636099608247
531.0080166096584	-70.21772824675136
531.0107015160669	-70.35236000195017
531.0133864224754	-70.474083778945
531.0174222559815	-70.64048017668782
531.0214580894876	-70.79134110468887
531.0254939229937	-70.93063501197878
531.0320709282742	-71.13904972769373
531.0386479335546	-71.32957448905937
531.051043324085	-71.65247645924936
531.0634387146154	-71.9416148500497
531.0758341051458	-72.20556883771431
531.0882294956762	-72.44868847955009
531.1006248862066	-72.67409501026451
531.1214919433195	-73.02030026372954
531.1423590004324	-73.3331519597008
531.1632260575453	-73.61959206480923
531.1959760660677	-74.02648548592347
531.2287260745901	-74.39229911720963
531.2614760831125	-74.72584168813293
531.3204973320863	-75.2652529197242
531.3795185810602	-75.74438220921812
531.4385398300341	-76.17750752472601
531.4975610790079	-76.57562062503513
531.5565823279818	-76.94727648607336
531.6470784727601	-77.4783064241461
531.7375746175384	-77.97312794401836
531.8280707623167	-78.43952843221139
531.9185669070949	-78.88326188160671
532.0090630518732	-79.308878060386
532.1613106323999	-79.99280393800412
532.3135582129266	-80.64460160362115
532.4658057934533	-81.26994839651287
532.61805337398	-81.87270676761851
532.7703009545068	-82.45595705042521
533.0288696338635	-83.4081001035484
533.424330493418	-84.78447652217898
533.8197913529725	-86.07588334394627
534.215252212527	-87.28990535415083
534.6107130720816	-88.4335186895532
535.0061739316361	-89.51297629842348
535.4016347911906	-90.53264336263955
535.7970956507452	-91.49542287124324
536.4924885935523	-93.0585213007685
537.1878815363593	-94.46641595456839
537.8832744791664	-95.73016678149958
538.5786674219735	-96.86028293047731
539.2740603647806	-97.86631215245681
539.9694533075876	-98.75676689351786
540.6648462503947	-99.53953161738346
541.3602391932018	-100.22213283717717
542.0556321360089	-100.81176464816846
542.7510250788159	-101.31526980055168
543.446418021623	-101.7391554483688
544.1418109644301	-102.08962495092527
544.8372039072372	-102.37260841076338
545.5325968500442	-102.59376605037541
546.2279897928513	-102.75847643751881
546.9233827356584	-102.87184450561863
547.6187756784655	-102.93870295749673
548.3141686212725	-102.96361007706942
549.0095615640796	-102.95087338996072
549.7049545068867	-102.90455568155343
550.4003474496938	-102.82844701421689
551.0957403925008	-102.72605449306484
551.7911333353079	-102.60063398308638
552.486526278115	-102.45522300339536
553.181919220922	-102.29264103736423
553.8773121637291	-102.11547855689125
554.5727051065362	-101.92610525575151
555.2680980493433	-101.72668521704591
555.9634909921504	-101.51918663887623
556.6588839349574	-101.30539852345431
557.3542768777645	-101.08694168260627
558.0496698205716	-100.86526348982545
558.5059480932268	-100.71868417080537
558.9622263658821	-100.57161296581137
559.4185046385373	-100.42437405711364
559.8747829111926	-100.27726426682132
560.3310611838479	-100.13054464308198
560.7873394565031	-99.98444449290531
561.2436177291584	-99.83917101024302
561.6998960018136	-99.69491771472813
562.1561742744689	-99.551867465004
562.6124525471241	-99.41018931941427
563.0687308197794	-99.27003509075651
563.5250090924346	-99.1315397856916
563.9812873650899	-98.99482386407723
564.4375656377451	-98.8599955478243
564.8938439104004	-98.72715207523498
565.3501221830556	-98.5963786648009
565.8064004557109	-98.46774815325408
566.2626787283662	-98.34132297036636
566.7189570010214	-98.2171558407448
567.1752352736767	-98.0952898801232
567.6315135463319	-97.97576122510442
568.0877918189872	-97.85860077932885
568.5440700916424	-97.74383219709424
569.0003483642977	-97.63146976910018
569.4566266369529	-97.52151900672884
569.9129049096082	-97.41397899538042
570.3691831822634	-97.30884487789979
570.8254614549187	-97.20610865745604
571.281739727574	-97.10575881665714
571.7380180002292	-97.00778078825624
572.1942962728845	-96.91215694947952
572.6505745455397	-96.81886576061923
573.106852818195	-96.72788287931184
573.5631310908502	-96.63918227978127
574.0194093635055	-96.55273515733279
574.4756876361607	-96.46851062608313
574.931965908816	-96.38647706327156
575.3882441814712	-96.30660036455804
575.8445224541265	-96.22884442856669
576.1485342568774	-96.1781967740861
576.4525460596283	-96.12846546274295
576.7565578623792	-96.0796382771658
577.0605696651301	-96.03170046369657
577.364581467881	-95.98463781499972
577.6685932706318	-95.93843891407526
577.9726050733827	-95.89309441227913
578.4603041367682	-95.82211264395497
578.9480032001536	-95.75326210091083
579.435702263539	-95.68649608456377
580.1912324908355	-95.5870638180643
581.3695353884743	-95.4413013560142
582.5478382861131	-95.3062734657672
583.7261411837519	-95.18129666312538
584.9044440813907	-95.06570485109125
586.0827469790295	-94.95887276896707
587.2610498766683	-94.8601949563537
588.439352774307	-94.76909972729285
589.6176556719458	-94.68506594620413
590.7959585695846	-94.6075720030054
591.9742614672234	-94.53612498461044
593.1525643648622	-94.47028800817917
594.330867262501	-94.40966285264625
595.5091701601398	-94.35387915932762
596.6874730577786	-94.3025780756098
597.8657759554173	-94.25539488253021
599.0440788530561	-94.21200802276094
600.2223817506949	-94.17214774883786
601.4006846483337	-94.13554066947904
602.5789875459725	-94.10189496430468
603.7572904436113	-94.07094540704168
605.0737288640993	-94.03927800546481
606.3901672845873	-94.01041240947785
607.7066057050753	-93.98411964535208
609.0230441255633	-93.96017887849074
610.3394825460513	-93.93837502597746
611.6559209665393	-93.91853661423703
612.9723593870273	-93.90049193842826
614.2887978075153	-93.88405659016738
615.6052362280033	-93.86914432423879
616.4452996171256	-93.86040130407319
617.2853630062478	-93.85221980043002
618.1254263953701	-93.84453520244355
618.9654897844924	-93.8372899314923
619.8055531736147	-93.83044562077278
620.645616562737	-93.82397912871664
621.4856799518593	-93.81787563618714
622.3257433409816	-93.81212469616632
623.1658067301039	-93.80671727639569
624.0058701192262	-93.8016405026519
624.8459335083485	-93.79687643994195
625.6859968974708	-93.79240618685974
626.5260602865931	-93.78820826379987
627.3661236757154	-93.78426049794253
628.2061870648376	-93.78054994062175
629.0462504539599	-93.77706446203086
629.8863138430822	-93.773784412951
630.7263772322045	-93.77069068449727
631.5664406213268	-93.76777305951542
633.0739223678487	-93.76296883250639
634.5814041143706	-93.75869660664543
636.0888858608924	-93.75490493476967
637.5963676074143	-93.75155468018899
639.1038493539362	-93.74860518694267
640.6113311004581	-93.74599326463321
642.11881284698	-93.7436878569026
643.6262945935018	-93.74166060037825
645.1337763400237	-93.7398702493531
646.6412580865456	-93.73829982699556
648.1487398330675	-93.73694339920787
649.6562215795893	-93.73574945967049
651.1637033261112	-93.734696142363
652.6711850726331	-93.73381201625688
654.178666819155	-93.73304765265149
655.6861485656768	-93.73237505391131
657.1936303121987	-93.73179040292219
658.7011120587206	-93.73127882256333
660.2085938052425	-93.73085434462791
661.7160755517643	-93.73053111297648
663.2235572982862	-93.73028957365811
664.7310390448081	-93.7301247919005
666.23852079133	-93.73001968636403
667.7460025378518	-93.72993792537876
669.2534842843737	-93.72988698814089
670.7609660308956	-93.7298903160656
672.2684477774175	-93.72990777371528
673.7759295239393	-93.72993500562477
675.2834112704612	-93.7299817406172
676.7908930169831	-93.73004952836963
678.298374763505	-93.73014806528751
679.8058565100268	-93.73027908531539
682.2081742011396	-93.73053479453664
684.6104918922524	-93.73082940780128
687.0128095833652	-93.7311278938143
689.415127274478	-93.73145985299672
691.8174449655908	-93.73183940836383
694.2197626567036	-93.73222420856767
696.6220803478163	-93.73266597781324
699.0243980389291	-93.73309673446008
700.26171938358	-93.73329462118544
701.499040728231	-93.73349312660399
702.7363620728819	-93.7336925008265
703.9736834175328	-93.73387881879563
705.2110047621837	-93.73405760269134
706.4483261068347	-93.7342348157793
707.6856474514856	-93.73440788395368
708.9229687961365	-93.73458256090098
710.1602901407874	-93.73475838506847
711.3976114854383	-93.73492468955777
712.6349328300893	-93.7350865207949
713.8722541747402	-93.73525460530487
715.1095755193911	-93.73541873528372
716.346896864042	-93.73557571484328
717.584218208693	-93.73574242332514
718.8215395533439	-93.73591310855397
720.0588608979948	-93.73607186144707
721.2961822426457	-93.73623608162059
722.5335035872967	-93.73641280183493
723.7708249319476	-93.73657545739204
725.0081462765985	-93.73671842084505
726.2454676212494	-93.73685361259933
727.4827889659003	-93.73698848310215
728.7201103105513	-93.73712983042127
730.7130882116286	-93.73737354776054
732.7060661127059	-93.73763535400099
734.6990440137832	-93.73791410744631
736.6920219148606	-93.73818502660316
738.6849998159379	-93.73844168033962
740.6779777170152	-93.7387135721486
742.6709556180925	-93.73896792369536
744.6639335191699	-93.73920087707145
746.6569114202472	-93.73941616057108
748.6498893213245	-93.73962245211584
750.6428672224018	-93.73982547789933
752.6358451234792	-93.74002590485284
754.6288230245565	-93.74024358979354
756.6218009256338	-93.74045796239422
758.6147788267111	-93.74065438693833
759.5862952701169	-93.74074286223927
760.5578117135227	-93.74082690341196
761.5293281569285	-93.74090826988211
763.191891169795	-93.74104952404755
765.9557106613134	-93.74126770878465
768.7195301528319	-93.7414825236755
773.3529729355345	-93.74184107939973
780.822080283676	-93.74230106087292
788.2911876318175	-93.74277807570823
795.760294979959	-93.74324106083496
803.2294023281005	-93.74357983313682
810.698509676242	-93.74379661039683
824.2919623045594	-93.74451969757435
837.8854149328769	-93.74444288747564
842.6104649709561	-93.74474289605722
847.3355150090352	-93.74488016701339
852.0605650471144	-93.74506074126542
856.7856150851936	-93.7453315933112
861.5106651232728	-93.7454125890866
866.235715161352	-93.74531290324444
870.9607651994312	-93.74553137505231
872.142027708951	-93.74558228604342
873.3232902184708	-93.7456090976829
874.5045527279906	-93.74563016222146
875.6858152375104	-93.74565890322346
878.295121580755	-93.74570218444059
880.9044279239996	-93.74574855601202
883.5137342672442	-93.7458025545292
888.4394052692323	-93.74584880097552
893.3650762712205	-93.74593661110957
898.2907472732086	-93.74602811357725
903.2164182751967	-93.7460068586101
908.1420892771848	-93.74607634984778
913.067760279173	-93.7461885326192
917.9934312811611	-93.746122286174
922.9191022831492	-93.74614787779636
927.8447732851373	-93.74617048009684
930.9999999999793	-93.74616639113837
931.0000000000103	-93.74616639113837
931.0003456922201	-93.69040040142144
931.0006913844298	-93.64215950213169
931.0012229280965	-93.57670294870174
931.0020640693836	-93.48984403836808
931.0035521646395	-93.36527563231714
931.0050402598954	-93.26379995973339
931.0065283551513	-93.17471507083842
931.0080164504072	-93.09324268201382
931.0107007952402	-92.9584230105428
931.0133851400731	-92.8364786188636
931.017420108962	-92.66970138946729
931.021455077851	-92.51840620647198
931.02549004674	-92.37863091862143
931.0320644572477	-92.16937755436011
931.0386388677554	-91.97790605596091
931.0510105478512	-91.65341978020284
931.063382227947	-91.36230910024997
931.0757539080429	-91.096061440482
931.0881255881387	-90.85036724786504
931.1004972682346	-90.62214324732885
931.1212539800487	-90.2718735593391
931.1420106918628	-89.95433558141055
931.1627674036769	-89.66277992074565
931.1953121607378	-89.24768977265624
931.2278569177987	-88.87325113621812
931.2604016748596	-88.53091353480835
931.3188661705505	-87.97737349572023
931.3773306662413	-87.48417603506061
931.4357951619321	-87.03724315978765
931.4942596576229	-86.62573045362012
931.5527241533138	-86.2411974023871
931.6416279744676	-85.69585455311473
931.7305317956215	-85.18740285104485
931.8194356167753	-84.70806776879868
931.9083394379292	-84.25208541894965
931.997243259083	-83.81491363022009
932.1473644593962	-83.1105448026456
932.2974856597093	-82.44032554237937
932.4476068600225	-81.79838299180706
932.5977280603356	-81.18071490673113
932.7478492606488	-80.5841600131228
933.0021882219095	-79.61525418707258
933.3926811835601	-78.21592334880918
933.7831741452106	-76.91167534254612
934.1736671068612	-75.69475746166728
934.5641600685118	-74.55779270204808
934.9546530301624	-73.49407438115443
935.345145991813	-72.49870274435261
935.7356389534635	-71.56816193555186
936.4226382138651	-70.07815904466516
937.1096374742666	-68.76149549349826
937.7966367346681	-67.60214214844349
938.4836359950697	-66.5844361191695
939.1706352554712	-65.69379740213722
939.8576345158727	-64.91703776218914
940.5446337762743	-64.24204641622613
941.2316330366758	-63.657710314599214
941.9186322970774	-63.15401155312459
942.6056315574789	-62.722095906041815
943.2926308178804	-62.35411292821458
943.979630078282	-62.04315757819807
944.6666293386835	-61.7831905176848
945.353628599085	-61.56903663445545
946.0406278594866	-61.396192389842184
946.5137449063302	-61.29913347840191
946.9868619531738	-61.21859069974147
947.4599790000175	-61.15343014852816
947.9330960468611	-61.10266925180888
948.4062130937048	-61.065499515470414
948.8793301405484	-61.04116612801868
949.352447187392	-61.02891683474205
949.8255642342357	-61.027962760443955
950.2986812810793	-61.03758203517795
950.771798327923	-61.05709273233315
951.2449153747666	-61.085863615642715
951.7180324216102	-61.12328197718053
952.1911494684539	-61.16880119106536
952.6642665152975	-61.221798802910435
953.1373835621412	-61.281639874769326
953.6105006089848	-61.347822607734585
954.0836176558284	-61.4199534137145
954.5567347026721	-61.49760109129328
955.0298517495157	-61.580233295754766
955.5029687963594	-61.66733890753466
955.976085843203	-61.75846141657723
956.4492028900466	-61.85316673609044
956.9223199368903	-61.951027831834665
957.3954369837339	-62.05167845292511
957.8685540305776	-62.15477759443352
958.3416710774212	-62.25996989019098
958.8147881242649	-62.36689466427269
959.2879051711085	-62.47523542569807
959.7610222179521	-62.58471931718058
960.2341392647958	-62.695073472507225
960.7072563116394	-62.80603975359521
961.180373358483	-62.917386547047975
961.6534904053267	-63.02890059810871
962.1266074521703	-63.14038262660281
962.599724499014	-63.251661497795915
963.0728415458576	-63.362582067655566
963.5459585927013	-63.47300336804793
964.0190756395449	-63.58279258172776
964.4921926863885	-63.691820788621435
964.9653097332322	-63.79997283016366
965.4384267800758	-63.90716809205816
965.9115438269195	-64.01334267600264
966.3846608737631	-64.11841804819062
966.8577779206067	-64.22230385795255
967.3308949674504	-64.32492063834728
967.804012014294	-64.42621260104949
968.2771290611377	-64.52613820923263
968.7502461079813	-64.6246646428285
969.2233631548249	-64.72176428135403
969.6964802016686	-64.81741230798124
970.1695972485122	-64.91159012315201
970.6427142953559	-65.00428503836153
971.1158313421995	-65.09548507350648
971.5889483890431	-65.18518347796922
972.0620654358868	-65.2733779217363
972.5351824827304	-65.36006334155101
973.0082995295741	-65.44524178099698
973.4814165764177	-65.52892263702678
973.9545336232613	-65.61110708877641
974.427650670105	-65.69180193859165
974.7552659309926	-65.74682221213186
975.0828811918801	-65.80114983878448
975.4104964527677	-65.85477600617263
975.7381117136553	-65.90769168008391
976.0657269745428	-65.95990245944884
976.3933422354304	-66.01142295743234
976.720957496318	-66.062265493749
977.2735656121199	-66.1465067557608
977.8261737279219	-66.22886543543643
978.3787818437238	-66.3093641858313
978.9313899595257	-66.38802483057013
979.811228959245	-66.50953503254775
980.6910679589643	-66.62656791973394
982.22319446265	-66.82018252589496
983.7553209663357	-67.00127795551303
985.2874474700214	-67.17058874669051
987.6049649135799	-67.40616443780834
989.9224823571384	-67.61825034814532
992.2399998006969	-67.80924786916702
994.5575172442553	-67.98107608288304
996.8750346878138	-68.13553937939011
999.1925521313723	-68.27438692530417
1001.5100695749308	-68.39925288538598
1003.8275870184892	-68.51130395315262
1006.1451044620477	-68.61158285492066
1008.4626219056062	-68.7016609424653
1010.7801393491646	-68.78231101677878
1013.0976567927231	-68.85463670384442
1015.4151742362816	-68.91957609789057
1017.7326916798401	-68.97787823122596
1018.9703047760017	-69.00649182489607
1020.2079178721634	-69.03347560123889
1021.4455309683251	-69.05891403811243
1022.6831440644868	-69.08292275259765
1023.9207571606485	-69.10560683023726
1025.8430199412455	-69.13842296547571
1027.7652827218426	-69.16847568476403
1029.6875455024397	-69.19602289610592
1031.6098082830367	-69.22122779253819
1033.5320710636338	-69.24433845275921
1035.4543338442309	-69.265625812974
1037.376596624828	-69.28519095995873
1039.298859405425	-69.30315590489688
1041.221122186022	-69.31964607429528
1043.1433849666191	-69.33480617356507
1045.0656477472162	-69.34875685896179
1046.9879105278133	-69.36161795793892
1049.9662372681232	-69.37971703476914
1055.8373095926988	-69.4099737151614
1061.7083819172744	-69.43382251993593
1064.4514766303926	-69.4431079389282
1067.1945713435107	-69.45145483671845
1069.9376660566288	-69.45911339335703
1072.680760769747	-69.46628544296304
1075.423855482865	-69.4724737251012
1076.1096291611445	-69.47387360625049
1076.795402839424	-69.47525744419146
1077.4811765177035	-69.47663687030162
1078.166950195983	-69.47799843196947
1078.8527238742624	-69.47934169352445
1079.538497552542	-69.48067308526959
1080.2242712308214	-69.481987076155
1080.9100449091009	-69.4832778398942
1081.5958185873803	-69.48454774147272
1083.362620587454	-69.48770286958657
1085.1294225875279	-69.4907109388424
1086.8962245876016	-69.49357250998779
1088.6630265876754	-69.49626314489333
1091.4358912463385	-69.50026216136926
1094.2087559050017	-69.50393942523804
1096.9816205636648	-69.50738111550615
1099.754485222328	-69.51068726918461
1102.527349880991	-69.51355736865655
1105.3002145396542	-69.51602692123895
1108.0730791983174	-69.51903225466141
1109.1790599025833	-69.5203091540648
1110.2850406068492	-69.52150128879292
1111.391021311115	-69.52260815619658
1112.497002015381	-69.52362211864255
1113.602982719647	-69.52451484042356
1115.607730709406	-69.52597471660344
1117.6124786991652	-69.52726372368627
1119.6172266889243	-69.52853148874493
1121.6219746786835	-69.52979217882155
1123.6267226684427	-69.53083851603373
1125.6314706582018	-69.53184563309398
1127.636218647961	-69.53290584509836
1129.64096663772	-69.53381913098107
1130.999999999975	-69.5343983595055
1131.0000000000127	-69.5343983595055
